-12.9551969732607,-11.9003098675948,1.04665050351079,0.0002,0.00027138438633377,308.15
-11.9400906148618,-11.9008763886177,1.04735022322522,0.0012,0.00162772523095156,308.15
-11.5986341321642,-11.9014405332155,1.04805087024786,0.0022,0.00298309835723694,308.15
-11.3886790486011,-11.9020022965018,1.04875244640468,0.0032,0.00433750480048812,308.15
-11.2371102349603,-11.9025616735885,1.0494549535264,0.0042,0.005690945594527,308.15
-11.1187003469115,-11.9031186595845,1.05015839344849,0.0052,0.00704342177170186,308.15
-11.0217015500169,-11.9036732495965,1.05086276801117,0.0062,0.00839493436288998,308.15
-10.9396794643827,-11.9042254387271,1.05156807905947,0.0072,0.0097454843975002,308.15
-10.8687248093002,-11.9047752220814,1.0522743284432,0.0082,0.0110950729034756,308.15
-10.8062837128669,-11.9053225947582,1.052981518017,0.0092,0.0124437009072962,308.15
-10.7505955431427,-11.9058675518546,1.05368964964032,0.0102,0.0137913694339811,308.15
-10.7003950031778,-11.9064100884678,1.05439872517746,0.0112,0.0151380795070919,308.15
-10.6547421492378,-11.9069501996891,1.0551087464976,0.0122,0.0164838321487345,308.15
-10.6129195970527,-11.9074878806114,1.05581971547476,0.0132,0.017828628379562,308.15
-10.5743673693013,-11.9080231263217,1.05653163398789,0.0142,0.0191724692187775,308.15
-10.5386399668822,-11.9085559319086,1.05724450392084,0.0152,0.0205153556841363,308.15
-10.5053771453246,-11.9090862924544,1.05795832716235,0.0162,0.0218572887919485,308.15
-10.4742834595024,-11.9096142030442,1.05867310560615,0.0172,0.023198269557082,308.15
-10.4451135975578,-11.9101396587567,1.05938884115088,0.0182,0.0245382989929646,308.15
-10.417661642791,-11.9106626546703,1.06010553570019,0.0192,0.0258773781115865,308.15
-10.3917530650112,-11.9111831858618,1.06082319116269,0.0202,0.0272155079235035,308.15
-10.3672386489427,-11.9117012474038,1.06154180945202,0.0212,0.0285526894378386,308.15
-10.3439898233069,-11.9122168343688,1.06226139248681,0.0222,0.0298889236622854,308.15
-10.3218950198665,-11.9127299418282,1.06298194219076,0.0232,0.03122421160311,308.15
-10.300856801382,-11.9132405648482,1.06370346049259,0.0242,0.032558554265154,308.15
-10.2807895714777,-11.9137486984948,1.06442594932612,0.0252,0.0338919526518368,308.15
-10.2616177304433,-11.914254337832,1.06514941063023,0.0262,0.0352244077651578,308.15
-10.2432741766506,-11.9147574779217,1.06587384634892,0.0272,0.0365559206056996,308.15
-10.225699078677,-11.9152581138244,1.06659925843131,0.0282,0.03788649217263,308.15
-10.2088388614794,-11.9157562405971,1.06732564883165,0.0292,0.0392161234637046,308.15
-10.192645363358,-11.9162518532966,1.06805301950933,0.0302,0.0405448154752694,308.15
-10.1770751302954,-11.9167449469766,1.06878137242894,0.0312,0.0418725692022631,308.15
-10.162088821672,-11.9172355166887,1.06951070956023,0.0322,0.0431993856382199,308.15
-10.1476507068743,-11.9177235574849,1.07024103287817,0.0332,0.0445252657752716,308.15
-10.1337282366517,-11.9182090644129,1.07097234436295,0.0342,0.0458502106041502,308.15
-10.1202916762437,-11.9186920325189,1.07170464599997,0.0352,0.0471742211141907,308.15
-10.1073137899289,-11.9191724568481,1.07243793977993,0.0362,0.0484972982933331,308.15
-10.0947695685551,-11.9196503324434,1.07317222769877,0.0372,0.0498194431281249,308.15
-10.0826359932264,-11.9201256543459,1.07390751175774,0.0382,0.051140656603724,308.15
-10.0708918295281,-11.9205984175952,1.07464379396336,0.0392,0.0524609397039006,308.15
-10.0595174476839,-11.9210686172306,1.07538107632752,0.0402,0.05378029341104,308.15
-10.0484946648075,-11.9215362482852,1.07611936086744,0.0412,0.0550987187061449,308.15
-10.0378066060721,-11.9220013057951,1.07685864960567,0.0422,0.0564162165688377,308.15
-10.0274375821545,-11.9224637847927,1.07759894457017,0.0432,0.0577327879773634,308.15
-10.0173729806885,-11.9229236803092,1.07834024779428,0.0442,0.0590484339085913,308.15
-10.0075991698754,-11.9233809873735,1.07908256131676,0.0452,0.0603631553380182,308.15
-9.99810341263898,-11.9238357010139,1.07982588718179,0.0462,0.0616769532397701,308.15
-9.98887378997141,-11.9242878162553,1.08057022743901,0.0472,0.062989828586605,308.15
-9.97989913232209,-11.9247373281241,1.08131558414352,0.0482,0.0643017823499154,308.15
-9.9711689580249,-11.9251842316422,1.0820619593559,0.0492,0.0656128154997305,308.15
-9.96267341792667,-11.925628521832,1.08280935514225,0.0502,0.0669229290047183,308.15
-9.95440324547843,-11.9260701937119,1.08355777357417,0.0512,0.0682321238321887,308.15
-9.9463497116435,-11.9265092423007,1.08430721672881,0.0522,0.0695404009480952,308.15
-9.93850458410728,-11.9269456626177,1.08505768668887,0.0532,0.0708477613170378,308.15
-9.93086009025654,-11.9273794496752,1.08580918554264,0.0542,0.0721542059022649,308.15
-9.9234088835617,-11.9278105984895,1.08656171538399,0.0552,0.073459735665676,308.15
-9.91614401297893,-11.9282391040737,1.08731527831241,0.0562,0.0747643515678239,308.15
-9.90905889504436,-11.928664961438,1.08806987643303,0.0572,0.0760680545679173,308.15
-9.90214728838414,-11.9290881655926,1.0888255118566,0.0582,0.0773708456238227,308.15
-9.89540327040149,-11.9295087115472,1.08958218669958,0.0592,0.0786727256920672,308.15
-9.88882121591936,-11.9299265943085,1.09033990308408,0.0602,0.0799736957278405,308.15
-9.88239577756524,-11.9303418088833,1.09109866313795,0.0612,0.0812737566849975,308.15
-9.8761218677806,-11.9307543502763,1.09185846899474,0.0622,0.0825729095160605,308.15
-9.86999464222153,-11.9311642134904,1.09261932279376,0.0632,0.0838711551722215,308.15
-9.86400948449647,-11.9315713935299,1.09338122668008,0.0642,0.0851684946033445,308.15
-9.8581619920698,-11.9319758853949,1.09414418280455,0.0652,0.0864649287579681,308.15
-9.85244796323833,-11.9323776840869,1.09490819332384,0.0662,0.0877604585833073,308.15
-9.84686338508316,-11.9327767846043,1.09567326040041,0.0672,0.0890550850252564,308.15
-9.84140442232101,-11.9331731819453,1.09643938620258,0.0682,0.0903488090283907,308.15
-9.83606740695048,-11.9335668711068,1.09720657290455,0.0692,0.0916416315359694,308.15
-9.83084882866532,-11.9339578470857,1.09797482268637,0.0702,0.0929335534899373,308.15
-9.82574532591222,-11.934346104876,1.09874413773401,0.0712,0.0942245758309276,308.15
-9.82075367760865,-11.9347316394718,1.09951452023935,0.0722,0.0955146994982638,308.15
-9.81587079540183,-11.935114445867,1.10028597240021,0.0732,0.0968039254299623,308.15
-9.81109371646878,-11.9354945190534,1.10105849642038,0.0742,0.0980922545627344,308.15
-9.80641959679064,-11.9358718540226,1.10183209450962,0.0752,0.0993796878319887,308.15
-9.80184570487882,-11.936246445765,1.10260676888371,0.0762,0.100666226171833,308.15
-9.79736941589899,-11.9366182892707,1.10338252176442,0.0772,0.101951870515078,308.15
-9.79298820618699,-11.9369873795279,1.10415935537958,0.0782,0.103236621793238,308.15
-9.78869964809923,-11.9373537115259,1.10493727196308,0.0792,0.104520480936532,308.15
-9.78450140520232,-11.9377172802501,1.10571627375489,0.0802,0.105803448873889,308.15
-9.78039122773375,-11.9380780806896,1.10649636300108,0.0812,0.10708552653295,308.15
-9.77636694838313,-11.9384361078279,1.10727754195386,0.0822,0.108366714840066,308.15
-9.77242647827827,-11.9387913566527,1.10805981287155,0.0832,0.109647014720307,308.15
-9.76856780325237,-11.9391438221477,1.10884317801866,0.0842,0.110926427097457,308.15
-9.76478898030804,-11.9394934992975,1.10962763966589,0.0852,0.112204952894021,308.15
-9.76108813430153,-11.9398403830867,1.11041320009012,0.0862,0.113482593031227,308.15
-9.75746345480797,-11.9401844684978,1.11119986157447,0.0872,0.114759348429025,308.15
-9.75391319316086,-11.9405257505127,1.11198762640833,0.0882,0.116035220006094,308.15
-9.75043565968066,-11.9408642241149,1.11277649688732,0.0892,0.117310208679839,308.15
-9.74702922103557,-11.9411998842856,1.11356647531339,0.0902,0.118584315366398,308.15
-9.7436922977581,-11.9415327260071,1.11435756399476,0.0912,0.11985754098064,308.15
-9.74042336189481,-11.9418627442615,1.11514976524603,0.0922,0.12112988643617,308.15
-9.73722093478843,-11.9421899340271,1.11594308138812,0.0932,0.12240135264533,308.15
-9.73408358495029,-11.9425142902892,1.11673751474834,0.0942,0.123671940519202,308.15
-9.7310099261036,-11.9428358080218,1.1175330676604,0.0952,0.12494165096761,308.15
-9.72799861526781,-11.9431544822114,1.11832974246443,0.0962,0.126210484899121,308.15
-9.72504835097218,-11.943470307836,1.119127541507,0.0972,0.127478443221047,308.15
-9.72215787155166,-11.9437832798724,1.11992646714114,0.0982,0.128745526839452,308.15
-9.71932595356225,-11.9440933933074,1.12072652172638,0.0992,0.130011736659145,308.15
-9.71655141018586,-11.9444006431155,1.12152770762874,0.1002,0.131277073583693,308.15
-9.71383308985507,-11.9447050242788,1.12233002722079,0.1012,0.132541538515412,308.15
-9.7111698747876,-11.9450065317778,1.12313348288164,0.1022,0.133805132355381,308.15
-9.70856067973571,-11.9453051605906,1.12393807699698,0.1032,0.135067856003432,308.15
-9.70600445067942,-11.9456009057011,1.1247438119591,0.1042,0.136329710358162,308.15
-9.70350016367873,-11.9458937620856,1.12555069016691,0.1052,0.137590696316929,308.15
-9.70104682368506,-11.9461837247278,1.12635871402596,0.1062,0.138850814775858,308.15
-9.69864346351114,-11.9464707886087,1.12716788594846,0.1072,0.14011006662984,308.15
-9.69628914274434,-11.9467549487066,1.12797820835334,0.1082,0.141368452772537,308.15
-9.69398294680534,-11.947036200006,1.1287896836662,0.1092,0.142625974096381,308.15
-9.6917239859789,-11.9473145374874,1.12960231431941,0.1102,0.14388263149258,308.15
-9.68951139452028,-11.9475899561353,1.13041610275208,0.1112,0.145138425851115,308.15
-9.6873443298048,-11.9478624509284,1.13123105141011,0.1122,0.146393358060747,308.15
-9.6852219714946,-11.9481320168531,1.13204716274619,0.1132,0.147647429009017,308.15
-9.68314352076309,-11.9483986488935,1.13286443921986,0.1142,0.148900639582248,308.15
-9.68110819954553,-11.9486623420335,1.1336828832975,0.1152,0.150152990665546,308.15
-9.6791152498063,-11.9489230912569,1.13450249745237,0.1162,0.151404483142805,308.15
-9.6771639328807,-11.949180891552,1.13532328416464,0.1172,0.152655117896707,308.15
-9.67525352878533,-11.9494357379027,1.13614524592137,0.1182,0.153904895808725,308.15
-9.67338333560648,-11.9496876252985,1.13696838521661,0.1192,0.155153817759122,308.15
-9.67155266887934,-11.9499365487283,1.13779270455135,0.1202,0.15640188462696,308.15
-9.66976086104176,-11.9501825031768,1.1386182064336,0.1212,0.157649097290093,308.15
-9.66800726083479,-11.950425483639,1.13944489337836,0.1222,0.158895456625177,308.15
-9.66629123281616,-11.9506654851035,1.14027276790771,0.1232,0.160140963507668,308.15
-9.66461215680945,-11.9509025025613,1.14110183255078,0.1242,0.161385618811825,308.15
-9.66296942744114,-11.9511365310073,1.14193208984379,0.1252,0.162629423410711,308.15
-9.66136245365395,-11.9513675654357,1.14276354233008,0.1262,0.163872378176196,308.15
-9.65979065825107,-11.951595600841,1.14359619256015,0.1272,0.165114483978961,308.15
-9.6582534774897,-11.9518206322189,1.14443004309164,0.1282,0.166355741688496,308.15
-9.65675036062717,-11.9520426545684,1.14526509648941,0.1292,0.167596152173104,308.15
-9.65528076953397,-11.9522616628892,1.14610135532552,0.1302,0.168835716299905,308.15
-9.65384417832034,-11.9524776521824,1.14693882217927,0.1312,0.170074434934833,308.15
-9.65244007294739,-11.9526906174466,1.14777749963726,0.1322,0.171312308942645,308.15
-9.65106795087094,-11.9529005536887,1.14861739029334,0.1332,0.172549339186915,308.15
-9.64972732070808,-11.9531074559112,1.14945849674872,0.1342,0.173785526530044,308.15
-9.64841770188953,-11.9533113191218,1.15030082161193,0.1352,0.175020871833256,308.15
-9.64713862435829,-11.9535121383303,1.15114436749886,0.1362,0.176255375956601,308.15
-9.64588962825655,-11.9537099085427,1.15198913703284,0.1372,0.177489039758961,308.15
-9.64467026360526,-11.9539046247744,1.15283513284458,0.1382,0.178721864098048,308.15
-9.64348009006818,-11.9540962820371,1.15368235757227,0.1392,0.179953849830405,308.15
-9.64231867661808,-11.9542848753463,1.15453081386155,0.1402,0.181184997811414,308.15
-9.6411856013232,-11.954470399721,1.15538050436556,0.1412,0.182415308895291,308.15
-9.64008045105303,-11.9546528501771,1.15623143174501,0.1422,0.183644783935092,308.15
-9.63900282124776,-11.9548322217387,1.1570835986681,0.1432,0.184873423782714,308.15
-9.6379523156845,-11.9550085094273,1.15793700781066,0.1442,0.186101229288898,308.15
-9.63692854622903,-11.9551817082708,1.15879166185612,0.1452,0.187328201303228,308.15
-9.63593113263257,-11.9553518132947,1.15964756349551,0.1462,0.188554340674137,308.15
-9.63495970229974,-11.9555188195311,1.16050471542757,0.1472,0.189779648248905,308.15
-9.63401389010728,-11.9556827220096,1.1613631203587,0.1482,0.191004124873663,308.15
-9.63309333814808,-11.9558435157678,1.162222781003,0.1492,0.192227771393397,308.15
-9.63219769560863,-11.9560011958424,1.16308370008236,0.1502,0.193450588651945,308.15
-9.63132661853465,-11.9561557572722,1.1639458803264,0.1512,0.194672577492004,308.15
-9.63047976965342,-11.9563071951004,1.16480932447255,0.1522,0.195893738755127,308.15
-9.62965681821544,-11.9564555043721,1.16567403526607,0.1532,0.197114073281729,308.15
-9.62885743981536,-11.956600680134,1.16654001546006,0.1542,0.198333581911088,308.15
-9.62808131622078,-11.956742717439,1.16740726781552,0.1552,0.199552265481346,308.15
-9.62732813522968,-11.9568816113371,1.16827579510134,0.1562,0.20077012482951,308.15
-9.62659759050671,-11.9570173568878,1.16914560009437,0.1572,0.201987160791457,308.15
-9.62588938141423,-11.9571499491493,1.17001668557939,0.1582,0.203203374201933,308.15
-9.62520321290888,-11.9572793831846,1.1708890543492,0.1592,0.204418765894557,308.15
-9.62453879537153,-11.9574056540593,1.17176270920463,0.1602,0.20563333670182,308.15
-9.62389584449566,-11.9575287568398,1.17263765295454,0.1612,0.206847087455091,308.15
-9.62327408112171,-11.9576486866008,1.17351388841587,0.1622,0.208060018984616,308.15
-9.62267323114031,-11.9577654384177,1.17439141841367,0.1632,0.20927213211952,308.15
-9.6220930253479,-11.9578790073684,1.17527024578115,0.1642,0.21048342768781,308.15
-9.6215331993581,-11.957989388534,1.17615037335966,0.1652,0.211693906516377,308.15
-9.62099349343633,-11.9580965770018,1.17703180399875,0.1662,0.212903569430997,308.15
-9.62047365243508,-11.9582005678614,1.1779145405562,0.1672,0.214112417256332,308.15
-9.61997342565964,-11.9583013562059,1.17879858589804,0.1682,0.215320450815934,308.15
-9.61949256677157,-11.958398937131,1.17968394289859,0.1692,0.216527670932245,308.15
-9.61903083367995,-11.9584933057369,1.18057061444049,0.1702,0.217734078426603,308.15
-9.61858798843144,-11.9585844571316,1.18145860341469,0.1712,0.218939674119236,308.15
-9.61816379714687,-11.9586723864201,1.18234791272056,0.1722,0.220144458829271,308.15
-9.61775802988655,-11.9587570887181,1.18323854526583,0.1732,0.221348433374734,308.15
-9.61737046059036,-11.9588385591409,1.1841305039667,0.1742,0.222551598572549,308.15
-9.61700086696401,-11.9589167928108,1.18502379174781,0.1752,0.223753955238545,308.15
-9.61664903042115,-11.9589917848512,1.18591841154231,0.1762,0.224955504187451,308.15
-9.61631473598027,-11.9590635303933,1.18681436629187,0.1772,0.226156246232906,308.15
-9.61599777216386,-11.9591320245722,1.1877116589467,0.1782,0.227356182187453,308.15
-9.61569793096495,-11.959197262526,1.18861029246561,0.1792,0.228555312862546,308.15
-9.6154150077593,-11.9592592393968,1.18951026981605,0.1802,0.22975363906855,308.15
-9.6151488011739,-11.9593179503376,1.19041159397408,0.1812,0.230951161614745,308.15
-9.61489911310222,-11.9593733904951,1.19131426792447,0.1822,0.232147881309321,308.15
-9.61466574856494,-11.9594255550313,1.19221829466068,0.1832,0.233343798959391,308.15
-9.61444851567343,-11.9594744391085,1.19312367718492,0.1842,0.23453891537098,308.15
-9.61424722555397,-11.9595200378937,1.19403041850819,0.1852,0.235733231349039,308.15
-9.6140616922857,-11.9595623465618,1.19493852165028,0.1862,0.236926747697437,308.15
-9.61389173283053,-11.9596013602913,1.19584798963982,0.1872,0.23811946521897,308.15
-9.61373716697589,-11.9596370742637,1.19675882551431,0.1882,0.239311384715358,308.15
-9.61359781727596,-11.9596694836706,1.19767103232018,0.1892,0.240502506987248,308.15
-9.61347350900679,-11.9596985837039,1.19858461311275,0.1902,0.241692832834218,308.15
-9.61336407005703,-11.9597243695674,1.19949957095635,0.1912,0.242882363054776,308.15
-9.61326933095154,-11.9597468364633,1.20041590892428,0.1922,0.244071098446363,308.15
-9.61318912471602,-11.9597659796059,1.20133363009889,0.1932,0.245259039805355,308.15
-9.6131232869016,-11.959781794212,1.20225273757159,0.1942,0.246446187927064,308.15
-9.61307165546268,-11.959794275506,1.2031732344429,0.1952,0.247632543605741,308.15
-9.6130340707517,-11.9598034187181,1.20409512382246,0.1962,0.248818107634577,308.15
-9.61301037547514,-11.9598092190808,1.20501840882908,0.1972,0.250002880805704,308.15
-9.61300041459784,-11.9598116718387,1.20594309259078,0.1982,0.251186863910197,308.15
-9.61300403535046,-11.9598107722409,1.2068691782448,0.1992,0.252370057738078,308.15
-9.61302108714824,-11.9598065155415,1.20779666893765,0.2002,0.253552463078314,308.15
-9.61305142156437,-11.9597988970015,1.20872556782514,0.2012,0.254734080718824,308.15
-9.61309489229689,-11.9597879118877,1.20965587807244,0.2022,0.255914911446474,308.15
-9.61315135508537,-11.9597735554797,1.21058760285405,0.2032,0.257094956047084,308.15
-9.613220667723,-11.9597558230527,1.21152074535391,0.2042,0.258274215305429,308.15
-9.61330268997192,-11.9597347099007,1.21245530876536,0.2052,0.259452690005237,308.15
-9.61339728355221,-11.959710211319,1.21339129629125,0.2062,0.260630380929197,308.15
-9.6135043121008,-11.9596823226077,1.21432871114393,0.2072,0.261807288858953,308.15
-9.61362364112538,-11.9596510390776,1.21526755654529,0.2082,0.262983414575115,308.15
-9.61375513795274,-11.9596163560496,1.21620783572678,0.2092,0.264158758857252,308.15
-9.61389867174296,-11.9595782688454,1.21714955192949,0.2102,0.265333322483898,308.15
-9.61405411340743,-11.9595367727974,1.21809270840416,0.2112,0.266507106232555,308.15
-9.61422133559099,-11.9594918632503,1.2190373084112,0.2122,0.26768011087969,308.15
-9.61440021264578,-11.959443535547,1.21998335522075,0.2132,0.268852337200742,308.15
-9.61459062058803,-11.9593917850452,1.2209308521127,0.2142,0.270023785970121,308.15
-9.6147924370768,-11.9593366071129,1.22187980237674,0.2152,0.271194457961209,308.15
-9.61500554137736,-11.9592779971171,1.2228302093124,0.2162,0.272364353946362,308.15
-9.61522981432504,-11.9592159504419,1.22378207622904,0.2172,0.273533474696916,308.15
-9.61546513831683,-11.9591504624759,1.22473540644596,0.2182,0.27470182098318,308.15
-9.61571139726103,-11.9590815286166,1.22569020329239,0.2192,0.275869393574447,308.15
-9.61596847656523,-11.9590091442678,1.22664647010753,0.2202,0.277036193238988,308.15
-9.61623626307589,-11.9589333048479,1.22760421024058,0.2212,0.278202220744062,308.15
-9.61651464512247,-11.9588540057782,1.22856342705084,0.2222,0.279367476855907,308.15
-9.61680351240553,-11.9587712424924,1.22952412390764,0.2232,0.280531962339752,308.15
-9.61710275603509,-11.9586850104311,1.23048630419048,0.2242,0.281695677959812,308.15
-9.61741226846574,-11.9585953050478,1.23144997128898,0.2252,0.282858624479292,308.15
-9.61773194349148,-11.9585021218032,1.232415128603,0.2262,0.284020802660389,308.15
-9.61806167624048,-11.9584054561638,1.23338177954264,0.2272,0.285182213264294,308.15
-9.61840136311645,-11.9583053036098,1.23434992752825,0.2282,0.286342857051191,308.15
-9.61875090176663,-11.9582016596349,1.23531957599051,0.2292,0.287502734780262,308.15
-9.61911019113954,-11.9580945197309,1.23629072837048,0.2302,0.288661847209686,308.15
-9.61947913133227,-11.9579838794164,1.23726338811956,0.2312,0.289820195096643,308.15
-9.61985762370576,-11.9578697342015,1.23823755869963,0.2322,0.290977779197314,308.15
-9.6202455707849,-11.9577520796208,1.23921324358303,0.2332,0.292134600266883,308.15
-9.6206428762246,-11.9576309112118,1.2401904462526,0.2342,0.293290659059539,308.15
-9.62104944486356,-11.9575062245267,1.24116917020175,0.2352,0.294445956328476,308.15
-9.62146518262869,-11.9573780151258,1.24214941893446,0.2362,0.295600492825899,308.15
-9.62188999656503,-11.9572462785789,1.24313119596536,0.2372,0.296754269303019,308.15
-9.62232379479439,-11.9571110104728,1.24411450481974,0.2382,0.297907286510061,308.15
-9.62276648649165,-11.9569722063993,1.2450993490336,0.2392,0.299059545196263,308.15
-9.62321798190857,-11.9568298619608,1.2460857321537,0.2402,0.300211046109876,308.15
-9.62367819228255,-11.956683972779,1.24707365773757,0.2412,0.301361789998167,308.15
-9.62414702991561,-11.9565345344766,1.24806312935362,0.2422,0.302511777607422,308.15
-9.62462440803141,-11.9563815426956,1.24905415058107,0.2432,0.303661009682947,308.15
-9.62511024090133,-11.9562249930885,1.25004672501011,0.2442,0.304809486969067,308.15
-9.62560444373189,-11.9560648813156,1.25104085624187,0.2452,0.305957210209131,308.15
-9.6261069326457,-11.9559012030535,1.25203654788844,0.2462,0.307104180145511,308.15
-9.62661762476278,-11.955733953989,1.25303380357303,0.2472,0.308250397519606,308.15
-9.62713643802934,-11.9555631298242,1.25403262692985,0.2482,0.309395863071843,308.15
-9.6276632913699,-11.9553887262694,1.25503302160427,0.2492,0.310540577541676,308.15
-9.62819810455628,-11.9552107390485,1.25603499125284,0.2502,0.31168454166759,308.15
-9.62874079822883,-11.9550291639036,1.25703853954329,0.2512,0.312827756187105,308.15
-9.62929129391114,-11.9548439965793,1.25804367015462,0.2522,0.31397022183677,308.15
-9.62984951392641,-11.9546552328451,1.25905038677711,0.2532,0.315111939352174,308.15
-9.63041538145361,-11.9544628684769,1.26005869311238,0.2542,0.316252909467939,308.15
-9.63098882051073,-11.9542668992637,1.26106859287346,0.2552,0.317393132917729,308.15
-9.63156975587181,-11.9540673210109,1.26208008978475,0.2562,0.318532610434246,308.15
-9.63215811311967,-11.9538641295367,1.26309318758216,0.2572,0.319671342749233,308.15
-9.63275381861886,-11.9536573206739,1.26410789001308,0.2582,0.320809330593478,308.15
-9.63335679951082,-11.9534468902669,1.26512420083651,0.2592,0.321946574696814,308.15
-9.63396698365969,-11.9532328341778,1.26614212382298,0.2602,0.323083075788119,308.15
-9.63458429968718,-11.9530151482822,1.26716166275469,0.2612,0.324218834595318,308.15
-9.63520867695814,-11.952793828465,1.26818282142557,0.2622,0.325353851845387,308.15
-9.63584004553168,-11.9525688706353,1.26920560364122,0.2632,0.326488128264355,308.15
-9.63647833618481,-11.9523402707127,1.27023001321905,0.2642,0.327621664577298,308.15
-9.63712348040534,-11.952108024627,1.27125605398832,0.2652,0.328754461508352,308.15
-9.63777541034519,-11.9518721283288,1.27228372979011,0.2662,0.329886519780705,308.15
-9.63843405883387,-11.9516325777865,1.27331304447744,0.2672,0.331017840116603,308.15
-9.63909935936433,-11.9513893689793,1.27434400191527,0.2682,0.332148423237352,308.15
-9.63977124610016,-11.9511424979022,1.27537660598062,0.2692,0.333278269863315,308.15
-9.64044965384716,-11.9508919605694,1.27641086056251,0.2702,0.334407380713921,308.15
-9.64113451802043,-11.9506377530099,1.27744676956208,0.2712,0.335535756507659,308.15
-9.64182577468439,-11.9503798712686,1.27848433689261,0.2722,0.336663397962085,308.15
-9.64252336051675,-11.9501183114062,1.2795235664796,0.2732,0.33779030579382,308.15
-9.64322721278026,-11.9498530695056,1.28056446226074,0.2742,0.338916480718552,308.15
-9.6439372693879,-11.9495841416535,1.28160702818609,0.2752,0.340041923451041,308.15
-9.64465346877439,-11.9493115239702,1.28265126821796,0.2762,0.341166634705117,308.15
-9.64537574999265,-11.949035212583,1.28369718633109,0.2772,0.342290615193681,308.15
-9.64610405267224,-11.948755203638,1.28474478651266,0.2782,0.343413865628708,308.15
-9.64683831697807,-11.9484714933022,1.28579407276229,0.2792,0.344536386721251,308.15
-9.64757848365339,-11.948184077758,1.28684504909217,0.2802,0.345658179181437,308.15
-9.64832449396977,-11.9478929532072,1.28789771952704,0.2812,0.346779243718472,308.15
-9.64907628974998,-11.9475981158669,1.28895208810429,0.2822,0.347899581040644,308.15
-9.64983381334537,-11.9472995619783,1.29000815887397,0.2832,0.34901919185532,308.15
-9.65059700762419,-11.9469972877953,1.29106593589887,0.2842,0.350138076868951,308.15
-9.65136581597385,-11.9466912895941,1.29212542325453,0.2852,0.351256236787071,308.15
-9.65214018227971,-11.9463815636723,1.29318662502934,0.2862,0.352373672314303,308.15
-9.65292005095224,-11.9460681063407,1.29424954532457,0.2872,0.353490384154353,308.15
-9.65370536686685,-11.9457509139315,1.29531418825438,0.2882,0.354606373010019,308.15
-9.65449607540479,-11.9454299828019,1.29638055794595,0.2892,0.355721639583189,308.15
-9.65529212240832,-11.9451053093234,1.29744865853946,0.2902,0.356836184574841,308.15
-9.65609345421209,-11.9447768898874,1.29851849418818,0.2912,0.357950008685048,308.15
-9.65690001759329,-11.9444447209122,1.29959006905849,0.2922,0.359063112612977,308.15
-9.65771175981012,-11.9441087988298,1.30066338732999,0.2932,0.360175497056891,308.15
-9.6585286285553,-11.9437691200963,1.30173845319546,0.2942,0.36128716271415,308.15
-9.65935057198614,-11.9434256811864,1.30281527086103,0.2952,0.362398110281215,308.15
-9.6601775386849,-11.9430784785988,1.30389384454612,0.2962,0.363508340453646,308.15
-9.66100947766547,-11.9427275088534,1.30497417848355,0.2972,0.364617853926105,308.15
-9.66184633837502,-11.9423727684909,1.30605627691959,0.2982,0.365726651392358,308.15
-9.66268807069855,-11.9420142540713,1.30714014411401,0.2992,0.366834733545276,308.15
-9.6635346248961,-11.9416519621857,1.3082257843401,0.3002,0.367942101076835,308.15
-9.66438595167418,-11.9412858894365,1.3093132018848,0.3012,0.369048754678121,308.15
-9.6652420021274,-11.9409160324565,1.31040240104867,0.3022,0.370154695039326,308.15
-9.66610272775634,-11.9405423878975,1.311493386146,0.3032,0.371259922849756,308.15
-9.66696808044252,-11.9401649524374,1.31258616150484,0.3042,0.372364438797827,308.15
-9.66783801246604,-11.9397837227761,1.31368073146704,0.3052,0.373468243571069,308.15
-9.66871247649336,-11.9393986956345,1.31477710038837,0.3062,0.374571337856127,308.15
-9.66959142554702,-11.9390098677612,1.31587527263849,0.3072,0.375673722338763,308.15
-9.67047481304438,-11.9386172359297,1.31697525260105,0.3082,0.376775397703855,308.15
-9.6713625927586,-11.9382207969323,1.31807704467377,0.3092,0.377876364635401,308.15
-9.67225471880789,-11.937820547596,1.31918065326841,0.3102,0.378976623816521,308.15
-9.67315114572274,-11.9374164847552,1.32028608281097,0.3112,0.380076175929455,308.15
-9.67405182831456,-11.9370086052908,1.32139333774157,0.3122,0.381175021655568,308.15
-9.67495672179162,-11.9365969060957,1.32250242251465,0.3132,0.382273161675348,308.15
-9.67586578168622,-11.9361813840882,1.32361334159895,0.3142,0.383370596668411,308.15
-9.67677896387402,-11.9357620362192,1.3247260994776,0.3152,0.3844673273135,308.15
-9.67769622454824,-11.9353388594632,1.32584070064816,0.3162,0.385563354288486,308.15
-9.67861752026815,-11.9349118508192,1.32695714962272,0.3172,0.386658678270372,308.15
-9.67954280787775,-11.9344810073135,1.32807545092786,0.3182,0.387753299935292,308.15
-9.68047204456134,-11.9340463259998,1.32919560910482,0.3192,0.388847219958513,308.15
-9.68140518781328,-11.9336078039628,1.3303176287095,0.3202,0.389940439014439,308.15
-9.68234219544459,-11.9331654383094,1.33144151431253,0.3212,0.391032957776605,308.15
-9.68328302558078,-11.9327192261758,1.33256727049933,0.3222,0.392124776917688,308.15
-9.68422763662044,-11.9322691647289,1.33369490187014,0.3232,0.393215897109502,308.15
-9.68517598730795,-11.9318152511589,1.33482441304017,0.3242,0.394306319023002,308.15
-9.68612803663756,-11.9313574826924,1.33595580863953,0.3252,0.395396043328281,308.15
-9.68708374392795,-11.9308958565758,1.33708909331341,0.3262,0.396485070694581,308.15
-9.68804306877379,-11.9304303700937,1.33822427172205,0.3272,0.397573401790282,308.15
-9.68900597104988,-11.9299610205556,1.33936134854088,0.3282,0.398661037282914,308.15
-9.68997241092483,-11.929487805298,1.34050032846051,0.3292,0.399747977839152,308.15
-9.6909423488341,-11.9290107216919,1.34164121618684,0.3302,0.400834224124819,308.15
-9.69191574548127,-11.9285297671393,1.34278401644109,0.3312,0.40191977680489,308.15
-9.69289256186289,-11.9280449390725,1.3439287339599,0.3322,0.403004636543488,308.15
-9.6938727591995,-11.9275562349529,1.34507537349533,0.3332,0.404088804003891,308.15
-9.69485629901514,-11.9270636522763,1.346223939815,0.3342,0.405172279848529,308.15
-9.69584314308692,-11.926567188557,1.34737443770212,0.3352,0.406255064738988,308.15
-9.69683325343969,-11.9260668413739,1.3485268719555,0.3362,0.407337159336011,308.15
-9.6978265923326,-11.9255626083002,1.34968124738971,0.3372,0.408418564299496,308.15
-9.69882312231223,-11.9250544869622,1.35083756883507,0.3382,0.409499280288504,308.15
-9.69982280615295,-11.9245424750137,1.35199584113777,0.3392,0.410579307961254,308.15
-9.70082560685183,-11.9240265701504,1.35315606915985,0.3402,0.411658647975128,308.15
-9.70183148768286,-11.9235067700889,1.35431825777937,0.3412,0.41273730098667,308.15
-9.70284041215258,-11.9229830725879,1.35548241189044,0.3422,0.413815267651588,308.15
-9.7038523439606,-11.922455475438,1.35664853640318,0.3432,0.41489254862476,308.15
-9.70486724709185,-11.9219239764645,1.35781663624398,0.3442,0.415969144560225,308.15
-9.70588508572948,-11.9213885735247,1.35898671635541,0.3452,0.417045056111195,308.15
-9.70690582427512,-11.9208492645192,1.36015878169633,0.3462,0.41812028393005,308.15
-9.70792942737272,-11.9203060473814,1.361332837242,0.3472,0.419194828668341,308.15
-9.70895585987671,-11.9197589200721,1.36250888798409,0.3482,0.420268690976793,308.15
-9.70998508687927,-11.919207880597,1.36368693893081,0.3492,0.421341871505303,308.15
-9.71101707363036,-11.918652927001,1.36486699510685,0.3502,0.422414370902942,308.15
-9.71205178566261,-11.9180940573553,1.36604906155364,0.3512,0.423486189817961,308.15
-9.71308918865039,-11.9175312697841,1.36723314332922,0.3522,0.424557328897786,308.15
-9.71412924854839,-11.9169645624267,1.36841924550852,0.3532,0.425627788789022,308.15
-9.7151719314511,-11.9163939334818,1.3696073731832,0.3542,0.426697570137455,308.15
-9.71621720368143,-11.9158193811798,1.3707975314619,0.3552,0.427766673588053,308.15
-9.71726503174802,-11.9152409037883,1.37198972547019,0.3562,0.428835099784965,308.15
-9.71831538238394,-11.9146584996133,1.37318396035076,0.3572,0.429902849371526,308.15
-9.71936822248678,-11.9140721670009,1.37438024126339,0.3582,0.430969922990257,308.15
-9.72042351913808,-11.9134819043443,1.375578573385,0.3592,0.432036321282862,308.15
-9.7214812396406,-11.9128877100683,1.37677896190985,0.3602,0.433102044890238,308.15
-9.72254135148033,-11.912289582639,1.37798141204955,0.3612,0.434167094452467,308.15
-9.72360382231625,-11.9116875205638,1.37918592903308,0.3622,0.435231470608825,308.15
-9.72466861996104,-11.9110815224036,1.38039251810685,0.3632,0.436295173997777,308.15
-9.7257357124699,-11.9104715867416,1.38160118453494,0.3642,0.437358205256982,308.15
-9.7268050680074,-11.9098577122209,1.38281193359894,0.3652,0.438420565023296,308.15
-9.72787665497933,-11.9092398975163,1.38402477059824,0.3662,0.439482253932767,308.15
-9.72895044192953,-11.9086181413451,1.38523970084997,0.3672,0.440543272620641,308.15
-9.73002639754794,-11.9079924424838,1.38645672968905,0.3682,0.441603621721363,308.15
-9.73110449075902,-11.9073627997274,1.38767586246843,0.3692,0.442663301868579,308.15
-9.73218469059509,-11.9067292119393,1.38889710455896,0.3702,0.443722313695131,308.15
-9.73326696628679,-11.9060916780153,1.39012046134963,0.3712,0.444780657833068,308.15
-9.73435128719594,-11.9054501969033,1.39134593824751,0.3722,0.445838334913639,308.15
-9.73543762289816,-11.9048047675857,1.39257354067799,0.3732,0.446895345567299,308.15
-9.73652594308659,-11.9041553890988,1.3938032740847,0.3742,0.447951690423709,308.15
-9.73761621760121,-11.9035020605312,1.39503514392962,0.3752,0.449007370111736,308.15
-9.73870841648279,-11.902844780996,1.39626915569328,0.3762,0.450062385259456,308.15
-9.73980250988747,-11.9021835496984,1.39750531487461,0.3772,0.451116736494154,308.15
-9.74089846814941,-11.9015183658339,1.39874362699131,0.3782,0.452170424442326,308.15
-9.74199626172222,-11.9008492286924,1.39998409757963,0.3792,0.45322344972968,308.15
-9.74309586123681,-11.9001761375853,1.40122673219467,0.3802,0.454275812981137,308.15
-9.74419723745436,-11.8994990918864,1.40247153641034,0.3812,0.455327514820833,308.15
-9.74530036126952,-11.8988180910184,1.40371851581947,0.3822,0.45637855587212,308.15
-9.74640520374767,-11.8981331344532,1.40496767603393,0.3832,0.457428936757565,308.15
-9.7475117360741,-11.8974442217093,1.40621902268465,0.3842,0.458478658098956,308.15
-9.74861992959937,-11.8967513523548,1.40747256142178,0.3852,0.459527720517298,308.15
-9.7497297557683,-11.8960545260191,1.40872829791462,0.3862,0.460576124632818,308.15
-9.75084118619677,-11.8953537423759,1.40998623785189,0.3872,0.461623871064964,308.15
-9.7519541926164,-11.8946490011543,1.41124638694166,0.3882,0.462670960432408,308.15
-9.75306874690274,-11.8939403021372,1.41250875091154,0.3892,0.463717393353045,308.15
-9.7541848210622,-11.8932276451576,1.4137733355087,0.3902,0.464763170443997,308.15
-9.7553023872205,-11.8925110301068,1.41504014649997,0.3912,0.465808292321611,308.15
-9.75642141764662,-11.891790456921,1.41630918967194,0.3922,0.466852759601464,308.15
-9.75754188471045,-11.8910659256098,1.41758047083097,0.3932,0.467896572898359,308.15
-9.75866376094046,-11.8903374362164,1.41885399580343,0.3942,0.468939732826334,308.15
-9.7597870189729,-11.8896049888549,1.42012977043562,0.3952,0.469982239998654,308.15
-9.76091163154964,-11.8888685836944,1.42140780059392,0.3962,0.471024095027818,308.15
-9.76203757155845,-11.8881282209537,1.42268809216491,0.3972,0.472065298525562,308.15
-9.76316481199896,-11.8873839009181,1.42397065105541,0.3982,0.473105851102852,308.15
-9.76429332596527,-11.8866356239255,1.42525548319257,0.3992,0.474145753369894,308.15
-9.76542308671366,-11.8858833903726,1.42654259452402,0.4002,0.475185005936131,308.15
-9.76655406756531,-11.88512720072,1.42783199101782,0.4012,0.476223609410244,308.15
-9.76768624199985,-11.8843670554775,1.42912367866274,0.4022,0.477261564400154,308.15
-9.76881958358412,-11.8836029552263,1.43041766346817,0.4032,0.478298871513024,308.15
-9.76995406598002,-11.882834900608,1.43171395146426,0.4042,0.479335531355256,308.15
-9.77108966301456,-11.8820628923134,1.43301254870215,0.4052,0.480371544532501,308.15
-9.7722263485504,-11.8812869311131,1.43431346125379,0.4062,0.481406911649649,308.15
-9.77336409660267,-11.8805070178281,1.43561669521227,0.4072,0.48244163331084,308.15
-9.7745028813032,-11.8797231533382,1.43692225669185,0.4082,0.483475710119459,308.15
-9.77564267685813,-11.8789353386,1.43823015182796,0.4092,0.484509142678139,308.15
-9.77678345758047,-11.8781435746289,1.43954038677736,0.4102,0.485541931588763,308.15
-9.77792519790935,-11.8773478624988,1.44085296771829,0.4112,0.486574077452465,308.15
-9.77906787234599,-11.8765482033598,1.44216790085041,0.4122,0.48760558086963,308.15
-9.7802114555125,-11.8757445984249,1.44348519239503,0.4132,0.488636442439895,308.15
-9.78135592214001,-11.8749370489671,1.44480484859517,0.4142,0.489666662762152,308.15
-9.78250124706965,-11.8741255563255,1.44612687571569,0.4152,0.490696242434548,308.15
-9.78364740516799,-11.8733101219216,1.44745128004317,0.4162,0.491725182054487,308.15
-9.78479437147997,-11.8724907472348,1.44877806788635,0.4172,0.492753482218629,308.15
-9.78594212109651,-11.8716674338118,1.45010724557595,0.4182,0.493781143522894,308.15
-9.78709062920993,-11.8708401832747,1.45143881946488,0.4192,0.494808166562461,308.15
-9.7882398711033,-11.8700089973137,1.45277279592832,0.4202,0.495834551931769,308.15
-9.78938982216911,-11.8691738776857,1.45410918136384,0.4212,0.496860300224521,308.15
-9.79054045788692,-11.8683348262225,1.45544798219149,0.4222,0.497885412033682,308.15
-9.79169175377771,-11.8674918448339,1.45678920485378,0.4232,0.498909887951483,308.15
-9.7928436855002,-11.8666449354968,1.45813285581597,0.4242,0.499933728569417,308.15
-9.79399622879065,-11.8657941002579,1.45947894156608,0.4252,0.500956934478247,308.15
-9.79514935946446,-11.8649393412428,1.46082746861497,0.4262,0.501979506268003,308.15
-9.79630305341272,-11.8640806606515,1.46217844349644,0.4272,0.503001444527982,308.15
-9.7974572866303,-11.863218060761,1.46353187276739,0.4282,0.504022749846754,308.15
-9.79861203518159,-11.8623515439203,1.46488776300787,0.4292,0.505043422812158,308.15
-9.79976727521196,-11.8614811125605,1.46624612082117,0.4302,0.506063464011305,308.15
-9.80092298293866,-11.8606067691862,1.46760695283396,0.4312,0.507082874030582,308.15
-9.80207913467716,-11.8597285163829,1.46897026569637,0.4322,0.508101653455648,308.15
-9.80323570682625,-11.8588463568069,1.47033606608217,0.4332,0.509119802871438,308.15
-9.80439267582261,-11.857960293212,1.47170436068868,0.4342,0.510137322862166,308.15
-9.80555001823752,-11.8570703284118,1.47307515623713,0.4352,0.511154214011321,308.15
-9.8067077106706,-11.856176465315,1.47444845947255,0.4362,0.512170476901672,308.15
-9.80786572981907,-11.8552787069043,1.47582427716401,0.4372,0.513186112115269,308.15
-9.80902405244319,-11.8543770562524,1.47720261610462,0.4382,0.514201120233443,308.15
-9.81018265538458,-11.8534715165097,1.47858348311174,0.4392,0.515215501836806,308.15
-9.81134151557683,-11.8525620909044,1.4799668850271,0.4402,0.516229257505255,308.15
-9.81250060996625,-11.8516487827693,1.48135282871668,0.4412,0.51724238781797,308.15
-9.81365991562066,-11.8507315955039,1.48274132107114,0.4422,0.518254893353419,308.15
-9.81481940968822,-11.8498105325959,1.48413236900576,0.4432,0.519266774689354,308.15
-9.81597906933027,-11.8488855976327,1.48552597946047,0.4442,0.520278032402818,308.15
-9.81713887183419,-11.8479567942747,1.48692215940017,0.4452,0.52128866707014,308.15
-9.8182987944977,-11.8470241262867,1.48832091581462,0.4462,0.52229867926694,308.15
-9.81945881475885,-11.8460875975017,1.4897222557188,0.4472,0.523308069568131,308.15
-9.82061891005233,-11.8451472118602,1.49112618615274,0.4482,0.524316838547914,308.15
-9.8217790579051,-11.8442029733929,1.49253271418183,0.4492,0.525324986779788,308.15
-9.8229392359247,-11.8432548862089,1.49394184689691,0.4502,0.526332514836544,308.15
-9.82409942175977,-11.8423029545236,1.49535359141429,0.4512,0.527339423290269,308.15
-9.82525959312878,-11.8413471826383,1.49676795487597,0.4522,0.528345712712346,308.15
-9.8264197278089,-11.8403875749544,1.49818494444967,0.4532,0.529351383673456,308.15
-9.82757980364638,-11.8394241359619,1.49960456732902,0.4542,0.530356436743579,308.15
-9.82873979854091,-11.8384568702508,1.50102683073362,0.4552,0.531360872491995,308.15
-9.82989969047809,-11.8374857825036,1.50245174190922,0.4562,0.532364691487284,308.15
-9.83105945745697,-11.8365108775064,1.50387930812772,0.4572,0.53336789429733,308.15
-9.83221907755638,-11.8355321601431,1.50530953668739,0.4582,0.534370481489316,308.15
-9.83337852893575,-11.8345496353874,1.50674243491302,0.4592,0.535372453629734,308.15
-9.83453778978573,-11.8335633083273,1.50817801015593,0.4602,0.536373811284378,308.15
-9.83569683835304,-11.8325731841408,1.50961626979413,0.4612,0.537374555018349,308.15
-9.83685565294773,-11.8315792681167,1.51105722123247,0.4622,0.538374685396054,308.15
-9.83801421195417,-11.8305815656351,1.51250087190278,0.4632,0.539374202981213,308.15
-9.83917249378111,-11.8295800821867,1.51394722926391,0.4642,0.540373108336849,308.15
-9.84033047689993,-11.8285748233731,1.51539630080188,0.4652,0.5413714020253,308.15
-9.84148813984194,-11.8275657948914,1.51684809403007,0.4662,0.542369084608214,308.15
-9.84264546117539,-11.8265530025536,1.51830261648925,0.4672,0.543366156646553,308.15
-9.84380241955823,-11.8255364522658,1.51975987574782,0.4682,0.544362618700588,308.15
-9.84495899367612,-11.8245161500524,1.52121987940183,0.4692,0.545358471329912,308.15
-9.846115162235,-11.823492102056,1.52268263507505,0.4702,0.546353715093427,308.15
-9.84727090406258,-11.8224643145055,1.52414815041937,0.4712,0.547348350549356,308.15
-9.84842619796371,-11.821432793764,1.52561643311457,0.4722,0.548342378255237,308.15
-9.84958102284155,-11.8203975462933,1.52708749086873,0.4732,0.54933579876793,308.15
-9.85073535763865,-11.8193585786743,1.52856133141824,0.4742,0.550328612643613,308.15
-9.85188918131515,-11.8183158976007,1.53003796252787,0.4752,0.551320820437783,308.15
-9.85304247292888,-11.8172695098808,1.53151739199108,0.4762,0.552312422705263,308.15
-9.85419521153778,-11.8162194224398,1.53299962762994,0.4772,0.553303420000197,308.15
-9.85534737628702,-11.8151656423181,1.53448467729544,0.4782,0.554293812876053,308.15
-9.85649894633524,-11.8141081766794,1.5359725488675,0.4792,0.555283601885623,308.15
-9.85764990090829,-11.8130470327968,1.53746325025517,0.4802,0.556272787581028,308.15
-9.85880021925365,-11.8119822180797,1.53895678939672,0.4812,0.557261370513713,308.15
-9.85994988069683,-11.8109137400422,1.54045317425984,0.4822,0.558249351234454,308.15
-9.86109886459093,-11.8098416063282,1.54195241284171,0.4832,0.559236730293353,308.15
-9.86224715031764,-11.8087658247079,1.54345451316914,0.4842,0.560223508239846,308.15
-9.86339471732133,-11.8076864030697,1.54495948329875,0.4852,0.561209685622697,308.15
-9.86454154508677,-11.806603349431,1.54646733131708,0.4862,0.562195262990004,308.15
-9.86568761313524,-11.8055166719396,1.54797806534071,0.4872,0.563180240889197,308.15
-9.86683290104201,-11.8044263788612,1.54949169351648,0.4882,0.564164619867041,308.15
-9.86797738838525,-11.8033324786068,1.55100822402144,0.4892,0.565148400469637,308.15
-9.8691210548428,-11.8022349796931,1.55252766506329,0.4902,0.56613158324242,308.15
-9.8702638801029,-11.8011338907838,1.55405002488028,0.4912,0.567114168730166,308.15
-9.87140584387924,-11.8000292206851,1.55557531174134,0.4922,0.568096157476985,308.15
-9.87254692593788,-11.7989209783169,1.5571035339464,0.4932,0.569077550026329,308.15
-9.87368710607959,-11.7978091727416,1.55863469982641,0.4942,0.570058346920991,308.15
-9.87482636418467,-11.7966938131551,1.56016881774359,0.4952,0.571038548703102,308.15
-9.87596468010795,-11.7955749088936,1.56170589609137,0.4962,0.572018155914138,308.15
-9.87710203378526,-11.7944524694295,1.56324594329477,0.4972,0.572997169094918,308.15
-9.87823840515357,-11.7933265043838,1.56478896781033,0.4982,0.573975588785606,308.15
-9.87937377423377,-11.7921970234968,1.56633497812653,0.4992,0.574953415525708,308.15
-9.88050812105611,-11.7910640366658,1.56788398276366,0.5002,0.575930649854079,308.15
-9.88164142566908,-11.7899275539361,1.56943599027408,0.5012,0.576907292308922,308.15
-9.88277366819982,-11.7887875854863,1.57099100924247,0.5022,0.577883343427785,308.15
-9.88390482880113,-11.7876441416347,1.57254904828588,0.5032,0.57885880374757,308.15
-9.88503488760631,-11.7864972328689,1.57411011605373,0.5042,0.579833673804524,308.15
-9.88616382484885,-11.7853468697934,1.57567422122832,0.5052,0.580807954134249,308.15
-9.88729162080778,-11.7841930632135,1.57724137252475,0.5062,0.581781645271698,308.15
-9.88841825571791,-11.7830358240138,1.57881157869101,0.5072,0.582754747751176,308.15
-9.88954370990975,-11.7818751632838,1.58038484850834,0.5082,0.583727262106344,308.15
-9.89066796372289,-11.7807110922531,1.58196119079121,0.5092,0.584699188870217,308.15
-9.89179099753715,-11.7795436222985,1.5835406143876,0.5102,0.585670528575167,308.15
-9.89291279178004,-11.7783727649624,1.58512312817912,0.5112,0.586641281752922,308.15
-9.89403332689008,-11.7771985319291,1.58670874108113,0.5122,0.58761144893457,308.15
-9.89515258332813,-11.7760209350635,1.58829746204288,0.5132,0.588581030650554,308.15
-9.89627054163764,-11.7748399863656,1.58988930004787,0.5142,0.589550027430682,308.15
-9.89738718233817,-11.7736556980212,1.59148426411369,0.5152,0.590518439804119,308.15
-9.89850248600044,-11.7724680823629,1.59308236329242,0.5162,0.591486268299393,308.15
-9.89961643321846,-11.7712771518967,1.5946836066707,0.5172,0.592453513444397,308.15
-9.90072900466417,-11.7700829192776,1.59628800337005,0.5182,0.593420175766386,308.15
-9.90184018096608,-11.7688853973453,1.5978955625467,0.5192,0.594386255791978,308.15
-9.90294994284007,-11.7676845991002,1.59950629339213,0.5202,0.595351754047161,308.15
-9.90405827098876,-11.7664805377192,1.60112020513292,0.5212,0.596316671057285,308.15
-9.90516514617721,-11.7652732265401,1.6027373070312,0.5222,0.597281007347072,308.15
-9.90627054919791,-11.7640626790787,1.60435760838463,0.5232,0.598244763440609,308.15
-9.90737446086557,-11.7628489090175,1.60598111852666,0.5242,0.599207939861355,308.15
-9.90847686198655,-11.7616319302401,1.60760784682651,0.5252,0.600170537132139,308.15
-9.90957773346173,-11.7604117567522,1.60923780268975,0.5262,0.60113255577516,308.15
-9.91067705620234,-11.7591884028404,1.61087099555803,0.5272,0.602093996311991,308.15
-9.91177481111201,-11.757961882841,1.61250743490954,0.5282,0.603054859263579,308.15
-9.91287097914461,-11.7567322113675,1.61414713025901,0.5292,0.604015145150242,308.15
-9.91396554126438,-11.7554994031783,1.61579009115799,0.5302,0.604974854491676,308.15
-9.91505847852729,-11.7542634732365,1.61743632719511,0.5312,0.605933987806953,308.15
-9.91614977193116,-11.7530244366678,1.61908584799598,0.5322,0.606892545614521,308.15
-9.91723940255859,-11.7517823088014,1.62073866322367,0.5332,0.607850528432207,308.15
-9.91832735149081,-11.7505371051572,1.62239478257869,0.5342,0.608807936777216,308.15
-9.91941359984533,-11.7492888414327,1.62405421579926,0.5352,0.609764771166133,308.15
-9.92049812876434,-11.7480375335499,1.62571697266145,0.5362,0.610721032114925,308.15
-9.92158091943065,-11.7467831975795,1.62738306297947,0.5372,0.61167672013894,308.15
-9.92266195302423,-11.7455258498244,1.62905249660565,0.5382,0.612631835752908,308.15
-9.92374121077345,-11.7442655067752,1.63072528343082,0.5392,0.613586379470943,308.15
-9.92481867392592,-11.7430021851163,1.63240143338441,0.5402,0.614540351806544,308.15
-9.92589432374985,-11.7417359017401,1.63408095643461,0.5412,0.615493753272595,308.15
-9.92696814154061,-11.7404666737464,1.63576386258862,0.5422,0.616446584381367,308.15
-9.92804010863704,-11.7391945184233,1.63745016189287,0.5432,0.617398845644517,308.15
-9.92911020635847,-11.7379194532886,1.63913986443301,0.5442,0.618350537573092,308.15
-9.93017841611948,-11.7366414960414,1.64083298033449,0.5452,0.619301660677525,308.15
-9.93124471927412,-11.735360664621,1.64252951976221,0.5462,0.620252215467644,308.15
-9.93230909729379,-11.7340769771433,1.64422949292132,0.5472,0.621202202452661,308.15
-9.93337153157534,-11.7327904519863,1.64593291005681,0.5482,0.622151622141188,308.15
-9.93443200362174,-11.7315011076908,1.64763978145426,0.5492,0.623100475041222,308.15
-9.93549049491939,-11.7302089630534,1.64935011743962,0.5502,0.624048761660159,308.15
-9.93654698696646,-11.7289140370776,1.65106392837958,0.5512,0.624996482504788,308.15
-9.93760146134322,-11.7276163489759,1.65278122468193,0.5522,0.625943638081291,308.15
-9.93865389960955,-11.7263159182011,1.65450201679543,0.5532,0.626890228895251,308.15
-9.9397042833533,-11.7250127644242,1.65622631521021,0.5542,0.627836255451645,308.15
-9.94075259417797,-11.7237069075486,1.6579541304579,0.5552,0.628781718254848,308.15
-9.94179881372525,-11.7223983676989,1.65968547311193,0.5562,0.629726617808636,308.15
-9.94284292368804,-11.7210871652272,1.66142035378775,0.5572,0.630670954616183,308.15
-9.94388490572574,-11.7197733207308,1.66315878314279,0.5582,0.631614729180066,308.15
-9.94492474152949,-11.7184568550441,1.66490077187687,0.5592,0.632557942002261,308.15
-9.945962412866,-11.7171377892208,1.66664633073253,0.5602,0.633500593584149,308.15
-9.9469979015061,-11.7158161445498,1.66839547049507,0.5612,0.634442684426513,308.15
-9.94803118916237,-11.7144919426072,1.67014820199246,0.5622,0.635384215029542,308.15
-9.94906225770347,-11.7131652051442,1.67190453609638,0.5632,0.636325185892828,308.15
-9.95009108891214,-11.7118359542088,1.67366448372151,0.5642,0.637265597515372,308.15
-9.95111766467453,-11.7105042120941,1.67542805582641,0.5652,0.638205450395578,308.15
-9.95214196684179,-11.7091700012958,1.67719526341342,0.5662,0.639144745031263,308.15
-9.95316397730905,-11.7078333446088,1.6789661175289,0.5672,0.640083481919648,308.15
-9.95418367799593,-11.7064942650617,1.68074062926356,0.5682,0.641021661557367,308.15
-9.95520105085759,-11.7051527859388,1.68251880975263,0.5692,0.641959284440463,308.15
-9.95621607783348,-11.7038089307972,1.68430067017597,0.5702,0.642896351064392,308.15
-9.95722874089954,-11.7024627234433,1.68608622175841,0.5712,0.64383286192402,308.15
-9.95823902212398,-11.7011141879231,1.68787547577024,0.5722,0.644768817513627,308.15
-9.95924690347247,-11.699763348599,1.68966844352666,0.5732,0.645704218326908,308.15
-9.96025236703595,-11.6984102300372,1.69146513638895,0.5742,0.646639064856973,308.15
-9.96125539490918,-11.6970548571387,1.69326556576404,0.5752,0.647573357596345,308.15
-9.96225596917924,-11.6956972550155,1.69506974310499,0.5762,0.648507097036968,308.15
-9.96325407195625,-11.6943374490966,1.6968776799111,0.5772,0.649440283670199,308.15
-9.96424968539581,-11.6929754650638,1.69868938772833,0.5782,0.650372917986817,308.15
-9.9652427916513,-11.6916113289054,1.70050487814931,0.5792,0.651305000477019,308.15
-9.96623337296338,-11.6902450668355,1.70232416281396,0.5802,0.652236531630421,308.15
-9.96722141151409,-11.6888767054057,1.70414725340915,0.5812,0.65316751193606,308.15
-9.96820688954454,-11.6875062714327,1.70597416166935,0.5822,0.654097941882398,308.15
-9.96918978934228,-11.6861337920149,1.7078048993769,0.5832,0.655027821957316,308.15
-9.97017009316297,-11.6847592945508,1.70963947836188,0.5842,0.655957152648119,308.15
-9.97114778334339,-11.6833828067304,1.71147791050282,0.5852,0.656885934441539,308.15
-9.97212284220206,-11.6820043565368,1.71332020772657,0.5862,0.65781416782373,308.15
-9.97309525208022,-11.6806239722571,1.71516638200865,0.5872,0.658741853280273,308.15
-9.97406499541456,-11.6792416824526,1.71701644537386,0.5882,0.659668991296177,308.15
-9.97503205456772,-11.6778575160248,1.71887040989579,0.5892,0.660595582355879,308.15
-9.97599641195582,-11.6764715021736,1.72072828769761,0.5902,0.661521626943242,308.15
-9.97695805007518,-11.6750836703715,1.72259009095244,0.5912,0.662447125541561,308.15
-9.97791695135489,-11.6736940504519,1.72445583188298,0.5922,0.66337207863356,308.15
-9.97887309835441,-11.6723026725152,1.72632552276255,0.5932,0.664296486701394,308.15
-9.97982647354312,-11.6709095670251,1.72819917591452,0.5942,0.665220350226652,308.15
-9.98077705948832,-11.6695147647284,1.73007680371327,0.5952,0.666143669690352,308.15
-9.98172483876727,-11.6681182967039,1.73195841858409,0.5962,0.66706644557295,308.15
-9.98266979400834,-11.6667201943455,1.73384403300364,0.5972,0.667988678354333,308.15
-9.98361190775782,-11.6653204894117,1.73573365949967,0.5982,0.668910368513825,308.15
-9.98455116275283,-11.6639192139324,1.73762731065233,0.5992,0.669831516530185,308.15
-9.98548754161062,-11.6625164003243,1.73952499909328,0.6002,0.670752122881611,308.15
-9.98642102704462,-11.6611120813068,1.74142673750673,0.6012,0.671672188045736,308.15
-9.98735160179696,-11.6597062899354,1.74333253862951,0.6022,0.672591712499634,308.15
-9.98827924859222,-11.6582990596433,1.74524241525107,0.6032,0.673510696719817,308.15
-9.98920395020291,-11.6568904241713,1.74715638021413,0.6042,0.674429141182238,308.15
-9.9901256894494,-11.6554804176186,1.74907444641485,0.6052,0.675347046362291,308.15
-9.9910444491634,-11.654069074433,1.750996626803,0.6062,0.67626441273481,308.15
-9.99196021217644,-11.6526564294251,1.75292293438219,0.6072,0.677181240774075,308.15
-9.99287296139697,-11.6512425177446,1.75485338221045,0.6082,0.678097530953808,308.15
-9.99378267972653,-11.649827374907,1.75678798340019,0.6092,0.679013283747174,308.15
-9.99468935008973,-11.6484110368053,1.75872675111855,0.6102,0.679928499626785,308.15
-9.99559295544812,-11.6469935396807,1.76066969858783,0.6112,0.680843179064699,308.15
-9.99649347880473,-11.6455749201372,1.76261683908571,0.6122,0.681757322532419,308.15
-9.99739090313173,-11.6441552151875,1.76456818594525,0.6132,0.682670930500897,308.15
-9.99828521155141,-11.6427344621531,1.76652375255599,0.6142,0.683584003440534,308.15
-9.99917638709224,-11.6413126987951,1.76848355236315,0.6152,0.684496541821179,308.15
-10.0000644128577,-11.6398899632274,1.77044759886866,0.6162,0.685408546112131,308.15
-10.000949271968,-11.6384662939601,1.77241590563122,0.6172,0.68632001678214,308.15
-10.0018309476093,-11.6370417298727,1.77438848626678,0.6182,0.687230954299408,308.15
-10.0027094229578,-11.6356163102526,1.77636535444852,0.6192,0.688141359131589,308.15
-10.0035846812293,-11.6341900747735,1.77834652390738,0.6202,0.689051231745791,308.15
-10.0044567057018,-11.6327630635018,1.78033200843242,0.6212,0.689960572608575,308.15
-10.0053254796003,-11.6313353169027,1.78232182187073,0.6222,0.690869382185958,308.15
-10.0061909862837,-11.629906875916,1.78431597812822,0.6232,0.691777660943411,308.15
-10.0070532090903,-11.6284777817516,1.78631449116981,0.6242,0.692685409345863,308.15
-10.0079121313617,-11.6270480761417,1.78831737501936,0.6252,0.693592627857699,308.15
-10.0087677365003,-11.6256178012055,1.79032464376039,0.6262,0.694499316942762,308.15
-10.0096200079723,-11.6241869994519,1.79233631153647,0.6272,0.695405477064356,308.15
-10.0104689292266,-11.6227557138493,1.79435239255108,0.6282,0.696311108685241,308.15
-10.0113144837608,-11.621323987774,1.79637290106827,0.6292,0.697216212267641,308.15
-10.0121566551286,-11.6198918650255,1.798397851413,0.6302,0.698120788273238,308.15
-10.0129954268602,-11.61845938986,1.80042725797111,0.6312,0.699024837163178,308.15
-10.0138307826034,-11.6170266069264,1.80246113519025,0.6322,0.699928359398069,308.15
-10.0146627059374,-11.6155935613723,1.80449949757939,0.6332,0.700831355437982,308.15
-10.015491180565,-11.6141602987411,1.80654235971,0.6342,0.701733825742453,308.15
-10.0163161901943,-11.6127268650376,1.80858973621584,0.6352,0.702635770770483,308.15
-10.0171377185396,-11.6112933067364,1.81064164179331,0.6362,0.703537190980539,308.15
-10.0179557494059,-11.6098596707356,1.81269809120215,0.6372,0.704438086830555,308.15
-10.0187702665561,-11.6084260044326,1.81475909926517,0.6382,0.70533845877793,308.15
-10.0195812538886,-11.6069923556382,1.81682468086942,0.6392,0.706238307279534,308.15
-10.0203886952641,-11.6055587726749,1.81889485096567,0.6402,0.707137632791704,308.15
-10.0211925745969,-11.6041253043152,1.82096962456926,0.6412,0.708036435770248,308.15
-10.0219928758759,-11.6026919997981,1.82304901676046,0.6422,0.708934716670445,308.15
-10.0227895830523,-11.6012589088763,1.82513304268435,0.6432,0.709832475947043,308.15
-10.0235826801925,-11.5998260817499,1.82722171755183,0.6442,0.710729714054263,308.15
-10.0243721513814,-11.5983935691149,1.82931505663955,0.6452,0.711626431445801,308.15
-10.0251579807078,-11.5969614221744,1.83141307529017,0.6462,0.712522628574822,308.15
-10.0259401523234,-11.5955296926263,1.83351578891302,0.6472,0.71341830589397,308.15
-10.0267186504771,-11.5940984326231,1.83562321298458,0.6482,0.714313463855361,308.15
-10.0274934593549,-11.5926676948875,1.83773536304812,0.6492,0.715208102910589,308.15
-10.0282645632564,-11.5912375326135,1.83985225471485,0.6502,0.716102223510721,308.15
-10.0290319464944,-11.5898079995146,1.84197390366382,0.6512,0.716995826106306,308.15
-10.0297955934679,-11.5883791498082,1.84410032564267,0.6522,0.717888911147368,308.15
-10.0305554885307,-11.5869510382747,1.84623153646732,0.6532,0.718781479083411,308.15
-10.0313116161739,-11.5855237201757,1.84836755202322,0.6542,0.719673530363418,308.15
-10.0320639608948,-11.5840972513177,1.8505083882651,0.6552,0.720565065435854,308.15
-10.0328125072114,-11.5826716880559,1.85265406121745,0.6562,0.721456084748661,308.15
-10.0335572397455,-11.581247087262,1.85480458697521,0.6572,0.722346588749269,308.15
-10.0342981431164,-11.5798235063713,1.8569599817037,0.6582,0.723236577884585,308.15
-10.0350352020133,-11.5784010033588,1.85912026163935,0.6592,0.724126052601003,308.15
-10.0357684011468,-11.5769796367646,1.8612854430898,0.6602,0.725015013344399,308.15
-10.0364977253182,-11.5755594656676,1.86345554243466,0.6612,0.725903460560135,308.15
-10.0372231593417,-11.5741405497234,1.86563057612554,0.6622,0.726791394693058,308.15
-10.037944688104,-11.5727229491549,1.86781056068665,0.6632,0.727678816187502,308.15
-10.0386622965375,-11.5713067247484,1.86999551271515,0.6642,0.728565725487288,308.15
-10.039375969594,-11.5698919378876,1.87218544888136,0.6652,0.729452123035724,308.15
-10.0400856923368,-11.5684786505098,1.87438038592962,0.6662,0.730338009275607,308.15
-10.0407914498113,-11.5670669251794,1.87658034067806,0.6672,0.731223384649225,308.15
-10.041493227204,-11.5656568249969,1.87878533001982,0.6682,0.732108249598351,308.15
-10.0421910096618,-11.5642484137223,1.88099537092246,0.6692,0.732992604564256,308.15
-10.042884782463,-11.5628417556672,1.88321048042933,0.6702,0.733876449987696,308.15
-10.0435745308746,-11.5614369157873,1.88543067565922,0.6712,0.734759786308924,308.15
-10.0442602402767,-11.5600339596334,1.88765597380735,0.6722,0.735642613967682,308.15
-10.0449418960644,-11.5586329533832,1.88988639214539,0.6732,0.736524933403209,308.15
-10.0456194837185,-11.5572339638294,1.89212194802213,0.6742,0.737406745054236,308.15
-10.0462929887539,-11.5558370584011,1.89436265886375,0.6752,0.738288049358991,308.15
-10.0469623967881,-11.5544423051492,1.89660854217447,0.6762,0.739168846755197,308.15
-10.0476276934423,-11.5530497727783,1.89885961553657,0.6772,0.740049137680074,308.15
-10.0482888644294,-11.5516595306367,1.9011158966112,0.6782,0.740928922570338,308.15
-10.0489458955244,-11.550271648716,1.90337740313873,0.6792,0.741808201862205,308.15
-10.0495987725847,-11.5488861976826,1.90564415293915,0.6802,0.742686975991389,308.15
-10.0502474814446,-11.5475032488009,1.90791616391231,0.6812,0.743565245393102,308.15
-10.0508920081286,-11.5461228740954,1.91019345403886,0.6822,0.744443010502059,308.15
-10.0515323386114,-11.5447451462288,1.91247604138001,0.6832,0.745320271752474,308.15
-10.0521684590283,-11.5433701384983,1.91476394407886,0.6842,0.746197029578062,308.15
-10.0528003555122,-11.5419979249458,1.91705718035994,0.6852,0.747073284412044,308.15
-10.0534280142783,-11.5406285802867,1.91935576853014,0.6862,0.747949036687139,308.15
-10.054051421657,-11.539262179896,1.92165972697945,0.6872,0.748824286835574,308.15
-10.0546705640077,-11.5378987998895,1.92396907418078,0.6882,0.749699035289078,308.15
-10.0552854277184,-11.5365385171085,1.92628382869054,0.6892,0.750573282478886,308.15
-10.0558959993723,-11.5351814090443,1.92860400914994,0.6902,0.75144702883574,308.15
-10.0565022654901,-11.5338275539735,1.93092963428411,0.6912,0.752320274789886,308.15
-10.0571042127293,-11.532477030878,1.93326072290359,0.6922,0.75319302077108,308.15
-10.057701827854,-11.531129919444,1.93559729390471,0.6932,0.754065267208585,308.15
-10.0582950976288,-11.5297863001467,1.9379393662694,0.6942,0.754937014531172,308.15
-10.0588840089643,-11.5284462541536,1.94028695906656,0.6952,0.755808263167122,308.15
-10.0594685488148,-11.5271098634306,1.94264009145186,0.6962,0.756679013544227,308.15
-10.0600487042126,-11.5257772106742,1.94499878266854,0.6972,0.757549266089789,308.15
-10.0606244622697,-11.5244483793597,1.94736305204781,0.6982,0.758419021230621,308.15
-10.0611958101771,-11.5231234537326,1.94973291900939,0.6992,0.75928827939305,308.15
-10.0617627352403,-11.5218025188028,1.95210840306217,0.7002,0.760157041002913,308.15
-10.0623252248064,-11.5204856603762,1.95448952380431,0.7012,0.761025306485564,308.15
-10.0628832663176,-11.5191729650551,1.95687630092403,0.7022,0.761893076265869,308.15
-10.0634368473539,-11.5178645202047,1.95926875420041,0.7032,0.76276035076821,308.15
-10.0639859554819,-11.5165604140601,1.96166690350291,0.7042,0.763627130416485,308.15
-10.0645305784236,-11.5152607356115,1.964070768793,0.7052,0.764493415634107,308.15
-10.0650707039872,-11.5139655746983,1.96648037012412,0.7062,0.765359206844007,308.15
-10.0656063200814,-11.512675021946,1.96889572764245,0.7072,0.766224504468634,308.15
-10.066137414649,-11.511389168874,1.97131686158687,0.7082,0.767089308929956,308.15
-10.0666639757729,-11.510108107799,1.97374379229021,0.7092,0.767953620649458,308.15
-10.0671859916299,-11.5088319318922,1.97617654017947,0.7102,0.768817440048147,308.15
-10.0677034505003,-11.5075607351636,1.97861512577641,0.7112,0.769680767546549,308.15
-10.068216340707,-11.5062946125345,1.98105956969772,0.7122,0.770543603564713,308.15
-10.0687246507248,-11.5050336597486,1.9835098926562,0.7132,0.771405948522208,308.15
-10.0692283691319,-11.503777973427,1.98596611546104,0.7142,0.772267802838126,308.15
-10.0697274845497,-11.502527651109,1.98842825901796,0.7152,0.773129166931084,308.15
-10.0702219857513,-11.5012827912037,1.9908963443304,0.7162,0.77399004121922,308.15
-10.070711861628,-11.5000434929932,1.99337039249996,0.7172,0.774850426120199,308.15
-10.0711971011119,-11.4988098567245,1.99585042472637,0.7182,0.77571032205121,308.15
-10.0716776933183,-11.4975819835036,1.99833646230896,0.7192,0.776569729428968,308.15
-10.0721536273854,-11.4963599754045,2.00082852664628,0.7202,0.777428648669716,308.15
-10.0726248926415,-11.4951439353875,2.00332663923764,0.7212,0.778287080189222,308.15
-10.0730914784608,-11.4939339673993,2.00583082168277,0.7222,0.779145024402783,308.15
-10.0735533743888,-11.4927301762765,2.00834109568326,0.7232,0.780002481725227,308.15
-10.0740105700375,-11.4915326678616,2.01085748304236,0.7242,0.780859452570907,308.15
-10.074463055181,-11.4903415489174,2.01338000566627,0.7252,0.781715937353709,308.15
-10.0749108196397,-11.4891569272162,2.01590868556395,0.7262,0.782571936487048,308.15
-10.0753538534355,-11.4879789114721,2.01844354484865,0.7272,0.783427450383871,308.15
-10.0757921466369,-11.4868076114206,2.02098460573757,0.7282,0.784282479456658,308.15
-10.0762256894836,-11.485643137768,2.02353189055322,0.7292,0.78513702411742,308.15
-10.0766544723115,-11.4844856022424,2.02608542172356,0.7302,0.785991084777702,308.15
-10.0770784855983,-11.4833351175726,2.02864522178288,0.7312,0.786844661848583,308.15
-10.0774977199592,-11.4821917974894,2.03121131337239,0.7322,0.787697755740675,308.15
-10.0779121660858,-11.481055756815,2.03378371924039,0.7332,0.788550366864129,308.15
-10.0783218148794,-11.4799271113318,2.03636246224383,0.7342,0.789402495628628,308.15
-10.078726657286,-11.4788059779444,2.03894756534779,0.7352,0.790254142443393,308.15
-10.0791266844646,-11.4776924745488,2.04153905162723,0.7362,0.791105307717184,308.15
-10.0795218876477,-11.4765867201571,2.04413694426667,0.7372,0.791955991858296,308.15
-10.0799122582228,-11.4754888348377,2.04674126656142,0.7382,0.792806195274564,308.15
-10.0802977877704,-11.4743989397179,2.04935204191838,0.7392,0.793655918373363,308.15
-10.0806784679215,-11.473317157066,2.0519692938558,0.7402,0.794505161561606,308.15
-10.0810542905127,-11.4722436102218,2.05459304600494,0.7412,0.795353925245747,308.15
-10.0814252475053,-11.4711784236377,2.05722332211018,0.7422,0.796202209831782,308.15
-10.0817913310081,-11.470121722899,2.05986014602977,0.7432,0.797050015725249,308.15
-10.0821525332857,-11.4690736347166,2.06250354173663,0.7442,0.797897343331228,308.15
-10.0825088467407,-11.4680342869331,2.06515353331885,0.7452,0.79874419305434,308.15
-10.0828602639395,-11.467003808561,2.06781014498048,0.7462,0.799590565298752,308.15
-10.0832067775832,-11.4659823297658,2.07047340104209,0.7472,0.800436460468177,308.15
-10.0835483805763,-11.4649699818637,2.07314332594184,0.7482,0.801281878965868,308.15
-10.0838850659141,-11.463966897384,2.07581994423545,0.7492,0.802126821194629,308.15
-10.0842168268226,-11.4629732100081,2.07850328059777,0.7502,0.802971287556806,308.15
-10.0845436566217,-11.4619890546708,2.08119335982257,0.7512,0.803815278454295,308.15
-10.084865548884,-11.4610145674417,2.08389020682435,0.7522,0.804658794288538,308.15
-10.0851824972427,-11.4600498856898,2.08659384663764,0.7532,0.805501835460526,308.15
-10.0854944955729,-11.459095147974,2.089304304419,0.7542,0.806344402370798,308.15
-10.0858015379245,-11.4581504940816,2.09202160544728,0.7552,0.807186495419442,308.15
-10.0861036184826,-11.4572160650906,2.09474577512397,0.7562,0.808028115006099,308.15
-10.0864007316303,-11.4562920033043,2.09747683897448,0.7572,0.808869261529957,308.15
-10.0866928719051,-11.4553784523521,2.1002148226484,0.7582,0.809709935389757,308.15
-10.0869800340815,-11.4544755570721,2.10295975192098,0.7592,0.810550136983793,308.15
-10.0872622130515,-11.4535834636695,2.10571165269284,0.7602,0.811389866709911,308.15
-10.0875394039325,-11.4527023196119,2.10847055099159,0.7612,0.812229124965509,308.15
-10.0878116020409,-11.4518322736848,2.11123647297235,0.7622,0.81306791214754,308.15
-10.0880788028147,-11.4509734760511,2.11400944491788,0.7632,0.813906228652511,308.15
-10.0883410019895,-11.4501260781394,2.11678949324071,0.7642,0.814744074876486,308.15
-10.088598195387,-11.4492902327968,2.11957664448224,0.7652,0.815581451215082,308.15
-10.0888503791124,-11.4484660941898,2.12237092531502,0.7662,0.816418358063474,308.15
-10.0890975494264,-11.4476538178774,2.12517236254254,0.7672,0.817254795816393,308.15
-10.0893397027913,-11.4468535608071,2.12798098310035,0.7682,0.818090764868129,308.15
-10.0895768359021,-11.4460654813194,2.13079681405702,0.7692,0.818926265612529,308.15
-10.0898089456612,-11.4452897391455,2.13361988261481,0.7702,0.819761298443,308.15
-10.0900360291543,-11.4445264954696,2.13645021611021,0.7712,0.820595863752507,308.15
-10.0902580836738,-11.4437759129118,2.13928784201493,0.7722,0.821429961933576,308.15
-10.0904751067781,-11.4430381555026,2.14213278793712,0.7732,0.822263593378295,308.15
-10.0906870961982,-11.4423133887605,2.14498508162147,0.7742,0.82309675847831,308.15
-10.0908940499429,-11.4416017796403,2.14784475095086,0.7752,0.823929457624832,308.15
-10.0910959661723,-11.4409034966267,2.15071182394611,0.7762,0.824761691208633,308.15
-10.0912928433062,-11.4402187096878,2.15358632876769,0.7772,0.825593459620048,308.15
-10.0914846800151,-11.4395475902706,2.15646829371648,0.7782,0.826424763248978,308.15
-10.0916714752069,-11.4388903113474,2.15935774723445,0.7792,0.827255602484885,308.15
-10.0918532279628,-11.4382470474663,2.16225471790502,0.7802,0.828085977716799,308.15
-10.0920299376871,-11.4376179746706,2.16515923445505,0.7812,0.828915889333314,308.15
-10.0922016039513,-11.4370032706101,2.16807132575448,0.7822,0.829745337722591,308.15
-10.09236822663,-11.4364031144721,2.17099102081819,0.7832,0.830574323272355,308.15
-10.0925298058006,-11.43581768705,2.17391834880618,0.7842,0.831402846369904,308.15
-10.092686341856,-11.4352471706966,2.17685333902521,0.7852,0.832230907402098,308.15
-10.0928378353931,-11.43469174943,2.17979602092878,0.7862,0.83305850675537,308.15
-10.0929842872508,-11.4341516088897,2.18274642411837,0.7872,0.83388564481572,308.15
-10.093125698567,-11.4336269363171,2.18570457834477,0.7882,0.834712321968719,308.15
-10.0932620707619,-11.4331179206425,2.18867051350869,0.7892,0.835538538599507,308.15
-10.0933934054752,-11.4326247524367,2.1916442596614,0.7902,0.836364295092796,308.15
-10.0935197046378,-11.4321476239837,2.1946258470059,0.7912,0.837189591832869,308.15
-10.0936409704666,-11.4316867292385,2.19761530589803,0.7922,0.838014429203583,308.15
-10.0937572054508,-11.4312422638685,2.20061266684711,0.7932,0.838838807588365,308.15
-10.0938684123514,-11.430814425281,2.20361796051691,0.7942,0.839662727370218,308.15
-10.093974594211,-11.4304034126262,2.20663121772661,0.7952,0.840486188931717,308.15
-10.0940757543926,-11.4300094267674,2.20965246945213,0.7962,0.841309192655013,308.15
-10.0941718965113,-11.4296326703962,2.21268174682633,0.7972,0.842131738921831,308.15
-10.0942630245257,-11.4292733479306,2.21571908114087,0.7982,0.842953828113473,308.15
-10.0943491426771,-11.4289316655933,2.21876450384662,0.7992,0.843775460610816,308.15
-10.0944302554319,-11.4286078315007,2.22181804655397,0.8002,0.844596636794316,308.15
-10.0945063676986,-11.4283020554812,2.2248797410358,0.8012,0.845417357044003,308.15
-10.0945774846163,-11.428014549274,2.22794961922655,0.8022,0.846237621739489,308.15
-10.0946436116241,-11.4277455264834,2.2310277132238,0.8032,0.847057431259962,308.15
-10.0947047545691,-11.427495202528,2.23411405529016,0.8042,0.847876785984191,308.15
-10.0947609194997,-11.4272637948034,2.23720867785248,0.8052,0.848695686290524,308.15
-10.0948121129073,-11.4270515225145,2.24031161350494,0.8062,0.849514132556889,308.15
-10.0948583415309,-11.4268586068713,2.24342289500827,0.8072,0.850332125160796,308.15
-10.0948996124524,-11.4266852710052,2.24654255529166,0.8082,0.851149664479337,308.15
-10.0949359332021,-11.4265317399063,2.2496706274547,0.8092,0.851966750889184,308.15
-10.0949673114832,-11.426398240677,2.25280714476587,0.8102,0.852783384766594,308.15
-10.0949937554582,-11.4262850023255,2.25595214066615,0.8112,0.853599566487406,308.15
-10.0950152735892,-11.4261922558872,2.25910564876866,0.8122,0.854415296427045,308.15
-10.095031874777,-11.4261202343659,2.26226770286084,0.8132,0.855230574960516,308.15
-10.0950435681712,-11.4260691728881,2.26543833690388,0.8142,0.856045402462415,308.15
-10.0950503633762,-11.4260393085403,2.26861758503557,0.8152,0.856859779306919,308.15
-10.095052270289,-11.4260308805593,2.27180548156988,0.8162,0.857673705867794,308.15
-10.0950492992617,-11.4260441302101,2.27500206099948,0.8172,0.85848718251839,308.15
-10.0950414609859,-11.4260793008782,2.27820735799581,0.8182,0.859300209631648,308.15
-10.0950287665063,-11.4261366380964,2.2814214074102,0.8192,0.860112787580093,308.15
-10.0950112272641,-11.4262163895253,2.28464424427543,0.8202,0.860924916735843,308.15
-10.0949888551726,-11.4263188049251,2.28787590380742,0.8212,0.8617365974706,308.15
-10.0949616624459,-11.4264441363187,2.29111642140477,0.8222,0.862547830155659,308.15
-10.0949296617334,-11.4265926378489,2.29436583265122,0.8232,0.863358615161905,308.15
-10.0948928661264,-11.4267645658872,2.29762417331661,0.8242,0.864168952859813,308.15
-10.0948512890421,-11.4269601790769,2.30089147935704,0.8252,0.864978843619449,308.15
-10.0948049444297,-11.4271797382188,2.30416778691794,0.8262,0.865788287810472,308.15
-10.0947538465485,-11.4274235064737,2.307453132333,0.8272,0.866597285802132,308.15
-10.0946980101612,-11.4276917492019,2.31074755212729,0.8282,0.867405837963274,308.15
-10.0946374504162,-11.4279847341257,2.3140510830171,0.8292,0.868213944662334,308.15
-10.0945721829466,-11.4283027312415,2.31736376191215,0.8302,0.869021606267345,308.15
-10.0945022237985,-11.428646012889,2.3206856259161,0.8312,0.869828823145933,308.15
-10.0944275894555,-11.4290148537942,2.3240167123278,0.8322,0.870635595665318,308.15
-10.0943482968268,-11.4294095310735,2.32735705864246,0.8332,0.871441924192319,308.15
-10.0942643633846,-11.4298303241444,2.33070670255416,0.8342,0.87224780909335,308.15
-10.0941758069782,-11.4302775149252,2.33406568195514,0.8352,0.87305325073442,308.15
-10.0940826459309,-11.4307513877424,2.33743403493807,0.8362,0.873858249481138,308.15
-10.0939848990668,-11.4312522293906,2.34081179979731,0.8372,0.87466280569871,308.15
-10.0938825856688,-11.4317803291021,2.34419901503001,0.8382,0.875466919751941,308.15
-10.0937757255777,-11.4323359785835,2.34759571933799,0.8392,0.876270592005235,308.15
-10.093664338986,-11.432919472156,2.35100195162712,0.8402,0.877073822822595,308.15
-10.0935484467182,-11.4335311065552,2.35441775101125,0.8412,0.877876612567625,308.15
-10.0934280700474,-11.4341711811358,2.35784315681163,0.8422,0.87867896160353,308.15
-10.093303230723,-11.4348399977593,2.36127820855872,0.8432,0.879480870293115,308.15
-10.0931739511118,-11.4355378610638,2.36472294599369,0.8442,0.880282338998789,308.15
-10.0930402539716,-11.4362650780239,2.36817740906962,0.8452,0.881083368082561,308.15
-10.0929021627025,-11.4370219584225,2.37164163795306,0.8462,0.881883957906044,308.15
-10.0927597011534,-11.4378088146815,2.37511567302455,0.8472,0.882684108830456,308.15
-10.0926128937669,-11.4386259618508,2.37859955488114,0.8482,0.883483821216617,308.15
-10.0924617655245,-11.4394737177262,2.38209332433694,0.8492,0.884283095424953,308.15
-10.0923063419638,-11.4403524027554,2.38559702242492,0.8502,0.885081931815493,308.15
-10.0921466491221,-11.4412623402148,2.38911069039736,0.8512,0.885880330747874,308.15
-10.0919827137081,-11.4422038560358,2.39263436972907,0.8522,0.886678292581339,308.15
-10.0918145629013,-11.44317727903,2.39616810211659,0.8532,0.887475817674736,308.15
-10.0916422245445,-11.444182940718,2.39971192948159,0.8542,0.888272906386522,308.15
-10.0914657270252,-11.4452211755019,2.40326589397086,0.8552,0.889069559074762,308.15
-10.0912850992956,-11.4462923206401,2.40683003795797,0.8562,0.889865776097127,308.15
-10.0911003709478,-11.4473967162127,2.41040440404543,0.8572,0.8906615578109,308.15
-10.090911572207,-11.4485347051981,2.41398903506581,0.8582,0.891456904572972,308.15
-10.0907187338633,-11.4497066334939,2.41758397408263,0.8592,0.892251816739842,308.15
-10.0905218873287,-11.4509128499427,2.42118926439221,0.8602,0.893046294667624,308.15
-10.0903210646921,-11.4521537063001,2.42480494952563,0.8612,0.893840338712039,308.15
-10.0901162985916,-11.4534295573711,2.42843107324881,0.8622,0.894633949228421,308.15
-10.089907622401,-11.454740760886,2.43206767956592,0.8632,0.895427126571717,308.15
-10.0896950700664,-11.4560876776544,2.43571481271898,0.8642,0.896219871096485,308.15
-10.0894786762469,-11.4574706714822,2.4393725171909,0.8652,0.897012183156898,308.15
-10.0892584762844,-11.4588901092382,2.44304083770648,0.8662,0.89780406310674,308.15
-10.0890345060947,-11.4603463609504,2.44671981923273,0.8672,0.898595511299412,308.15
-10.0888068023683,-11.4618397996912,2.45040950698244,0.8682,0.899386528087929,308.15
-10.0885754024609,-11.463370801676,2.45410994641455,0.8692,0.90017711382492,308.15
-10.0883403443975,-11.4649397463076,2.45782118323552,0.8702,0.900967268862631,308.15
-10.0881016668973,-11.4665470161704,2.46154326340119,0.8712,0.901756993552924,308.15
-10.0878594094574,-11.4681929970174,2.46527623311907,0.8722,0.902546288247278,308.15
-10.0876136122581,-11.4698780778304,2.46902013884895,0.8732,0.903335153296788,308.15
-10.0873643161896,-11.4716026508795,2.47277502730446,0.8742,0.904123589052169,308.15
-10.0871115629029,-11.4733671116746,2.47654094545537,0.8752,0.904911595863753,308.15
-10.086855394749,-11.4751718590672,2.48031794052825,0.8762,0.905699174081491,308.15
-10.0865958549016,-11.4770172951625,2.48410606000948,0.8772,0.906486324054955,308.15
-10.0863329872438,-11.4789038254593,2.48790535164543,0.8782,0.907273046133334,308.15
-10.0860668364614,-11.4808318587968,2.49171586344508,0.8792,0.908059340665441,308.15
-10.085797447992,-11.4828018074219,2.495537643681,0.8802,0.908845207999706,308.15
-10.0855248680557,-11.4848140870073,2.49937074089119,0.8812,0.909630648484184,308.15
-10.0852491436983,-11.4868691166325,2.50321520388124,0.8822,0.91041566246655,308.15
-10.0849703227546,-11.488967318838,2.50707108172544,0.8832,0.911200250294103,308.15
-10.0846884538735,-11.4911091196762,2.51093842376851,0.8842,0.911984412313764,308.15
-10.0844035865185,-11.4932949486938,2.51481727962742,0.8852,0.912768148872076,308.15
-10.0841157709735,-11.4955252389929,2.51870769919283,0.8862,0.91355146031521,308.15
-10.0838250584299,-11.4978004271509,2.52260973263195,0.8872,0.914334346988958,308.15
-10.0835315008557,-11.5001209534357,2.52652343038827,0.8882,0.91511680923874,308.15
-10.083235151065,-11.502487261677,2.53044884318436,0.8892,0.915898847409597,308.15
-10.0829360628309,-11.5048997992712,2.53438602202465,0.8902,0.916680461846202,308.15
-10.0826342907372,-11.5073590173363,2.53833501819524,0.8912,0.91746165289285,308.15
-10.0823298902644,-11.5098653706411,2.54229588326669,0.8922,0.918242420893465,308.15
-10.0820229178152,-11.5124193176502,2.54626866909586,0.8932,0.919022766191599,308.15
-10.0817134306486,-11.5150213205575,2.55025342782695,0.8942,0.919802689130431,308.15
-10.0814014869791,-11.517671845313,2.55425021189405,0.8952,0.92058219005277,308.15
-10.0810871459852,-11.5203713615579,2.55825907402332,0.8962,0.921361269301051,308.15
-10.0807704676833,-11.5231203428482,2.5622800672327,0.8972,0.922139927217343,308.15
-10.0804515131166,-11.5259192664504,2.56631324483629,0.8982,0.922918164143342,308.15
-10.0801303442454,-11.5287686135485,2.5703586604443,0.8992,0.923695980420376,308.15
-10.0798070240485,-11.5316688690852,2.57441636796648,0.9002,0.924473376389403,308.15
-10.0794816164037,-11.5346205220075,2.5784864216118,0.9012,0.925250352391013,308.15
-10.0791541862423,-11.5376240650783,2.58256887589255,0.9022,0.92602690876543,308.15
-10.0788247994818,-11.5406799950218,2.58666378562491,0.9032,0.926803045852507,308.15
-10.0784935230114,-11.5437888125237,2.59077120593069,0.9042,0.927578763991733,308.15
-10.0781604247859,-11.5469510222299,2.59489119224004,0.9052,0.928354063522231,308.15
-10.0778255737654,-11.5501671327944,2.59902380029261,0.9062,0.929128944782754,308.15
-10.0774890399608,-11.5534376568638,2.60316908613983,0.9072,0.929903408111695,308.15
-10.0771508944275,-11.5567631111576,2.60732710614648,0.9082,0.930677453847077,308.15
-10.0768112092741,-11.5601440164634,2.61149791699259,0.9092,0.931451082326563,308.15
-10.0764700577227,-11.5635808976065,2.6156815756761,0.9102,0.93222429388745,308.15
-10.0761275140644,-11.5670742835395,2.61987813951392,0.9112,0.93299708886667,308.15
-10.0757836536399,-11.5706247073813,2.62408766614346,0.9122,0.933769467600795,308.15
-10.0754385529854,-11.5742327063208,2.62831021352637,0.9132,0.934541430426033,308.15
-10.0750922896211,-11.5778988218439,2.63254583994744,0.9142,0.93531297767823,308.15
-10.0747449423874,-11.5816235994366,2.63679460402102,0.9152,0.936084109692871,308.15
-10.0743965910777,-11.5854075889825,2.6410565646877,0.9162,0.936854826805079,308.15
-10.0740473167889,-11.5892513444516,2.64533178122093,0.9172,0.937625129349617,308.15
-10.0736972016639,-11.5931554241768,2.64962031322531,0.9182,0.938395017660889,308.15
-10.0733463291165,-11.5971203906649,2.65392222064146,0.9192,0.939164492072939,308.15
-10.0729947836662,-11.60114681078,2.65823756374559,0.9202,0.93993355291945,308.15
-10.0726426511229,-11.6052352556181,2.66256640315379,0.9212,0.940702200533749,308.15
-10.0722900184372,-11.6093863006713,2.66690879982174,0.9222,0.941470435248804,308.15
-10.0719369738086,-11.6136005257309,2.6712648150482,0.9232,0.942238257397224,308.15
-10.0715836066776,-11.6178785149614,2.6756345104765,0.9242,0.943005667311262,308.15
-10.0712300077462,-11.6222208568642,2.68001794809686,0.9252,0.943772665322816,308.15
-10.0708762689156,-11.6266281444351,2.68441519024702,0.9262,0.944539251763425,308.15
-10.0705224834552,-11.6311009749383,2.6888262996169,0.9272,0.945305426964273,308.15
-10.0701687458583,-11.6356399501367,2.69325133924805,0.9282,0.946071191256191,308.15
-10.0698151518912,-11.6402456762763,2.69769037253609,0.9292,0.946836544969651,308.15
-10.0694617987348,-11.6449187639038,2.7021434632351,0.9302,0.947601488434775,308.15
-10.069108784759,-11.6496598282281,2.70661067545538,0.9312,0.948366021981329,308.15
-10.068756209776,-11.6544694887628,2.71109207366981,0.9322,0.949130145938726,308.15
-10.0684041748935,-11.6593483696153,2.71558772271287,0.9332,0.949893860636025,308.15
-10.0680527825937,-11.6642970993567,2.72009768778399,0.9342,0.950657166401936,308.15
-10.0677021367219,-11.6693163110815,2.7246220344491,0.9352,0.951420063564813,308.15
-10.067352342541,-11.6744066424032,2.72916082864317,0.9362,0.95218255245266,308.15
-10.0670035066523,-11.6795687354863,2.73371413667106,0.9372,0.952944633393133,308.15
-10.0666557371269,-11.6848032370235,2.73828202521108,0.9382,0.953706306713532,308.15
-10.0663091434372,-11.6901107982368,2.74286456131602,0.9392,0.954467572740812,308.15
-10.0659638364938,-11.6954920749456,2.74746181241524,0.9402,0.955228431801575,308.15
-10.0656199286959,-11.7009477274802,2.75207384631748,0.9412,0.955988884222076,308.15
-10.0652775337905,-11.7064784208592,2.75670073121028,0.9422,0.95674893032822,308.15
-10.0649367671325,-11.7120848245511,2.76134253566603,0.9432,0.957508570445564,308.15
-10.0645977454806,-11.7177676126622,2.76599932864053,0.9442,0.958267804899319,308.15
-10.0642605871432,-11.7235274638607,2.77067117947688,0.9452,0.959026634014347,308.15
-10.0639254119207,-11.7293650614252,2.77535815790649,0.9462,0.959785058115162,308.15
-10.0635923411334,-11.7352810932081,2.78006033405135,0.9472,0.960543077525936,308.15
-10.0632614976645,-11.7412762516464,2.78477777842629,0.9482,0.96130069257049,308.15
-10.0629330059318,-11.7473512337611,2.78951056194051,0.9492,0.962057903572304,308.15
-10.0626069919366,-11.7535067411804,2.79425875589978,0.9502,0.96281471085451,308.15
-10.0622835832385,-11.7597434800774,2.7990224320082,0.9512,0.963571114739897,308.15
-10.0619629089985,-11.7660621612435,2.8038016623702,0.9522,0.964327115550909,308.15
-10.0616450999734,-11.7724635000226,2.80859651949242,0.9532,0.965082713609648,308.15
-10.0613302885611,-11.7789482163176,2.81340707628603,0.9542,0.965837909237872,308.15
-10.0610186087814,-11.7855170346094,2.81823340606808,0.9552,0.966592702756996,308.15
-10.0607101962667,-11.7921706839393,2.82307558256313,0.9562,0.967347094488093,308.15
-10.0604051883204,-11.7989098978918,2.82793367990574,0.9572,0.968101084751895,308.15
-10.0601037239452,-11.8057354145584,2.83280777264262,0.9582,0.968854673868791,308.15
-10.0598059437772,-11.8126479766066,2.8376979357331,0.9592,0.969607862158832,308.15
-10.0595119901805,-11.8196483311773,2.84260424455243,0.9602,0.970360649941725,308.15
-10.0592220072155,-11.8267372299271,2.8475267748927,0.9612,0.97111303753684,308.15
-10.0589361406378,-11.83391542903,2.8524656029644,0.9622,0.971865025263207,308.15
-10.0586545379272,-11.8411836891432,2.85742080539848,0.9632,0.972616613439516,308.15
-10.0583773483223,-11.8485427753849,2.86239245924839,0.9642,0.973367802384119,308.15
-10.0581047228662,-11.8559934572823,2.86738064199242,0.9652,0.97411859241503,308.15
-10.0578368142411,-11.8635365089419,2.87238543153216,0.9662,0.974868983849925,308.15
-10.0575737770442,-11.8711727087753,2.87740690619889,0.9672,0.975618977006143,308.15
-10.0573157675481,-11.8789028397162,2.88244514475082,0.9682,0.976368572200686,308.15
-10.0570629438648,-11.886727689132,2.887500226377,0.9692,0.977117769750221,308.15
-10.0568154659255,-11.8946480488003,2.89257223069865,0.9702,0.977866569971076,308.15
-10.0565734954539,-11.9026647149749,2.89766123776979,0.9712,0.978614973179248,308.15
-10.0563371960394,-11.9107784883292,2.90276732807994,0.9722,0.979362979690394,308.15
-10.0561067330867,-11.9189901740354,2.9078905825544,0.9732,0.98011058981984,308.15
-10.0558822738474,-11.9273005818077,2.91303108255587,0.9742,0.980857803882578,308.15
-10.0556639874002,-11.9357105259694,2.91818890988525,0.9752,0.981604622193264,308.15
-10.0554520448011,-11.9442208253548,2.92336414678583,0.9762,0.982351045066223,308.15
-10.0552466188391,-11.9528323036881,2.92855687593941,0.9772,0.983097072815445,308.15
-10.0550478843029,-11.9615457894936,2.93376718047238,0.9782,0.983842705754589,308.15
-10.0548560177909,-11.970362116393,2.93899514395328,0.9792,0.984587944196984,308.15
-10.0546711978873,-11.9792821232467,2.94424085039684,0.9802,0.985332788455623,308.15
-10.0544936050157,-11.9883066545937,2.94950438426212,0.9812,0.986077238843172,308.15
-10.054323421585,-11.9974365609519,2.95478583045605,0.9822,0.986821295671964,308.15
-10.0541608318303,-12.0066726995495,2.9600852743311,0.9832,0.987564959254004,308.15
-10.0540060220012,-12.0160159349004,2.96540280168971,0.9842,0.988308229900966,308.15
-10.0538591802481,-12.0254671400272,2.97073849878243,0.9852,0.989051107924193,308.15
-10.0537204966549,-12.0350271978524,2.97609245230923,0.9862,0.989793593634703,308.15
-10.0535901632926,-12.0446970031908,2.98146474942119,0.9872,0.990535687343183,308.15
-10.0534683741317,-12.0544774657794,2.98685547771892,0.9882,0.991277389359992,308.15
-10.0533553251389,-12.0643695144864,2.99226472525473,0.9892,0.992018699995162,308.15
-10.0532512141851,-12.0743741037643,2.99769258053124,0.9902,0.992759619558399,308.15
-10.053156241161,-12.084492223529,3.00313913250367,0.9912,0.99350014835908,308.15
-10.053070607855,-12.094724915284,3.0086044705776,0.9922,0.994240286706258,308.15
-10.052994518096,-12.1050732992396,3.01408868461176,0.9932,0.994980034908659,308.15
-10.0529281775948,-12.115538623625,3.01959186491446,0.9942,0.995719393274684,308.15
-10.0528717940475,-12.1261223608043,3.02511410224581,0.9952,0.996458362112407,308.15
-10.0528255771365,-12.1368264177982,3.03065548781711,0.9962,0.997196941729582,308.15
-10.0527897384846,-12.1476536752542,3.03621611328969,0.9972,0.997935132433635,308.15
-10.0527644916584,-12.1586097626178,3.04179607077426,0.9982,0.998672934531669,308.15
