-12.9540258216785,-11.8967823021655,1.04665360926285,0.0002,0.00027138438633377,308.15
-11.9389194334596,-11.8973488232101,1.04735332971339,0.0012,0.00162772523095156,308.15
-11.5974629209101,-11.8979129678586,1.04805397747155,0.0022,0.00298309835723694,308.15
-11.3875078074629,-11.8984747312259,1.04875555436329,0.0032,0.00433750480048812,308.15
-11.2359389639067,-11.8990341084245,1.04945806221934,0.0042,0.005690945594527,308.15
-11.1175290459096,-11.8995910945608,1.05016150287514,0.0052,0.00704342177170186,308.15
-11.0205302190345,-11.9001456847445,1.05086587817095,0.0062,0.00839493436288998,308.15
-10.9385081033882,-11.9006978740773,1.05157118995176,0.0072,0.0097454843975002,308.15
-10.8675534182606,-11.9012476576656,1.0522774400674,0.0082,0.0110950729034756,308.15
-10.8051122917501,-11.9017950306054,1.05298463037249,0.0092,0.0124437009072962,308.15
-10.7494240919162,-11.9023399879975,1.05369276272649,0.0102,0.0137913694339811,308.15
-10.699223521809,-11.9028825249365,1.0544018389937,0.0112,0.0151380795070919,308.15
-10.653570637694,-11.9034226365148,1.05511186104328,0.0122,0.0164838321487345,308.15
-10.6117480553012,-11.9039603178254,1.05582283074927,0.0132,0.017828628379562,308.15
-10.5731957973098,-11.9044955639566,1.05653474999061,0.0142,0.0191724692187775,308.15
-10.5374683646167,-11.9050283699939,1.05724762065113,0.0152,0.0205153556841363,308.15
-10.5042055127536,-11.9055587310236,1.0579614446196,0.0162,0.0218572887919485,308.15
-10.4731117965919,-11.906086642129,1.05867622378972,0.0172,0.023198269557082,308.15
-10.443941904275,-11.9066120983886,1.05939196006015,0.0182,0.0245382989929646,308.15
-10.4164899191037,-11.907135094882,1.06010865533452,0.0192,0.0258773781115865,308.15
-10.3905813108853,-11.9076556266846,1.06082631152144,0.0202,0.0272155079235035,308.15
-10.3660668643458,-11.9081736888708,1.06154493053455,0.0212,0.0285526894378386,308.15
-10.3428180082049,-11.9086892765128,1.06226451429249,0.0222,0.0298889236622854,308.15
-10.3207231742271,-11.9092023846816,1.06298506471893,0.0232,0.03122421160311,308.15
-10.2996849251696,-11.9097130084431,1.06370658374262,0.0242,0.032558554265154,308.15
-10.279617664661,-11.9102211428645,1.06442907329735,0.0252,0.0338919526518368,308.15
-10.2604457929863,-11.9107267830107,1.06515253532202,0.0262,0.0352244077651578,308.15
-10.2421022085218,-11.9112299239417,1.06587697176061,0.0272,0.0365559206056996,308.15
-10.2245270798412,-11.9117305607195,1.06660238456225,0.0282,0.03788649217263,308.15
-10.2076668319037,-11.9122286884001,1.06732877568117,0.0292,0.0392161234637046,308.15
-10.1914733030085,-11.9127243020422,1.06805614707679,0.0302,0.0405448154752694,308.15
-10.1759030391401,-11.9132173966978,1.06878450071366,0.0312,0.0418725692022631,308.15
-10.1609166996753,-11.9137079674205,1.06951383856156,0.0322,0.0431993856382199,308.15
-10.1464785539995,-11.9141960092596,1.07024416259543,0.0332,0.0445252657752716,308.15
-10.1325560528682,-11.9146815172664,1.07097547479547,0.0342,0.0458502106041502,308.15
-10.1191194615157,-11.9151644864838,1.0717077771471,0.0352,0.0471742211141907,308.15
-10.1061415442233,-11.9156449119591,1.07244107164098,0.0362,0.0484972982933331,308.15
-10.0935972918361,-11.9161227887366,1.07317536027306,0.0372,0.0498194431281249,308.15
-10.0814636854601,-11.9165981118554,1.07391064504459,0.0382,0.051140656603724,308.15
-10.0697194906794,-11.9170708763568,1.0746469279621,0.0392,0.0524609397039006,308.15
-10.05834507772,-11.9175410772774,1.07538421103746,0.0402,0.05378029341104,308.15
-10.0473222636918,-11.918008709654,1.07612249628789,0.0412,0.0550987187061449,308.15
-10.0366341737725,-11.9184737685208,1.07686178573595,0.0422,0.0564162165688377,308.15
-10.0262651186335,-11.9189362489112,1.07760208140958,0.0432,0.0577327879773634,308.15
-10.016200485914,-11.9193961458558,1.07834338534214,0.0442,0.0590484339085913,308.15
-10.0064266438115,-11.9198534543853,1.07908569957236,0.0452,0.0603631553380182,308.15
-9.99693085524899,-11.9203081695248,1.07982902614445,0.0462,0.0616769532397701,308.15
-9.98770120122517,-11.9207602863034,1.08057336710802,0.0472,0.062989828586605,308.15
-9.9787265121795,-11.9212097997438,1.08131872451818,0.0482,0.0643017823499154,308.15
-9.96999630645266,-11.9216567048711,1.0820651004355,0.0492,0.0656128154997305,308.15
-9.96150073489096,-11.9221009967056,1.08281249692609,0.0502,0.0669229290047183,308.15
-9.95323053094141,-11.9225426702684,1.08356091606153,0.0512,0.0682321238321887,308.15
-9.94517696557137,-11.922981720577,1.08431035991899,0.0522,0.0695404009480952,308.15
-9.93733180646422,-11.9234181426502,1.08506083058115,0.0532,0.0708477613170378,308.15
-9.92968728100601,-11.9238519315018,1.0858123301363,0.0542,0.0721542059022649,308.15
-9.92223604266962,-11.9242830821474,1.08656486067832,0.0552,0.073459735665676,308.15
-9.91497114041139,-11.9247115895988,1.08731842430669,0.0562,0.0747643515678239,308.15
-9.90788599076563,-11.9251374488686,1.08807302312652,0.0572,0.0760680545679173,308.15
-9.90097435235714,-11.9255606549682,1.08882865924859,0.0582,0.0773708456238227,308.15
-9.89423030259018,-11.9259812029043,1.08958533478933,0.0592,0.0786727256920672,308.15
-9.88764821628841,-11.9263990876857,1.09034305187087,0.0602,0.0799736957278405,308.15
-9.8812227460785,-11.9268143043193,1.09110181262103,0.0612,0.0812737566849975,308.15
-9.87494880440241,-11.9272268478095,1.09186161917339,0.0622,0.0825729095160605,308.15
-9.86882154691564,-11.9276367131593,1.09262247366724,0.0632,0.0838711551722215,308.15
-9.86283635722705,-11.9280438953734,1.09338437824764,0.0642,0.0851684946033445,308.15
-9.85698883279917,-11.9284483894531,1.09414733506546,0.0652,0.0864649287579681,308.15
-9.85127477192963,-11.9288501903967,1.09491134627734,0.0662,0.0877604585833073,308.15
-9.8456901617063,-11.9292492932066,1.09567641404576,0.0672,0.0890550850252564,308.15
-9.84023116683403,-11.9296456928793,1.09644254053904,0.0682,0.0903488090283907,308.15
-9.83489411931893,-11.9300393844126,1.09720972793135,0.0692,0.0916416315359694,308.15
-9.82967550885232,-11.9304303628015,1.09797797840277,0.0702,0.0929335534899373,308.15
-9.82457197388208,-11.9308186230432,1.09874729413924,0.0712,0.0942245758309276,308.15
-9.81958029332467,-11.9312041601307,1.09951767733266,0.0722,0.0955146994982638,308.15
-9.8146973788271,-11.9315869690567,1.10028913018083,0.0732,0.0968039254299623,308.15
-9.80992026756709,-11.9319670448158,1.10106165488755,0.0742,0.0980922545627344,308.15
-9.80524611552467,-11.932344382397,1.10183525366258,0.0752,0.0993796878319887,308.15
-9.80067219121272,-11.9327189767941,1.10260992872168,0.0762,0.100666226171833,308.15
-9.79619586979543,-11.933090822994,1.10338568228663,0.0772,0.101951870515078,308.15
-9.7918146276093,-11.9334599159866,1.10416251658526,0.0782,0.103236621793238,308.15
-9.78752603701241,-11.9338262507616,1.10494043385145,0.0792,0.104520480936532,308.15
-9.78332776156303,-11.9341898223055,1.10571943632518,0.0802,0.105803448873889,308.15
-9.77921755151405,-11.9345506256047,1.10649952625251,0.0812,0.10708552653295,308.15
-9.77519323953887,-11.9349086556457,1.10728070588563,0.0822,0.108366714840066,308.15
-9.77125273677249,-11.9352639074157,1.10806297748289,0.0832,0.109647014720307,308.15
-9.76739402905246,-11.9356163758969,1.10884634330878,0.0842,0.110926427097457,308.15
-9.76361517337416,-11.9359660560752,1.10963080563399,0.0852,0.112204952894021,308.15
-9.75991429459913,-11.9363129429369,1.11041636673541,0.0862,0.113482593031227,308.15
-9.75628958229459,-11.9366570314618,1.11120302889616,0.0872,0.114759348429025,308.15
-9.75273928780157,-11.9369983166339,1.11199079440562,0.0882,0.116035220006094,308.15
-9.74926172143826,-11.9373367934376,1.11277966555941,0.0892,0.117310208679839,308.15
-9.74585524987234,-11.9376724568522,1.11356964465947,0.0902,0.118584315366398,308.15
-9.74251829363675,-11.9380053018616,1.11436073401404,0.0912,0.11985754098064,308.15
-9.73924932477992,-11.9383353234465,1.11515293593769,0.0922,0.12112988643617,308.15
-9.73604686463442,-11.9386625165872,1.11594625275136,0.0932,0.12240135264533,308.15
-9.73290948172751,-11.9389868762678,1.11674068678234,0.0942,0.123671940519202,308.15
-9.72983578977485,-11.9393083974653,1.11753624036435,0.0952,0.12494165096761,308.15
-9.72682444578919,-11.9396270751626,1.11833291583751,0.0962,0.126210484899121,308.15
-9.72387414830811,-11.9399429043384,1.11913071554839,0.0972,0.127478443221047,308.15
-9.72098363566533,-11.9402558799738,1.11992964185003,0.0982,0.128745526839452,308.15
-9.71815168441189,-11.9405659970502,1.12072969710193,0.0992,0.130011736659145,308.15
-9.71537710773978,-11.9408732505462,1.12153088367014,0.1002,0.131277073583693,308.15
-9.71265875406876,-11.9411776354422,1.1223332039272,0.1012,0.132541538515412,308.15
-9.70999550562916,-11.94147914672,1.12313666025223,0.1022,0.133805132355381,308.15
-9.70738627716401,-11.9417777793573,1.12394125503092,0.1032,0.135067856003432,308.15
-9.70483001465598,-11.9420735283373,1.12474699065556,0.1042,0.136329710358162,308.15
-9.70232569416564,-11.9423663886392,1.12555386952504,0.1052,0.137590696316929,308.15
-9.69987232064351,-11.942656355244,1.12636189404492,0.1062,0.138850814775858,308.15
-9.69746892690295,-11.9429434231338,1.12717106662742,0.1072,0.14011006662984,308.15
-9.6951145725311,-11.9432275872882,1.12798138969145,0.1082,0.141368452772537,308.15
-9.6928083429484,-11.9435088426897,1.12879286566261,0.1092,0.142625974096381,308.15
-9.69054934843994,-11.9437871843219,1.12960549697327,0.1102,0.14388263149258,308.15
-9.68833672326014,-11.9440626071656,1.13041928606254,0.1112,0.145138425851115,308.15
-9.68616962478233,-11.9443351062053,1.13123423537631,0.1122,0.146393358060747,308.15
-9.68404723267762,-11.9446046764236,1.13205034736727,0.1132,0.147647429009017,308.15
-9.68196874810913,-11.9448713128043,1.13286762449497,0.1142,0.148900639582248,308.15
-9.67993339301279,-11.9451350103335,1.13368606922578,0.1152,0.150152990665546,308.15
-9.67794040936599,-11.9453957639946,1.13450568403296,0.1162,0.151404483142805,308.15
-9.67598905848694,-11.945653568775,1.13532647139665,0.1172,0.152655117896707,308.15
-9.67407862039941,-11.9459084196601,1.13614843380396,0.1182,0.153904895808725,308.15
-9.67220839318243,-11.9461603116404,1.13697157374889,0.1192,0.155153817759122,308.15
-9.67037769238838,-11.9464092397019,1.13779589373246,0.1202,0.15640188462696,308.15
-9.66858585043491,-11.9466551988341,1.13862139626265,0.1212,0.157649097290093,308.15
-9.66683221608633,-11.9468981840268,1.13944808385449,0.1222,0.158895456625177,308.15
-9.66511615388023,-11.9471381902727,1.14027595903002,0.1232,0.160140963507668,308.15
-9.6634370436511,-11.9473752125638,1.1411050243184,0.1242,0.161385618811825,308.15
-9.66179428001621,-11.9476092458897,1.14193528225583,0.1252,0.162629423410711,308.15
-9.66018727191648,-11.9478402852506,1.14276673538565,0.1262,0.163872378176196,308.15
-9.6586154421727,-11.9480683256385,1.14359938625836,0.1272,0.165114483978961,308.15
-9.65707822702347,-11.9482933620499,1.14443323743161,0.1282,0.166355741688496,308.15
-9.65557507573764,-11.9485153894849,1.14526829147023,0.1292,0.167596152173104,308.15
-9.65410545018552,-11.9487344029421,1.1461045509463,0.1302,0.168835716299905,308.15
-9.65266882446538,-11.9489503974213,1.14694201843912,0.1312,0.170074434934833,308.15
-9.65126468455455,-11.9491633679249,1.14778069653527,0.1322,0.171312308942645,308.15
-9.64989252789266,-11.9493733094582,1.14862058782861,0.1332,0.172549339186915,308.15
-9.64855186310904,-11.9495802170249,1.14946169492034,0.1342,0.173785526530044,308.15
-9.64724220963358,-11.9497840856304,1.15030402041899,0.1352,0.175020871833256,308.15
-9.64596309740159,-11.9499849102859,1.15114756694046,0.1362,0.176255375956601,308.15
-9.64471406655637,-11.9501826860016,1.15199233710805,0.1372,0.177489039758961,308.15
-9.64349466713294,-11.9503774077862,1.15283833355251,0.1382,0.178721864098048,308.15
-9.6423044587718,-11.9505690706563,1.15368555891198,0.1392,0.179953849830405,308.15
-9.64114301046617,-11.9507576696264,1.15453401583212,0.1402,0.181184997811414,308.15
-9.64000990026323,-11.950943199715,1.15538370696609,0.1412,0.182415308895291,308.15
-9.638904715054,-11.9511256559397,1.15623463497455,0.1422,0.183644783935092,308.15
-9.63782705027269,-11.9513050333228,1.15708680252574,0.1432,0.184873423782714,308.15
-9.63677650968605,-11.9514813268895,1.15794021229547,0.1442,0.186101229288898,308.15
-9.635752705175,-11.9516545316638,1.15879486696716,0.1452,0.187328201303228,308.15
-9.63475525647911,-11.9518246426741,1.15965076923186,0.1462,0.188554340674137,308.15
-9.63378379100618,-11.9519916549514,1.16050792178828,0.1472,0.189779648248905,308.15
-9.63283794363392,-11.9521555635264,1.16136632734283,0.1482,0.191004124873663,308.15
-9.63191735645024,-11.9523163634378,1.16222598860963,0.1492,0.192227771393397,308.15
-9.63102167865449,-11.9524740497194,1.16308690831053,0.1502,0.193450588651945,308.15
-9.63015056627959,-11.9526286174118,1.16394908917517,0.1512,0.194672577492004,308.15
-9.62930368205758,-11.9527800615611,1.16481253394098,0.1522,0.195893738755127,308.15
-9.62848069523828,-11.9529283772094,1.1656772453532,0.1532,0.197114073281729,308.15
-9.62768128142069,-11.9530735594038,1.16654322616495,0.1542,0.198333581911088,308.15
-9.62690512236397,-11.9532156031981,1.16741047913721,0.1552,0.199552265481346,308.15
-9.62615190587037,-11.9533545036438,1.16827900703887,0.1562,0.20077012482951,308.15
-9.62542132559971,-11.9534902557994,1.16914881264678,0.1572,0.201987160791457,308.15
-9.62471308091909,-11.9536228547235,1.17001989874573,0.1582,0.203203374201933,308.15
-9.62402687678913,-11.9537522954779,1.17089226812851,0.1592,0.204418765894557,308.15
-9.62336242359201,-11.9538785731315,1.17176592359593,0.1602,0.20563333670182,308.15
-9.62271943701074,-11.9540016827488,1.17264086795687,0.1612,0.206847087455091,308.15
-9.6220976378954,-11.9541216194046,1.17351710402826,0.1622,0.208060018984616,308.15
-9.62149675212284,-11.9542383781759,1.17439463463516,0.1632,0.20927213211952,308.15
-9.62091651050303,-11.95435195414,1.17527346261075,0.1642,0.21048342768781,308.15
-9.62035664864458,-11.9544623423759,1.1761535907964,0.1652,0.211693906516377,308.15
-9.6198169068092,-11.9545695379764,1.17703502204165,0.1662,0.212903569430997,308.15
-9.6192970298631,-11.9546735360273,1.17791775920428,0.1672,0.214112417256332,308.15
-9.6187967671018,-11.9547743316231,1.17880180515032,0.1682,0.215320450815934,308.15
-9.61831587218238,-11.9548719198602,1.17968716275409,0.1692,0.216527670932245,308.15
-9.61785410301359,-11.9549662958401,1.18057383489821,0.1702,0.217734078426603,308.15
-9.61741122165221,-11.9550574546682,1.18146182447365,0.1712,0.218939674119236,308.15
-9.61698699421306,-11.9551453914507,1.18235113437976,0.1722,0.220144458829271,308.15
-9.61658119075296,-11.9552301013054,1.18324176752429,0.1732,0.221348433374734,308.15
-9.6161935852252,-11.9553115793438,1.18413372682342,0.1742,0.222551598572549,308.15
-9.61582395532674,-11.9553898206921,1.1850270152018,0.1752,0.223753955238545,308.15
-9.61547208246119,-11.9554648204758,1.18592163559255,0.1762,0.224955504187451,308.15
-9.61513775165572,-11.9555365738211,1.18681759093737,0.1772,0.226156246232906,308.15
-9.61482075144426,-11.9556050758658,1.18771488418645,0.1782,0.227356182187453,308.15
-9.61452087380883,-11.9556703217486,1.18861351829862,0.1792,0.228555312862546,308.15
-9.61423791411563,-11.9557323066123,1.18951349624129,0.1802,0.22975363906855,308.15
-9.61397167100611,-11.955791025608,1.19041482099055,0.1812,0.230951161614745,308.15
-9.61372194636956,-11.9558464738847,1.19131749553115,0.1822,0.232147881309321,308.15
-9.61348854522664,-11.9558986466055,1.19222152285656,0.1832,0.233343798959391,308.15
-9.61327127568211,-11.9559475389291,1.19312690596899,0.1842,0.23453891537098,308.15
-9.61306994887908,-11.9559931460261,1.19403364787942,0.1852,0.235733231349039,308.15
-9.61288437887552,-11.956035463071,1.19494175160765,0.1862,0.236926747697437,308.15
-9.61271438265415,-11.9560744852405,1.19585122018232,0.1872,0.23811946521897,308.15
-9.61255977998162,-11.9561102077199,1.19676205664091,0.1882,0.239311384715358,308.15
-9.61242039343268,-11.9561426256973,1.19767426402984,0.1892,0.240502506987248,308.15
-9.61229604826324,-11.9561717343696,1.19858784540446,0.1902,0.241692832834218,308.15
-9.61218657238157,-11.9561975289355,1.19950280382906,0.1912,0.242882363054776,308.15
-9.61209179629828,-11.9562200046024,1.20041914237697,0.1922,0.244071098446363,308.15
-9.61201155303804,-11.9562391565829,1.20133686413051,0.1932,0.245259039805355,308.15
-9.61194567816186,-11.9562549800906,1.20225597218112,0.1942,0.246446187927064,308.15
-9.61189400962612,-11.9562674703551,1.20317646962929,0.1952,0.247632543605741,308.15
-9.61185638777611,-11.9562766226037,1.20409835958467,0.1962,0.248818107634577,308.15
-9.61183265530904,-11.9562824320739,1.20502164516607,0.1972,0.250002880805704,308.15
-9.61182265720992,-11.9562848940042,1.2059463295015,0.1982,0.251186863910197,308.15
-9.61182624068845,-11.9562840036484,1.2068724157282,0.1992,0.252370057738078,308.15
-9.61184325517027,-11.9562797562588,1.20779990699267,0.2002,0.253552463078314,308.15
-9.61187355224579,-11.9562721470961,1.20872880645076,0.2012,0.254734080718824,308.15
-9.61191698557412,-11.9562611714322,1.20965911726757,0.2022,0.255914911446474,308.15
-9.61197341093319,-11.9562468245404,1.21059084261766,0.2032,0.257094956047084,308.15
-9.61204268609445,-11.9562291017012,1.21152398568492,0.2042,0.258274215305429,308.15
-9.61212467081905,-11.9562079982057,1.21245854966273,0.2052,0.259452690005237,308.15
-9.61221922684543,-11.9561835093501,1.21339453775391,0.2062,0.260630380929197,308.15
-9.61232621779834,-11.9561556304351,1.21433195317082,0.2072,0.261807288858953,308.15
-9.61244550916844,-11.9561243567761,1.21527079913533,0.2082,0.262983414575115,308.15
-9.61257696831644,-11.9560896836855,1.21621107887892,0.2092,0.264158758857252,308.15
-9.61272046438016,-11.9560516064916,1.21715279564266,0.2102,0.265333322483898,308.15
-9.61287586828249,-11.9560101205256,1.21809595267729,0.2112,0.266507106232555,308.15
-9.61304305265011,-11.9559652211321,1.2190405532432,0.2122,0.26768011087969,308.15
-9.61322189185343,-11.955916903656,1.21998660061056,0.2132,0.268852337200742,308.15
-9.61341226190215,-11.9558651634531,1.22093409805923,0.2142,0.270023785970121,308.15
-9.61361404045576,-11.9558099958912,1.22188304887892,0.2152,0.271194457961209,308.15
-9.61382710677348,-11.9557513963415,1.22283345636914,0.2162,0.272364353946362,308.15
-9.61405134170848,-11.9556893601829,1.22378532383927,0.2172,0.273533474696916,308.15
-9.6142866276399,-11.9556238828089,1.22473865460859,0.2182,0.27470182098318,308.15
-9.61453284848158,-11.9555549596141,1.22569345200633,0.2192,0.275869393574447,308.15
-9.61478988964166,-11.9554825860044,1.22664971937169,0.2202,0.277036193238988,308.15
-9.61505763797315,-11.9554067573994,1.22760746005388,0.2212,0.278202220744062,308.15
-9.61533598178606,-11.9553274692198,1.22856667741218,0.2222,0.279367476855907,308.15
-9.61562481079945,-11.955244716898,1.22952737481592,0.2232,0.280531962339752,308.15
-9.61592401611204,-11.9551584958778,1.2304895556446,0.2242,0.281695677959812,308.15
-9.61623349018943,-11.9550688016093,1.23145322328786,0.2252,0.282858624479292,308.15
-9.61655312683241,-11.9549756295536,1.23241838114555,0.2262,0.284020802660389,308.15
-9.61688282114545,-11.9548789751837,1.23338503262774,0.2272,0.285182213264294,308.15
-9.61722246952999,-11.9547788339759,1.23435318115479,0.2282,0.286342857051191,308.15
-9.61757196967267,-11.9546752014215,1.2353228301574,0.2292,0.287502734780262,308.15
-9.61793122047122,-11.9545680730194,1.2362939830766,0.2302,0.288661847209686,308.15
-9.61830012206582,-11.9544574442791,1.23726664336381,0.2312,0.289820195096643,308.15
-9.61867857580003,-11.9543433107187,1.2382408144809,0.2322,0.290977779197314,308.15
-9.6190664841851,-11.9542256678709,1.23921649990021,0.2332,0.292134600266883,308.15
-9.61946375090211,-11.9541045112735,1.24019370310458,0.2342,0.293290659059539,308.15
-9.61987028076303,-11.9539798364787,1.2411724275874,0.2352,0.294445956328476,308.15
-9.62028597972185,-11.9538516390472,1.24215267685268,0.2362,0.295600492825899,308.15
-9.62071075479695,-11.9537199145505,1.24313445441502,0.2372,0.296754269303019,308.15
-9.62114451412283,-11.9535846585734,1.24411776379971,0.2382,0.297907286510061,308.15
-9.62158716688792,-11.9534458667075,1.24510260854277,0.2392,0.299059545196263,308.15
-9.62203862331818,-11.9533035345599,1.24608899219094,0.2402,0.300211046109876,308.15
-9.62249879468307,-11.9531576577463,1.24707691830177,0.2412,0.301361789998167,308.15
-9.62296759323189,-11.953008231897,1.24806639044363,0.2422,0.302511777607422,308.15
-9.62344493226164,-11.9528552526463,1.24905741219579,0.2432,0.303661009682947,308.15
-9.62393072598453,-11.952698715655,1.25004998714839,0.2442,0.304809486969067,308.15
-9.62442488961869,-11.9525386165781,1.25104411890257,0.2452,0.305957210209131,308.15
-9.62492733930829,-11.952374951095,1.25203981107045,0.2462,0.307104180145511,308.15
-9.62543799213851,-11.9522077148927,1.2530370672752,0.2472,0.308250397519606,308.15
-9.62595676609728,-11.9520369036726,1.25403589115104,0.2482,0.309395863071843,308.15
-9.62648358008096,-11.9518625131452,1.25503628634335,0.2492,0.310540577541676,308.15
-9.62701835386931,-11.9516845390371,1.25603825650867,0.2502,0.31168454166759,308.15
-9.62756100810824,-11.9515029770858,1.25704180531472,0.2512,0.312827756187105,308.15
-9.62811146430177,-11.9513178230428,1.25804693644051,0.2522,0.31397022183677,308.15
-9.62866964479375,-11.9511290726746,1.25905365357632,0.2532,0.315111939352174,308.15
-9.62923547276304,-11.9509367217566,1.26006196042376,0.2542,0.316252909467939,308.15
-9.62980887219886,-11.9507407660792,1.26107186069585,0.2552,0.317393132917729,308.15
-9.63038976791139,-11.9505412014473,1.26208335811702,0.2562,0.318532610434246,308.15
-9.63097808547526,-11.9503380236792,1.26309645642316,0.2572,0.319671342749233,308.15
-9.63157375124264,-11.9501312286102,1.26411115936165,0.2582,0.320809330593478,308.15
-9.63217669234673,-11.9499208120853,1.26512747069148,0.2592,0.321946574696814,308.15
-9.63278683668019,-11.9497067699637,1.26614539418321,0.2602,0.323083075788119,308.15
-9.6334041128647,-11.9494890981208,1.26716493361905,0.2612,0.324218834595318,308.15
-9.63402845023718,-11.9492677924474,1.26818609279287,0.2622,0.325353851845387,308.15
-9.63465977887029,-11.9490428488484,1.26920887551031,0.2632,0.326488128264355,308.15
-9.63529802954854,-11.9488142632432,1.27023328558878,0.2642,0.327621664577298,308.15
-9.63594313374539,-11.9485820315645,1.27125932685751,0.2652,0.328754461508352,308.15
-9.63659502361335,-11.9483461497661,1.27228700315759,0.2662,0.329886519780705,308.15
-9.63725363199672,-11.9481066138138,1.27331631834206,0.2672,0.331017840116603,308.15
-9.63791889237747,-11.9478634196783,1.27434727627587,0.2682,0.332148423237352,308.15
-9.63859073893154,-11.9476165633687,1.27537988083602,0.2692,0.333278269863315,308.15
-9.63926910643295,-11.9473660408953,1.27641413591153,0.2702,0.334407380713921,308.15
-9.63995393034055,-11.9471118482824,1.27745004540357,0.2712,0.335535756507659,308.15
-9.64064514669055,-11.9468539815807,1.27848761322539,0.2722,0.336663397962085,308.15
-9.64134269216021,-11.9465924368509,1.27952684330249,0.2732,0.33779030579382,308.15
-9.64204650404149,-11.9463272101701,1.2805677395726,0.2742,0.338916480718552,308.15
-9.64275652020362,-11.9460582976357,1.28161030598571,0.2752,0.340041923451041,308.15
-9.64347267911058,-11.9457856953602,1.28265454650418,0.2762,0.341166634705117,308.15
-9.64419491980754,-11.9455093994738,1.28370046510272,0.2772,0.342290615193681,308.15
-9.64492318192486,-11.9452294061232,1.28474806576852,0.2782,0.343413865628708,308.15
-9.64565740563522,-11.9449457114765,1.28579735250121,0.2792,0.344536386721251,308.15
-9.64639753165794,-11.9446583117157,1.28684832931296,0.2802,0.345658179181437,308.15
-9.64714350128854,-11.9443672030423,1.28790100022852,0.2812,0.346779243718472,308.15
-9.64789525634147,-11.9440723816739,1.28895536928528,0.2822,0.347899581040644,308.15
-9.64865273916842,-11.9437738438532,1.29001144053329,0.2832,0.34901919185532,308.15
-9.64941589263784,-11.9434715858335,1.29106921803532,0.2842,0.350138076868951,308.15
-9.65018466013697,-11.9431656038922,1.29212870586693,0.2852,0.351256236787071,308.15
-9.65095898555093,-11.9428558943252,1.2931899081165,0.2862,0.352373672314303,308.15
-9.65173881329044,-11.9425424534455,1.2942528288853,0.2872,0.353490384154353,308.15
-9.65252408823126,-11.9422252775865,1.2953174722875,0.2882,0.354606373010019,308.15
-9.65331475575432,-11.9419043631033,1.29638384245026,0.2892,0.355721639583189,308.15
-9.65411076169425,-11.941579706371,1.29745194351376,0.2902,0.356836184574841,308.15
-9.65491205240115,-11.9412513037792,1.29852177963128,0.2912,0.357950008685048,308.15
-9.65571857465251,-11.9409191517443,1.29959335496922,0.2922,0.359063112612977,308.15
-9.65653027569072,-11.9405832467027,1.30066667370712,0.2932,0.360175497056891,308.15
-9.65734710321652,-11.9402435851098,1.30174174003782,0.2942,0.36128716271415,308.15
-9.65816900538668,-11.9399001634388,1.30281855816741,0.2952,0.362398110281215,308.15
-9.65899593078478,-11.9395529781924,1.30389713231532,0.2962,0.363508340453646,308.15
-9.65982782842325,-11.9392020258872,1.30497746671438,0.2972,0.364617853926105,308.15
-9.66066464775878,-11.9388473030667,1.30605956561084,0.2982,0.365726651392358,308.15
-9.66150633864324,-11.9384888062929,1.30714343326447,0.2992,0.366834733545276,308.15
-9.6623528513843,-11.9381265321484,1.30822907394859,0.3002,0.367942101076835,308.15
-9.6632041366586,-11.937760477248,1.30931649195011,0.3012,0.369048754678121,308.15
-9.66406014557447,-11.9373906382154,1.3104056915696,0.3022,0.370154695039326,308.15
-9.66492082961007,-11.9370170117104,1.31149667712133,0.3032,0.371259922849756,308.15
-9.6657861406702,-11.936639594406,1.31258945293337,0.3042,0.372364438797827,308.15
-9.66665603103498,-11.9362583830011,1.31368402334758,0.3052,0.373468243571069,308.15
-9.66753045333959,-11.9358733742263,1.31478039271968,0.3062,0.374571337856127,308.15
-9.66840936065444,-11.9354845648206,1.31587856541939,0.3072,0.375673722338763,308.15
-9.66929270635623,-11.9350919515633,1.31697854583032,0.3082,0.376775397703855,308.15
-9.6701804442432,-11.9346955312439,1.31808033835021,0.3092,0.377876364635401,308.15
-9.67107252844011,-11.9342953006876,1.31918394739082,0.3102,0.378976623816521,308.15
-9.67196891343923,-11.9338912567401,1.32028937737812,0.3112,0.380076175929455,308.15
-9.67286955408255,-11.9334833962708,1.32139663275225,0.3122,0.381175021655568,308.15
-9.67377440557148,-11.9330717161798,1.32250571796765,0.3132,0.382273161675348,308.15
-9.67468342343726,-11.9326562133827,1.32361663749307,0.3142,0.383370596668411,308.15
-9.67559656355679,-11.9322368848325,1.32472939581162,0.3152,0.3844673273135,308.15
-9.67651378213118,-11.931813727501,1.32584399742087,0.3162,0.385563354288486,308.15
-9.67743503569412,-11.9313867383931,1.32696044683289,0.3172,0.386658678270372,308.15
-9.67836028111575,-11.9309559145313,1.32807874857429,0.3182,0.387753299935292,308.15
-9.67928947556375,-11.9305212529748,1.32919890718628,0.3192,0.388847219958513,308.15
-9.68022257655611,-11.9300827507985,1.3303209272248,0.3202,0.389940439014439,308.15
-9.68115954188027,-11.9296404051195,1.33144481326043,0.3212,0.391032957776605,308.15
-9.68210032966923,-11.9291942130688,1.33257056987862,0.3222,0.392124776917688,308.15
-9.68304489832258,-11.928744171818,1.33369820167961,0.3232,0.393215897109502,308.15
-9.68399320658363,-11.9282902785527,1.3348277132786,0.3242,0.394306319023002,308.15
-9.68494521344739,-11.9278325305044,1.3359591093057,0.3252,0.395396043328281,308.15
-9.68590087822512,-11.9273709249226,1.33709239440609,0.3262,0.396485070694581,308.15
-9.68686016053424,-11.9269054590801,1.33822757324005,0.3272,0.397573401790282,308.15
-9.68782302022675,-11.9264361302989,1.33936465048296,0.3282,0.398661037282914,308.15
-9.68878941748726,-11.9259629359095,1.34050363082547,0.3292,0.399747977839152,308.15
-9.68975931273456,-11.9254858732886,1.34164451897344,0.3302,0.400834224124819,308.15
-9.69073266667233,-11.9250049398381,1.34278731964811,0.3312,0.40191977680489,308.15
-9.69170944031341,-11.9245201329837,1.34393203758613,0.3322,0.403004636543488,308.15
-9.6926895948792,-11.9240314501921,1.34507867753955,0.3332,0.404088804003891,308.15
-9.69367309186761,-11.9235388889609,1.34622724427597,0.3342,0.405172279848529,308.15
-9.69465989309258,-11.9230424468057,1.34737774257864,0.3352,0.406255064738988,308.15
-9.69564996053792,-11.9225421212945,1.34853017724634,0.3362,0.407337159336011,308.15
-9.69664325650547,-11.9220379100151,1.34968455309366,0.3372,0.408418564299496,308.15
-9.69763974350273,-11.9215298105913,1.3508408749509,0.3382,0.409499280288504,308.15
-9.69863938432172,-11.9210178206734,1.35199914766425,0.3392,0.410579307961254,308.15
-9.69964214198756,-11.9205019379556,1.35315937609579,0.3402,0.411658647975128,308.15
-9.70064797972905,-11.9199821601611,1.35432156512353,0.3412,0.41273730098667,308.15
-9.70165686105311,-11.9194584850494,1.35548571964156,0.3422,0.413815267651588,308.15
-9.70266874971241,-11.9189309104012,1.3566518445601,0.3432,0.41489254862476,308.15
-9.70368360963012,-11.9183994340557,1.35781994480544,0.3442,0.415969144560225,308.15
-9.70470140501645,-11.917864053865,1.35899002532019,0.3452,0.417045056111195,308.15
-9.70572210028944,-11.9173247677252,1.36016209106324,0.3462,0.41812028393005,308.15
-9.70674566006755,-11.9167815735759,1.3613361470098,0.3472,0.419194828668341,308.15
-9.70777204920593,-11.9162344693813,1.36251219815154,0.3482,0.420268690976793,308.15
-9.70880123281277,-11.9156834531381,1.36369024949671,0.3492,0.421341871505303,308.15
-9.70983317613968,-11.9151285228975,1.36487030606999,0.3502,0.422414370902942,308.15
-9.71086784470057,-11.9145696767302,1.36605237291278,0.3512,0.423486189817961,308.15
-9.71190520418818,-11.9140069127595,1.36723645508316,0.3522,0.424557328897786,308.15
-9.71294522053131,-11.913440229133,1.36842255765601,0.3532,0.425627788789022,308.15
-9.71398785985876,-11.9128696240383,1.36961068572305,0.3542,0.426697570137455,308.15
-9.71503308845856,-11.912295095716,1.37080084439286,0.3552,0.427766673588053,308.15
-9.71608087288433,-11.911716642424,1.37199303879109,0.3562,0.428835099784965,308.15
-9.71713117980551,-11.911134262482,1.37318727406032,0.3572,0.429902849371526,308.15
-9.71818397616586,-11.9105479542281,1.3743835553604,0.3582,0.430969922990257,308.15
-9.71923922906383,-11.9099577160493,1.37558188786828,0.3592,0.432036321282862,308.15
-9.72029690574896,-11.9093635463844,1.37678227677816,0.3602,0.433102044890238,308.15
-9.72135697374297,-11.908765443693,1.37798472730168,0.3612,0.434167094452467,308.15
-9.72241940069688,-11.9081634064846,1.3791892446678,0.3622,0.435231470608825,308.15
-9.72348415442222,-11.9075574333189,1.38039583412295,0.3632,0.436295173997777,308.15
-9.72455120296584,-11.9069475227836,1.38160450093119,0.3642,0.437358205256982,308.15
-9.72562051452996,-11.9063336735156,1.38281525037417,0.3652,0.438420565023296,308.15
-9.72669205746207,-11.9057158841949,1.3840280877512,0.3662,0.439482253932767,308.15
-9.72776580034679,-11.9050941535404,1.38524301837945,0.3672,0.440543272620641,308.15
-9.72884171186199,-11.9044684803251,1.38646004759384,0.3682,0.441603621721363,308.15
-9.72991976092541,-11.9038388633505,1.3876791807473,0.3692,0.442663301868579,308.15
-9.73099991659559,-11.9032053014716,1.38890042321073,0.3702,0.443722313695131,308.15
-9.73208214807534,-11.9025677935906,1.39012378037307,0.3712,0.444780657833068,308.15
-9.73316642473707,-11.9019263386559,1.39134925764141,0.3722,0.445838334913639,308.15
-9.73425271614554,-11.9012809356491,1.39257686044113,0.3732,0.446895345567299,308.15
-9.73534099201477,-11.9006315836086,1.39380659421588,0.3742,0.447951690423709,308.15
-9.73643122218281,-11.8999782816168,1.39503846442765,0.3752,0.449007370111736,308.15
-9.73752337668503,-11.8993210288016,1.39627247655694,0.3762,0.450062385259456,308.15
-9.73861742566033,-11.8986598243472,1.3975086361027,0.3772,0.451116736494154,308.15
-9.7397133394609,-11.8979946674719,1.39874694858262,0.3782,0.452170424442326,308.15
-9.74081108853438,-11.8973255574503,1.39998741953294,0.3792,0.45322344972968,308.15
-9.74191064350551,-11.896652493605,1.40123005450877,0.3802,0.454275812981137,308.15
-9.74301197514556,-11.8959754753083,1.40247485908403,0.3812,0.455327514820833,308.15
-9.74411505436628,-11.8952945019747,1.40372183885158,0.3822,0.45637855587212,308.15
-9.74521985220442,-11.8946095730811,1.40497099942324,0.3832,0.457428936757565,308.15
-9.74632633985652,-11.893920688151,1.40622234642997,0.3842,0.458478658098956,308.15
-9.74743448866272,-11.8932278467517,1.40747588552188,0.3852,0.459527720517298,308.15
-9.74854427009757,-11.8925310485078,1.40873162236835,0.3862,0.460576124632818,308.15
-9.74965565573799,-11.8918302931019,1.409989562658,0.3872,0.461623871064964,308.15
-9.75076861735345,-11.8911255802518,1.41124971209901,0.3882,0.462670960432408,308.15
-9.75188312680195,-11.8904169097512,1.41251207641893,0.3892,0.463717393353045,308.15
-9.75299915605992,-11.8897042814363,1.41377666136489,0.3902,0.464763170443997,308.15
-9.75411667731052,-11.8889876951824,1.41504347270382,0.3912,0.465808292321611,308.15
-9.75523566278595,-11.8882671509424,1.41631251622223,0.3922,0.466852759601464,308.15
-9.75635608487418,-11.8875426487168,1.41758379772655,0.3932,0.467896572898359,308.15
-9.75747791608594,-11.8868141885578,1.41885732304308,0.3942,0.468939732826334,308.15
-9.75860112905502,-11.8860817705757,1.42013309801815,0.3952,0.469982239998654,308.15
-9.75972569654555,-11.8853453949394,1.42141112851815,0.3962,0.471024095027818,308.15
-9.7608515914336,-11.8846050618669,1.42269142042967,0.3972,0.472065298525562,308.15
-9.76197878671973,-11.8838607716452,1.42397397965952,0.3982,0.473105851102852,308.15
-9.76310725549923,-11.8831125246173,1.42525881213484,0.3992,0.474145753369894,308.15
-9.76423697102643,-11.8823603211732,1.42654592380328,0.4002,0.475185005936131,308.15
-9.76536790663373,-11.8816041617745,1.42783532063292,0.4012,0.476223609410244,308.15
-9.76650003577167,-11.880844046942,1.42912700861245,0.4022,0.477261564400154,308.15
-9.76763333203523,-11.8800799772446,1.43042099375135,0.4032,0.478298871513024,308.15
-9.76876776908887,-11.8793119533303,1.43171728207976,0.4042,0.479335531355256,308.15
-9.76990332071667,-11.8785399758934,1.43301587964874,0.4052,0.480371544532501,308.15
-9.77103996084426,-11.8777640456964,1.43431679253036,0.4062,0.481406911649649,308.15
-9.77217766345515,-11.8769841635641,1.43562002681765,0.4072,0.48244163331084,308.15
-9.77331640266227,-11.8762003303862,1.43692558862485,0.4082,0.483475710119459,308.15
-9.77445615270125,-11.875412547107,1.43823348408743,0.4092,0.484509142678139,308.15
-9.77559688787519,-11.8746208147483,1.43954371936215,0.4102,0.485541931588763,308.15
-9.77673858261341,-11.8738251343864,1.44085630062721,0.4112,0.486574077452465,308.15
-9.77788121143841,-11.8730255071696,1.44217123408234,0.4122,0.48760558086963,308.15
-9.77902474897056,-11.8722219343047,1.44348852594882,0.4132,0.488636442439895,308.15
-9.78016916992273,-11.8714144170772,1.44480818246967,0.4142,0.489666662762152,308.15
-9.78131444913426,-11.8706029568222,1.44613020990972,0.4152,0.490696242434548,308.15
-9.78246056150496,-11.8697875549589,1.44745461455563,0.4162,0.491725182054487,308.15
-9.78360748204621,-11.8689682129679,1.44878140271607,0.4172,0.492753482218629,308.15
-9.78475518586156,-11.8681449323999,1.45011058072179,0.4182,0.493781143522894,308.15
-9.78590364814203,-11.8673177148739,1.4514421549257,0.4192,0.494808166562461,308.15
-9.78705284418202,-11.8664865620809,1.452776131703,0.4202,0.495834551931769,308.15
-9.78820274935452,-11.8656514757845,1.45411251745123,0.4212,0.496860300224521,308.15
-9.78935333912561,-11.8648124578132,1.45545131859042,0.4222,0.497885412033682,308.15
-9.79050458907228,-11.8639695100734,1.45679254156317,0.4232,0.498909887951483,308.15
-9.79165647481813,-11.8631226345398,1.45813619283471,0.4242,0.499933728569417,308.15
-9.79280897209232,-11.8622718332714,1.45948227889301,0.4252,0.500956934478247,308.15
-9.79396205671939,-11.8614171083883,1.46083080624898,0.4262,0.501979506268003,308.15
-9.79511570460374,-11.8605584620951,1.46218178143642,0.4272,0.503001444527982,308.15
-9.7962698917029,-11.8596958966596,1.4635352110122,0.4282,0.504022749846754,308.15
-9.79742459410716,-11.8588294144418,1.46489110155638,0.4292,0.505043422812158,308.15
-9.79857978797158,-11.8579590178662,1.4662494596723,0.4302,0.506063464011305,308.15
-9.79973544950303,-11.8570847094417,1.46761029198659,0.4312,0.507082874030582,308.15
-9.80089155501628,-11.8562064917513,1.46897360514941,0.4322,0.508101653455648,308.15
-9.80204808091198,-11.8553243674573,1.47033940583451,0.4332,0.509119802871438,308.15
-9.80320500363542,-11.8544383393037,1.47170770073925,0.4342,0.510137322862166,308.15
-9.80436229973813,-11.8535484101165,1.47307849658481,0.4352,0.511154214011321,308.15
-9.80551994582978,-11.8526545827982,1.47445180011624,0.4362,0.512170476901672,308.15
-9.80667791860942,-11.8517568603382,1.47582761810261,0.4372,0.513186112115269,308.15
-9.80783619483546,-11.8508552458026,1.47720595733706,0.4382,0.514201120233443,308.15
-9.80899475133947,-11.8499497423486,1.47858682463692,0.4392,0.515215501836806,308.15
-9.81015356507652,-11.8490403531979,1.47997022684395,0.4402,0.516229257505255,308.15
-9.81131261298323,-11.8481270816886,1.48135617082413,0.4412,0.51724238781797,308.15
-9.81247187213766,-11.8472099312191,1.48274466346812,0.4422,0.518254893353419,308.15
-9.81363131965578,-11.8462889052817,1.48413571169117,0.4432,0.519266774689354,308.15
-9.81479093273174,-11.8453640074598,1.48552932243327,0.4442,0.520278032402818,308.15
-9.81595068863141,-11.8444352414193,1.48692550265927,0.4452,0.52128866707014,308.15
-9.81711056469493,-11.8435026109106,1.48832425935903,0.4462,0.52229867926694,308.15
-9.81827053829723,-11.8425661197909,1.48972559954739,0.4472,0.523308069568131,308.15
-9.81943058691571,-11.8416257719856,1.49112953026448,0.4482,0.524316838547914,308.15
-9.82059068806598,-11.8406815715271,1.49253605857567,0.4492,0.525324986779788,308.15
-9.82175081936727,-11.8397335225268,1.49394519157183,0.4502,0.526332514836544,308.15
-9.82291095843569,-11.8387816292071,1.49535693636921,0.4512,0.527339423290269,308.15
-9.8240710830231,-11.8378258958619,1.49677130010987,0.4522,0.528345712712346,308.15
-9.82523117089485,-11.8368663268959,1.49818828996151,0.4532,0.529351383673456,308.15
-9.82639119989797,-11.8359029267989,1.49960791311778,0.4542,0.530356436743579,308.15
-9.82755114793259,-11.8349357001636,1.50103017679826,0.4552,0.531360872491995,308.15
-9.82871099298396,-11.8339646516712,1.50245508824872,0.4562,0.532364691487284,308.15
-9.82987071305079,-11.8329897861074,1.50388265474107,0.4572,0.53336789429733,308.15
-9.83103028622331,-11.832011108354,1.5053128835736,0.4582,0.534370481489316,308.15
-9.83218969064098,-11.8310286233962,1.50674578207106,0.4592,0.535372453629734,308.15
-9.83334890449132,-11.8300423363164,1.50818135758477,0.4602,0.536373811284378,308.15
-9.83450790604653,-11.8290522522919,1.50961961749278,0.4612,0.537374555018349,308.15
-9.8356666736156,-11.8280583766099,1.51106056919996,0.4622,0.538374685396054,308.15
-9.83682518555896,-11.8270607146534,1.51250422013811,0.4632,0.539374202981213,308.15
-9.83798342028898,-11.8260592719236,1.51395057776605,0.4642,0.540373108336849,308.15
-9.83914135629658,-11.8250540540066,1.51539964956988,0.4652,0.5413714020253,308.15
-9.84029897209253,-11.8240450666121,1.51685144306292,0.4662,0.542369084608214,308.15
-9.84145624628865,-11.8230323155353,1.51830596578605,0.4672,0.543366156646553,308.15
-9.8426131574772,-11.8220158067078,1.51976322530753,0.4682,0.544362618700588,308.15
-9.84376968438893,-11.82099554614,1.5212232292235,0.4692,0.545358471329912,308.15
-9.84492580572929,-11.8199715399735,1.52268598515776,0.4702,0.546353715093427,308.15
-9.84608150029222,-11.8189437944478,1.5241515007621,0.4712,0.547348350549356,308.15
-9.84723674692795,-11.8179123159137,1.52561978371643,0.4722,0.548342378255237,308.15
-9.84839152450688,-11.8168771108462,1.52709084172875,0.4732,0.54933579876793,308.15
-9.84954581197013,-11.8158381858217,1.52856468253545,0.4742,0.550328612643613,308.15
-9.85069958831388,-11.81479554753,1.53004131390139,0.4752,0.551320820437783,308.15
-9.85185283254796,-11.813749202787,1.53152074361991,0.4762,0.552312422705263,308.15
-9.85300552378049,-11.8126991585161,1.53300297951322,0.4772,0.553303420000197,308.15
-9.85415764110661,-11.8116454217607,1.53448802943219,0.4782,0.554293812876053,308.15
-9.85530916373238,-11.8105879996731,1.53597590125687,0.4792,0.555283601885623,308.15
-9.85646007082798,-11.8095268995503,1.53746660289616,0.4802,0.556272787581028,308.15
-9.8576103417079,-11.8084621287761,1.53896014228851,0.4812,0.557261370513713,308.15
-9.85875995566465,-11.8073936948788,1.54045652740153,0.4822,0.558249351234454,308.15
-9.85990889202847,-11.8063216055092,1.54195576623235,0.4832,0.559236730293353,308.15
-9.86105713021569,-11.805245868428,1.54345786680787,0.4842,0.560223508239846,308.15
-9.86220464965838,-11.8041664915247,1.54496283718469,0.4852,0.561209685622697,308.15
-9.86335142984278,-11.8030834828223,1.54647068544935,0.4862,0.562195262990004,308.15
-9.86449745028969,-11.8019968504663,1.54798141971845,0.4872,0.563180240889197,308.15
-9.86564269056238,-11.8009066027249,1.54949504813879,0.4882,0.564164619867041,308.15
-9.86678713028723,-11.7998127479995,1.55101157888755,0.4892,0.565148400469637,308.15
-9.8679307490833,-11.7987152948247,1.55253102017228,0.4902,0.56613158324242,308.15
-9.86907352665103,-11.79761425186,1.55405338023127,0.4912,0.567114168730166,308.15
-9.87021544271475,-11.7965096279067,1.5555786673335,0.4922,0.568096157476985,308.15
-9.87135647705313,-11.7954014318846,1.55710688977893,0.4932,0.569077550026329,308.15
-9.87249660947992,-11.7942896728552,1.55863805589853,0.4942,0.570058346920991,308.15
-9.87363581982901,-11.7931743600301,1.56017217405441,0.4952,0.571038548703102,308.15
-9.87477408796125,-11.7920555027259,1.56170925264007,0.4962,0.572018155914138,308.15
-9.8759113938324,-11.7909331104349,1.56324930008052,0.4972,0.572997169094918,308.15
-9.87704771739871,-11.78980719276,1.56479232483239,0.4982,0.573975588785606,308.15
-9.87818303863483,-11.7886777594566,1.56633833538404,0.4992,0.574953415525708,308.15
-9.87931733762051,-11.7875448204165,1.5678873402559,0.5002,0.575930649854079,308.15
-9.88045059436757,-11.7864083856901,1.56943934800023,0.5012,0.576907292308922,308.15
-9.88158278902543,-11.7852684654461,1.57099436720179,0.5022,0.577883343427785,308.15
-9.88271390171355,-11.7841250700201,1.57255240647753,0.5032,0.57885880374757,308.15
-9.88384391260023,-11.7829782098874,1.57411347447698,0.5042,0.579833673804524,308.15
-9.88497280192431,-11.7818278956684,1.57567757988244,0.5052,0.580807954134249,308.15
-9.88610054991364,-11.7806741381331,1.57724473140894,0.5062,0.581781645271698,308.15
-9.88722713685624,-11.7795169482065,1.57881493780456,0.5072,0.582754747751176,308.15
-9.88835254306346,-11.778356336963,1.5803882078505,0.5082,0.583727262106344,308.15
-9.8894767488761,-11.7771923156331,1.58196455036126,0.5092,0.584699188870217,308.15
-9.89059973467408,-11.7760248955951,1.58354397418482,0.5102,0.585670528575167,308.15
-9.8917214808725,-11.7748540883937,1.58512648820277,0.5112,0.586641281752922,308.15
-9.89284196794666,-11.7736799057054,1.58671210133057,0.5122,0.58761144893457,308.15
-9.89396117632271,-11.7725023594091,1.58830082251737,0.5132,0.588581030650554,308.15
-9.89507908655484,-11.7713214614981,1.58989266074673,0.5142,0.589550027430682,308.15
-9.89619567915199,-11.7701372241646,1.59148762503619,0.5152,0.590518439804119,308.15
-9.89731093471891,-11.7689496597272,1.59308572443796,0.5162,0.591486268299393,308.15
-9.89842483382766,-11.7677587807019,1.59468696803862,0.5172,0.592453513444397,308.15
-9.89953735712617,-11.7665645997552,1.59629136495961,0.5182,0.593420175766386,308.15
-9.90064848527981,-11.7653671297154,1.59789892435729,0.5192,0.594386255791978,308.15
-9.9017581989794,-11.7641663835881,1.59950965542307,0.5202,0.595351754047161,308.15
-9.90286647896345,-11.7629623745381,1.60112356738365,0.5212,0.596316671057285,308.15
-9.90397330596331,-11.7617551159221,1.60274066950105,0.5222,0.597281007347072,308.15
-9.90507866079369,-11.7605446212425,1.60436097107302,0.5232,0.598244763440609,308.15
-9.90618252423474,-11.7593309041994,1.60598448143291,0.5242,0.599207939861355,308.15
-9.9072848771399,-11.7581139786563,1.60761120995008,0.5252,0.600170537132139,308.15
-9.90838570037093,-11.756893858662,1.60924116602998,0.5262,0.60113255577516,308.15
-9.90948497485188,-11.7556705584228,1.61087435911438,0.5272,0.602093996311991,308.15
-9.9105826814984,-11.7544440923496,1.61251079868143,0.5282,0.603054859263579,308.15
-9.9116788012561,-11.7532144750315,1.61415049424588,0.5292,0.604015145150242,308.15
-9.91277331509232,-11.7519817212352,1.61579345535926,0.5302,0.604974854491676,308.15
-9.91386620405475,-11.7507458459024,1.61743969161025,0.5312,0.605933987806953,308.15
-9.91495744915008,-11.7495068641821,1.61908921262445,0.5322,0.606892545614521,308.15
-9.91604703145892,-11.7482647913987,1.62074202806493,0.5332,0.607850528432207,308.15
-9.91713493206123,-11.7470196430698,1.62239814763222,0.5342,0.608807936777216,308.15
-9.91822113207699,-11.7457714348977,1.62405758106455,0.5352,0.609764771166133,308.15
-9.91930561265657,-11.7445201827901,1.62572033813804,0.5362,0.610721032114925,308.15
-9.92038835496396,-11.7432659028424,1.62738642866682,0.5372,0.61167672013894,308.15
-9.92146934017609,-11.7420086113502,1.62905586250324,0.5382,0.612631835752908,308.15
-9.92254854954619,-11.7407483247946,1.63072864953821,0.5392,0.613586379470943,308.15
-9.92362596431208,-11.7394850598714,1.63240479970113,0.5402,0.614540351806544,308.15
-9.92470156575268,-11.7382188334643,1.63408432296025,0.5412,0.615493753272595,308.15
-9.92577533513827,-11.7369496626825,1.63576722932269,0.5422,0.616446584381367,308.15
-9.92684725379741,-11.7356775648245,1.63745352883486,0.5432,0.617398845644517,308.15
-9.92791730312284,-11.7344025573757,1.63914323158267,0.5442,0.618350537573092,308.15
-9.92898546444218,-11.7331246580697,1.64083634769126,0.5452,0.619301660677525,308.15
-9.93005171917414,-11.7318438848287,1.64253288732577,0.5462,0.620252215467644,308.15
-9.93111604872583,-11.7305602557884,1.64423286069117,0.5472,0.621202202452661,308.15
-9.93217843455452,-11.7292737892944,1.64593627803264,0.5482,0.622151622141188,308.15
-9.93323885814359,-11.7279845039159,1.64764314963568,0.5492,0.623100475041222,308.15
-9.93429730097706,-11.7266924184392,1.64935348582629,0.5502,0.624048761660159,308.15
-9.93535374457952,-11.7253975518652,1.65106729697122,0.5512,0.624996482504788,308.15
-9.93640817048079,-11.7240999234239,1.65278459347812,0.5522,0.625943638081291,308.15
-9.93746056025157,-11.7227995525573,1.65450538579579,0.5532,0.626890228895251,308.15
-9.93851089550753,-11.7214964589357,1.65622968441447,0.5542,0.627836255451645,308.15
-9.93955915783877,-11.7201906624663,1.65795749986575,0.5552,0.628781718254848,308.15
-9.94060532890172,-11.7188821832722,1.65968884272312,0.5562,0.629726617808636,308.15
-9.94164939033569,-11.7175710417195,1.66142372360186,0.5572,0.630670954616183,308.15
-9.94269132386643,-11.7162572583862,1.66316215315964,0.5582,0.631614729180066,308.15
-9.94373111118421,-11.7149408541076,1.66490414209627,0.5592,0.632557942002261,308.15
-9.94476873400458,-11.7136218499551,1.66664970115415,0.5602,0.633500593584149,308.15
-9.94580417410039,-11.7123002672229,1.66839884111859,0.5612,0.634442684426513,308.15
-9.94683741324632,-11.710976127458,1.67015157281778,0.5622,0.635384215029542,308.15
-9.94786843326205,-11.7096494524382,1.67190790712323,0.5632,0.636325185892828,308.15
-9.94889721595794,-11.708320264207,1.67366785494974,0.5642,0.637265597515372,308.15
-9.94992374317201,-11.7069885850433,1.67543142725575,0.5652,0.638205450395578,308.15
-9.95094799680557,-11.7056544374643,1.67719863504372,0.5662,0.639144745031263,308.15
-9.95196995873671,-11.7043178442559,1.67896948936,0.5672,0.640083481919648,308.15
-9.95298961088648,-11.7029788284525,1.6807440012953,0.5682,0.641021661557367,308.15
-9.9540069351954,-11.7016374133372,1.68252218198483,0.5692,0.641959284440463,308.15
-9.9550219136301,-11.7002936224604,1.68430404260855,0.5702,0.642896351064392,308.15
-9.95603452816746,-11.6989474796332,1.68608959439129,0.5712,0.64383286192402,308.15
-9.95704476084853,-11.6975990089073,1.68787884860328,0.5722,0.644768817513627,308.15
-9.9580525936538,-11.6962482346442,1.68967181655977,0.5732,0.645704218326908,308.15
-9.95905800869026,-11.6948951814161,1.69146850962208,0.5742,0.646639064856973,308.15
-9.96006098801703,-11.6935398741046,1.6932689391971,0.5752,0.647573357596345,308.15
-9.96106151371754,-11.6921823378554,1.69507311673784,0.5762,0.648507097036968,308.15
-9.96205956796407,-11.6908225980623,1.69688105374384,0.5772,0.649440283670199,308.15
-9.96305513285104,-11.6894606804463,1.69869276176083,0.5782,0.650372917986817,308.15
-9.96404819057731,-11.6880966109531,1.70050825238167,0.5792,0.651305000477019,308.15
-9.96503872335051,-11.6867304158314,1.70232753724613,0.5802,0.652236531630421,308.15
-9.96602671335008,-11.6853621216274,1.70415062804109,0.5812,0.65316751193606,308.15
-9.96701214285889,-11.6839917551447,1.70597753650121,0.5822,0.654097941882398,308.15
-9.9679949941092,-11.6826193434989,1.70780827440862,0.5832,0.655027821957316,308.15
-9.9689752494014,-11.6812449140854,1.70964285359357,0.5842,0.655957152648119,308.15
-9.96995289105315,-11.679868494584,1.71148128593456,0.5852,0.656885934441539,308.15
-9.97092790138714,-11.6784901129909,1.71332358335844,0.5862,0.65781416782373,308.15
-9.97190026278354,-11.6771097975715,1.71516975784092,0.5872,0.658741853280273,308.15
-9.97286995757408,-11.6757275769373,1.71701982140638,0.5882,0.659668991296177,308.15
-9.97383696821414,-11.6743434799481,1.71887378612881,0.5892,0.660595582355879,308.15
-9.97480127709222,-11.6729575358136,1.72073166413128,0.5902,0.661521626943242,308.15
-9.97576286670751,-11.6715697740149,1.72259346758692,0.5912,0.662447125541561,308.15
-9.97672171950142,-11.6701802243765,1.7244592087185,0.5922,0.66337207863356,308.15
-9.97767781797496,-11.6687889170058,1.72632889979917,0.5932,0.664296486701394,308.15
-9.97863114467899,-11.667395882382,1.72820255315253,0.5942,0.665220350226652,308.15
-9.97958168214069,-11.6660011512242,1.7300801811529,0.5952,0.666143669690352,308.15
-9.98052941295625,-11.6646047546224,1.73196179622564,0.5962,0.66706644557295,308.15
-9.98147431969909,-11.6632067239877,1.73384741084721,0.5972,0.667988678354333,308.15
-9.98241638501173,-11.6618070910489,1.73573703754574,0.5982,0.668910368513825,308.15
-9.98335559153684,-11.6604058878703,1.73763068890105,0.5992,0.669831516530185,308.15
-9.98429192194426,-11.6590031468449,1.739528377545,0.6002,0.670752122881611,308.15
-9.98522535894818,-11.6575989006942,1.74143011616183,0.6012,0.671672188045736,308.15
-9.98615588525412,-11.6561931825016,1.74333591748822,0.6022,0.672591712499634,308.15
-9.98708348362187,-11.6547860256687,1.74524579431381,0.6032,0.673510696719817,308.15
-9.98800813681577,-11.6533774639568,1.74715975948127,0.6042,0.674429141182238,308.15
-9.98892982766673,-11.6519675314515,1.74907782588684,0.6052,0.675347046362291,308.15
-9.98984853898032,-11.6505562626129,1.75100000648019,0.6062,0.67626441273481,308.15
-9.99076425362987,-11.64914369224,1.75292631426512,0.6072,0.677181240774075,308.15
-9.99167695445543,-11.6477298555095,1.75485676229939,0.6082,0.678097530953808,308.15
-9.99258662440139,-11.646314787925,1.75679136369561,0.6092,0.679013283747174,308.15
-9.99349324640364,-11.6448985253668,1.75873013162099,0.6102,0.679928499626785,308.15
-9.99439680341197,-11.6434811040884,1.76067307929778,0.6112,0.680843179064699,308.15
-9.99529727841739,-11.6420625607042,1.76262022000363,0.6122,0.681757322532419,308.15
-9.99619465445651,-11.6406429321874,1.76457156707191,0.6132,0.682670930500897,308.15
-9.99708891454652,-11.6392222559168,1.7665271338917,0.6142,0.683584003440534,308.15
-9.9979800417569,-11.6378005696355,1.76848693390843,0.6152,0.684496541821179,308.15
-9.99886801922992,-11.6363779114368,1.77045098062422,0.6162,0.685408546112131,308.15
-9.99975283008799,-11.6349543198342,1.77241928759778,0.6172,0.68632001678214,308.15
-10.0006344574629,-11.6335298337338,1.77439186844485,0.6182,0.687230954299408,308.15
-10.0015128845447,-11.6321044924165,1.7763687368387,0.6192,0.688141359131589,308.15
-10.0023880945909,-11.6306783355398,1.77834990651044,0.6202,0.689051231745791,308.15
-10.003260070823,-11.6292514031906,1.78033539124894,0.6212,0.689960572608575,308.15
-10.0041287965304,-11.627823735838,1.78232520490151,0.6222,0.690869382185958,308.15
-10.0049942549962,-11.626395374382,1.7843193613739,0.6232,0.691777660943411,308.15
-10.0058564296196,-11.624966360077,1.78631787463119,0.6242,0.692685409345863,308.15
-10.006715303711,-11.6235367346508,1.78832075869713,0.6252,0.693592627857699,308.15
-10.0075708607107,-11.6221065402003,1.79032802765547,0.6262,0.694499316942762,308.15
-10.0084230840473,-11.6206758192603,1.7923396956496,0.6272,0.695405477064356,308.15
-10.0092719571816,-11.6192446147866,1.79435577688309,0.6282,0.696311108685241,308.15
-10.0101174636112,-11.6178129701598,1.79637628562001,0.6292,0.697216212267641,308.15
-10.0109595868937,-11.6163809291868,1.79840123618534,0.6302,0.698120788273238,308.15
-10.0117983105547,-11.6149485361126,1.80043064296493,0.6312,0.699024837163178,308.15
-10.0126336182462,-11.6135158355987,1.80246452040647,0.6322,0.699928359398069,308.15
-10.0134654935465,-11.6120828727891,1.80450288301895,0.6332,0.700831355437982,308.15
-10.0142939201575,-11.6106496932232,1.80654574537385,0.6342,0.701733825742453,308.15
-10.0151188818033,-11.6092163429103,1.80859312210502,0.6352,0.702635770770483,308.15
-10.0159403621686,-11.6077828683294,1.81064502790876,0.6362,0.703537190980539,308.15
-10.016758345062,-11.6063493163876,1.81270147754483,0.6372,0.704438086830555,308.15
-10.0175728142723,-11.6049157344674,1.81476248583619,0.6382,0.70533845877793,308.15
-10.0183837536976,-11.6034821703781,1.8168280676699,0.6392,0.706238307279534,308.15
-10.0191911471592,-11.6020486724666,1.81889823799659,0.6402,0.707137632791704,308.15
-10.0199949786128,-11.6006152894878,1.82097301183178,0.6412,0.708036435770248,308.15
-10.0207952320329,-11.5991820706831,1.82305240425573,0.6422,0.708934716670445,308.15
-10.0215918913714,-11.5977490658093,1.82513643041353,0.6432,0.709832475947043,308.15
-10.0223849406959,-11.5963163250699,1.82722510551609,0.6442,0.710729714054263,308.15
-10.0231743640894,-11.5948838991554,1.8293184448401,0.6452,0.711626431445801,308.15
-10.0239601456451,-11.5934518392819,1.83141646372826,0.6462,0.712522628574822,308.15
-10.0247422695246,-11.5920201971272,1.83351917758995,0.6472,0.71341830589397,308.15
-10.0255207199242,-11.590589024883,1.83562660190146,0.6482,0.714313463855361,308.15
-10.0262954810997,-11.5891583752374,1.83773875220636,0.6492,0.715208102910589,308.15
-10.0270665373355,-11.5877283013867,1.83985564411586,0.6502,0.716102223510721,308.15
-10.0278338729106,-11.5862988570408,1.84197729330891,0.6512,0.716995826106306,308.15
-10.0285974722462,-11.584870096484,1.84410371553311,0.6522,0.717888911147368,308.15
-10.0293573197255,-11.5834420744381,1.84623492660464,0.6532,0.718781479083411,308.15
-10.0301133997789,-11.582014846132,1.84837094240884,0.6542,0.719673530363418,308.15
-10.030865696944,-11.5805884674412,1.85051177890046,0.6552,0.720565065435854,308.15
-10.0316141957447,-11.5791629946897,1.85265745210409,0.6562,0.721456084748661,308.15
-10.0323588807747,-11.5777384847666,1.85480797811458,0.6572,0.722346588749269,308.15
-10.0330997366544,-11.5763149951068,1.85696337309727,0.6582,0.723236577884585,308.15
-10.0338367481013,-11.5748925836731,1.85912365328874,0.6592,0.724126052601003,308.15
-10.0345698997977,-11.5734713090195,1.86128883499653,0.6602,0.725015013344399,308.15
-10.0352991765876,-11.5720512302067,1.86345893460051,0.6612,0.725903460560135,308.15
-10.0360245632439,-11.5706324069116,1.86563396855207,0.6622,0.726791394693058,308.15
-10.0367460446668,-11.569214899351,1.86781395337553,0.6632,0.727678816187502,308.15
-10.0374636057898,-11.5677987683126,1.86999890566809,0.6642,0.728565725487288,308.15
-10.0381772315651,-11.5663840751827,1.87218884210008,0.6652,0.729452123035724,308.15
-10.0388869070551,-11.5649708818959,1.87438377941589,0.6662,0.730338009275607,308.15
-10.0395926173079,-11.5635592510251,1.87658373443365,0.6672,0.731223384649225,308.15
-10.0402943475089,-11.5621492456669,1.87878872404655,0.6682,0.732108249598351,308.15
-10.0409920828183,-11.5607409295731,1.88099876522225,0.6692,0.732992604564256,308.15
-10.041685808476,-11.559334367086,1.88321387500391,0.6702,0.733876449987696,308.15
-10.0423755097891,-11.5579296231363,1.88543407051056,0.6712,0.734759786308924,308.15
-10.0430611721236,-11.5565267632808,1.8876593689374,0.6722,0.735642613967682,308.15
-10.0437427808767,-11.5551258537049,1.88988978755609,0.6732,0.736524933403209,308.15
-10.0444203215144,-11.5537269612034,1.89212534371542,0.6742,0.737406745054236,308.15
-10.0450937795936,-11.5523301531861,1.89436605484179,0.6752,0.738288049358991,308.15
-10.0457631406911,-11.5509354977292,1.89661193843924,0.6762,0.739168846755197,308.15
-10.0464283904425,-11.5495430635311,1.89886301209016,0.6772,0.740049137680074,308.15
-10.04708951456,-11.5481529199407,1.90111929345574,0.6782,0.740928922570338,308.15
-10.0477464988345,-11.5467651369426,1.90338080027643,0.6792,0.741808201862205,308.15
-10.0483993290739,-11.5453797852097,1.90564755037206,0.6802,0.742686975991389,308.15
-10.0490479911895,-11.5439969360333,1.90791956164276,0.6812,0.743565245393102,308.15
-10.0496924711171,-11.5426166614285,1.91019685206888,0.6822,0.744443010502059,308.15
-10.050332754934,-11.5412390340072,1.9124794397122,0.6832,0.745320271752474,308.15
-10.0509688286809,-11.5398641271395,1.91476734271529,0.6842,0.746197029578062,308.15
-10.0516006785439,-11.5384920148246,1.91706057930303,0.6852,0.747073284412044,308.15
-10.0522282907414,-11.5371227717869,1.91935916778235,0.6862,0.747949036687139,308.15
-10.0528516515602,-11.5357564734247,1.92166312654304,0.6872,0.748824286835574,308.15
-10.0534707473898,-11.5343931958419,1.92397247405819,0.6882,0.749699035289078,308.15
-10.0540855646596,-11.5330330158499,1.92628722888449,0.6892,0.750573282478886,308.15
-10.0546960898538,-11.531676011003,1.92860740966263,0.6902,0.75144702883574,308.15
-10.0553023095796,-11.530322259529,1.93093303511825,0.6912,0.752320274789886,308.15
-10.0559042104947,-11.528971840411,1.93326412406193,0.6922,0.75319302077108,308.15
-10.0565017792793,-11.5276248333918,1.93560069538954,0.6932,0.754065267208585,308.15
-10.0570950027958,-11.5262813188795,1.93794276808363,0.6942,0.754937014531172,308.15
-10.0576838679004,-11.5249413780851,1.9402903612128,0.6952,0.755808263167122,308.15
-10.0582683615603,-11.5236050929638,1.94264349393284,0.6962,0.756679013544227,308.15
-10.0588484708088,-11.5222725462132,1.94500218548703,0.6972,0.757549266089789,308.15
-10.0594241827588,-11.5209438213118,1.94736645520662,0.6982,0.758419021230621,308.15
-10.0599954846023,-11.5196190025087,1.94973632251135,0.6992,0.75928827939305,308.15
-10.0605623636437,-11.5182981748098,1.95211180691016,0.7002,0.760157041002913,308.15
-10.0611248072166,-11.5169814240345,1.95449292800117,0.7012,0.761025306485564,308.15
-10.0616828028212,-11.5156688367498,1.95687970547298,0.7022,0.761893076265869,308.15
-10.0622363379531,-11.5143605003811,1.95927215910417,0.7032,0.76276035076821,308.15
-10.0627854002333,-11.5130565031181,1.96167030876462,0.7042,0.763627130416485,308.15
-10.0633299773738,-11.5117569339745,1.96407417441572,0.7052,0.764493415634107,308.15
-10.0638700571933,-11.5104618827683,1.96648377611107,0.7062,0.765359206844007,308.15
-10.0644056275473,-11.5091714401743,1.96889913399651,0.7072,0.766224504468634,308.15
-10.0649366764643,-11.5078856976572,1.97132026831149,0.7082,0.767089308929956,308.15
-10.065463191969,-11.5066047475671,1.97374719938855,0.7092,0.767953620649458,308.15
-10.0659851622535,-11.5053286830702,1.97617994765479,0.7102,0.768817440048147,308.15
-10.0665025755997,-11.5040575981802,1.97861853363205,0.7112,0.769680767546549,308.15
-10.067015420329,-11.5027915878161,1.98106297793703,0.7122,0.770543603564713,308.15
-10.067523684918,-11.5015307477251,1.98351330128258,0.7132,0.771405948522208,308.15
-10.0680273579302,-11.5002751745387,1.98596952447785,0.7142,0.772267802838126,308.15
-10.0685264280161,-11.4990249657791,1.98843166842877,0.7152,0.773129166931084,308.15
-10.0690208839652,-11.4977802198504,1.99089975413893,0.7162,0.77399004121922,308.15
-10.0695107145953,-11.4965410360797,1.99337380270952,0.7172,0.774850426120199,308.15
-10.0699959088983,-11.4953075146813,1.99585383534066,0.7182,0.77571032205121,308.15
-10.0704764559578,-11.4940797567732,1.99833987333156,0.7192,0.776569729428968,308.15
-10.0709523449455,-11.4928578644252,2.00083193808099,0.7202,0.777428648669716,308.15
-10.071423565187,-11.491641940589,2.0033300510883,0.7212,0.778287080189222,308.15
-10.0718901060446,-11.4904320892271,2.00583423395319,0.7222,0.779145024402783,308.15
-10.0723519570336,-11.4892284151954,2.00834450837709,0.7232,0.780002481725227,308.15
-10.0728091078253,-11.4880310242989,2.0108608961637,0.7242,0.780859452570907,308.15
-10.0732615481358,-11.4868400233433,2.01338341921886,0.7252,0.781715937353709,308.15
-10.0737092678315,-11.485655520076,2.01591209955187,0.7262,0.782571936487048,308.15
-10.074152256916,-11.4844776232126,2.01844695927593,0.7272,0.783427450383871,308.15
-10.0745905054617,-11.4833064424993,2.0209880206083,0.7282,0.784282479456658,308.15
-10.0750240037081,-11.4821420886428,2.02353530587154,0.7292,0.78513702411742,308.15
-10.0754527419777,-11.4809846733831,2.02608883749355,0.7302,0.785991084777702,308.15
-10.0758767108027,-11.4798343094023,2.02864863800905,0.7312,0.786844661848583,308.15
-10.0762959007174,-11.4786911105084,2.03121473005874,0.7322,0.787697755740675,308.15
-10.076710302482,-11.4775551914605,2.03378713639145,0.7332,0.788550366864129,308.15
-10.0771199069433,-11.4764266680946,2.03636587986379,0.7342,0.789402495628628,308.15
-10.0775247051027,-11.4753056572657,2.03895098344127,0.7352,0.790254142443393,308.15
-10.0779246880638,-11.4741922769204,2.04154247019852,0.7362,0.791105307717184,308.15
-10.0783198471035,-11.4730866460434,2.04414036332042,0.7372,0.791955991858296,308.15
-10.0787101735822,-11.4719888846758,2.04674468610223,0.7382,0.792806195274564,308.15
-10.0790956591305,-11.4708991140382,2.04935546195095,0.7392,0.793655918373363,308.15
-10.0794762953017,-11.4698174563343,2.05197271438465,0.7402,0.794505161561606,308.15
-10.0798520739881,-11.4687440349063,2.05459646703493,0.7412,0.795353925245747,308.15
-10.0802229871519,-11.4676789742082,2.0572267436462,0.7422,0.796202209831782,308.15
-10.0805890268728,-11.4666223998512,2.05986356807659,0.7432,0.797050015725249,308.15
-10.0809501854291,-11.4655744385296,2.06250696429917,0.7442,0.797897343331228,308.15
-10.0813064552109,-11.4645352181055,2.06515695640198,0.7452,0.79874419305434,308.15
-10.0816578288147,-11.4635048675727,2.06781356858933,0.7462,0.799590565298752,308.15
-10.082004298927,-11.4624835171083,2.07047682518175,0.7472,0.800436460468177,308.15
-10.0823458584509,-11.4614712980248,2.07314675061746,0.7482,0.801281878965868,308.15
-10.0826825003842,-11.4604683428585,2.07582336945223,0.7492,0.802126821194629,308.15
-10.0830142179535,-11.4594747852965,2.07850670636098,0.7502,0.802971287556806,308.15
-10.0833410044933,-11.4584907602586,2.08119678613763,0.7512,0.803815278454295,308.15
-10.0836628535165,-11.457516403859,2.08389363369631,0.7522,0.804658794288538,308.15
-10.0839797587325,-11.4565518534207,2.08659727407217,0.7532,0.805501835460526,308.15
-10.0842917140014,-11.455597247512,2.08930773242171,0.7542,0.806344402370798,308.15
-10.0845987133446,-11.454652725946,2.09202503402362,0.7552,0.807186495419442,308.15
-10.0849007509594,-11.4537184297835,2.09474920427957,0.7562,0.808028115006099,308.15
-10.0851978212344,-11.4527945013435,2.09748026871504,0.7572,0.808869261529957,308.15
-10.085489918703,-11.4518810842449,2.10021825297966,0.7582,0.809709935389757,308.15
-10.0857770381433,-11.4509783233386,2.10296318284876,0.7592,0.810550136983793,308.15
-10.0860591744476,-11.4500863648279,2.10571508422302,0.7602,0.811389866709911,308.15
-10.0863363227312,-11.4492053561786,2.10847398313013,0.7612,0.812229124965509,308.15
-10.0866084783136,-11.448335446184,2.11123990572525,0.7622,0.81306791214754,308.15
-10.0868756366324,-11.447476785007,2.11401287829122,0.7632,0.813906228652511,308.15
-10.0871377934211,-11.4466295240703,2.11679292724064,0.7642,0.814744074876486,308.15
-10.0873949445214,-11.4457938162272,2.11958007911509,0.7652,0.815581451215082,308.15
-10.0876470859938,-11.4449698156766,2.12237436058683,0.7662,0.816418358063474,308.15
-10.0878942141237,-11.4441576779427,2.12517579845967,0.7672,0.817254795816393,308.15
-10.0881363254124,-11.4433575599778,2.12798441966945,0.7682,0.818090764868129,308.15
-10.0883734165169,-11.4425696201211,2.13080025128458,0.7692,0.818926265612529,308.15
-10.0886054843165,-11.4417940181485,2.13362332050716,0.7702,0.819761298443,308.15
-10.0888325259249,-11.4410309152147,2.13645365467399,0.7712,0.820595863752507,308.15
-10.0890545386494,-11.4402804739322,2.13929128125694,0.7722,0.821429961933576,308.15
-10.0892715200493,-11.4395428583311,2.14213622786427,0.7732,0.822263593378295,308.15
-10.0894834678422,-11.4388182339513,2.14498852224062,0.7742,0.82309675847831,308.15
-10.0896903800071,-11.438106767769,2.14784819226869,0.7752,0.823929457624832,308.15
-10.0898922547339,-11.4374086282475,2.15071526596962,0.7762,0.824761691208633,308.15
-10.0900890904721,-11.4367239853307,2.1535897715042,0.7772,0.825593459620048,308.15
-10.0902808858489,-11.4360530105078,2.15647173717302,0.7782,0.826424763248978,308.15
-10.0904676397882,-11.4353958767427,2.15936119141826,0.7792,0.827255602484885,308.15
-10.0906493513718,-11.4347527585867,2.1622581628234,0.7802,0.828085977716799,308.15
-10.0908260199882,-11.434123832092,2.16516268011528,0.7812,0.828915889333314,308.15
-10.090997645256,-11.4335092748825,2.16807477216425,0.7822,0.829745337722591,308.15
-10.0911642270015,-11.4329092661711,2.17099446798495,0.7832,0.830574323272355,308.15
-10.0913257653374,-11.4323239867441,2.17392179673767,0.7842,0.831402846369904,308.15
-10.091482260611,-11.431753618991,2.17685678772889,0.7852,0.832230907402098,308.15
-10.0916337134482,-11.4311983469003,2.17979947041245,0.7862,0.83305850675537,308.15
-10.0917801247187,-11.4306583560953,2.18274987439016,0.7872,0.83388564481572,308.15
-10.091921495518,-11.4301338338612,2.18570802941252,0.7882,0.834712321968719,308.15
-10.0920578272787,-11.4296249691075,2.18867396538044,0.7892,0.835538538599507,308.15
-10.0921891216425,-11.4291319524138,2.19164771234528,0.7902,0.836364295092796,308.15
-10.0923153805422,-11.4286549760708,2.19462930051015,0.7912,0.837189591832869,308.15
-10.0924366061922,-11.4281942340279,2.19761876023094,0.7922,0.838014429203583,308.15
-10.0925528010866,-11.4277499219665,2.20061612201709,0.7932,0.838838807588365,308.15
-10.0926639679834,-11.4273222372871,2.20362141653244,0.7942,0.839662727370218,308.15
-10.092770109926,-11.426911379145,2.20663467459627,0.7952,0.840486188931717,308.15
-10.0928712302804,-11.4265175484118,2.20965592718459,0.7962,0.841309192655013,308.15
-10.0929673326588,-11.4261409477724,2.21268520543036,0.7972,0.842131738921831,308.15
-10.0930584210363,-11.425781781637,2.21572254062546,0.7982,0.842953828113473,308.15
-10.0931444995814,-11.4254402563026,2.21876796422017,0.7992,0.843775460610816,308.15
-10.0932255729125,-11.425116579762,2.22182150782634,0.8002,0.844596636794316,308.15
-10.0933016457855,-11.4248109619669,2.22488320321559,0.8012,0.845417357044003,308.15
-10.0933727233992,-11.4245236146059,2.227953082323,0.8022,0.846237621739489,308.15
-10.0934388112425,-11.4242547512581,2.23103117724666,0.8032,0.847057431259962,308.15
-10.0934999150528,-11.4240045874231,2.23411752024832,0.8042,0.847876785984191,308.15
-10.093556041003,-11.4237733404067,2.23721214375602,0.8052,0.848695686290524,308.15
-10.0936071954806,-11.4235612295084,2.24031508036309,0.8062,0.849514132556889,308.15
-10.0936533852817,-11.4233684758804,2.2434263628309,0.8072,0.850332125160796,308.15
-10.0936946175071,-11.4231953026516,2.2465460240889,0.8082,0.851149664479337,308.15
-10.0937308995783,-11.4230419348975,2.2496740972358,0.8092,0.851966750889184,308.15
-10.0937622393251,-11.4229085996362,2.2528106155413,0.8102,0.852783384766594,308.15
-10.0937886448606,-11.4227955258993,2.25595561244609,0.8112,0.853599566487406,308.15
-10.0938101246811,-11.4227029447159,2.25910912156364,0.8122,0.854415296427045,308.15
-10.0938266875942,-11.422631089158,2.26227117668069,0.8132,0.855230574960516,308.15
-10.0938383428728,-11.4225801942586,2.26544181175964,0.8142,0.856045402462415,308.15
-10.0938451000166,-11.4225504971996,2.26862106093743,0.8152,0.856859779306919,308.15
-10.0938469689994,-11.4225422371573,2.27180895852884,0.8162,0.857673705867794,308.15
-10.0938439601123,-11.42255565545,2.27500553902607,0.8172,0.85848718251839,308.15
-10.0938360840894,-11.422590995418,2.27821083710111,0.8182,0.859300209631648,308.15
-10.0938233519353,-11.4226485026503,2.28142488760499,0.8192,0.860112787580093,308.15
-10.0938057751993,-11.4227284247222,2.28464772557161,0.8202,0.860924916735843,308.15
-10.093783365653,-11.4228310114998,2.28787938621571,0.8212,0.8617365974706,308.15
-10.0937561356055,-11.4229565149406,2.29111990493687,0.8222,0.862547830155659,308.15
-10.0937240976454,-11.4231051892433,2.29436931731837,0.8232,0.863358615161905,308.15
-10.0936872648969,-11.4232772907578,2.29762765913047,0.8242,0.864168952859813,308.15
-10.093645650806,-11.4234730781039,2.30089496632969,0.8252,0.864978843619449,308.15
-10.093599269294,-11.4236928121145,2.30417127506129,0.8262,0.865788287810472,308.15
-10.0935481345867,-11.4239367559718,2.3074566216588,0.8272,0.866597285802132,308.15
-10.0934922615145,-11.4242051750034,2.31075104264799,0.8282,0.867405837963274,308.15
-10.0934316651757,-11.42449833696,2.31405457474485,0.8292,0.868213944662334,308.15
-10.0933663612176,-11.424816511829,2.31736725485937,0.8302,0.869021606267345,308.15
-10.0932963656775,-11.4251599719799,2.32068912009519,0.8312,0.869828823145933,308.15
-10.0932216950682,-11.4255289921104,2.32402020775162,0.8322,0.870635595665318,308.15
-10.0931423662977,-11.4259238493357,2.32736055532399,0.8332,0.871441924192319,308.15
-10.0930583967955,-11.4263448231293,2.33071020050604,0.8342,0.87224780909335,308.15
-10.09296980444,-11.4267921953768,2.33406918119048,0.8352,0.87305325073442,308.15
-10.0928766075873,-11.4272662503848,2.33743753547043,0.8362,0.873858249481138,308.15
-10.0927788250285,-11.4277672749739,2.34081530164008,0.8372,0.87466280569871,308.15
-10.0926764760357,-11.4282955584036,2.34420251819655,0.8382,0.875466919751941,308.15
-10.0925695804504,-11.4288513923866,2.34759922384182,0.8392,0.876270592005235,308.15
-10.0924581584945,-11.4294350712146,2.35100545748221,0.8402,0.877073822822595,308.15
-10.0923422309937,-11.4300468916286,2.35442125823175,0.8412,0.877876612567625,308.15
-10.0922218191564,-11.4306871530337,2.35784666541116,0.8422,0.87867896160353,308.15
-10.0920969448333,-11.4313561572937,2.36128171855184,0.8432,0.879480870293115,308.15
-10.091967630324,-11.4320542089132,2.36472645739507,0.8442,0.880282338998789,308.15
-10.0918338984046,-11.4327816150403,2.36818092189363,0.8452,0.881083368082561,308.15
-10.0916957724753,-11.4335386854023,2.37164515221444,0.8462,0.881883957906044,308.15
-10.0915532763878,-11.4343257324316,2.3751191887382,0.8472,0.882684108830456,308.15
-10.0914064346,-11.4351430711677,2.37860307206228,0.8482,0.883483821216617,308.15
-10.0912552720584,-11.4359910194231,2.38209684300062,0.8492,0.884283095424953,308.15
-10.0910998142901,-11.4368698976797,2.3856005425862,0.8502,0.885081931815493,308.15
-10.0909400874133,-11.4377800291557,2.38911421207229,0.8512,0.885880330747874,308.15
-10.0907761180718,-11.4387217398326,2.3926378929332,0.8522,0.886678292581339,308.15
-10.090607933461,-11.4396953585115,2.39617162686581,0.8532,0.887475817674736,308.15
-10.0904355614251,-11.4407012167233,2.39971545579197,0.8542,0.888272906386522,308.15
-10.0902590303388,-11.441739648891,2.40326942185847,0.8552,0.889069559074762,308.15
-10.0900783691816,-11.4428109922412,2.40683356743939,0.8562,0.889865776097127,308.15
-10.0898936075854,-11.443915586851,2.41040793513776,0.8572,0.8906615578109,308.15
-10.0897047756419,-11.4450537757914,2.41399256778498,0.8582,0.891456904572972,308.15
-10.0895119042723,-11.4462259048652,2.41758750844613,0.8592,0.892251816739842,308.15
-10.0893150248253,-11.4474323229789,2.42119280041699,0.8602,0.893046294667624,308.15
-10.0891141693771,-11.4486733819092,2.42480848722868,0.8612,0.893840338712039,308.15
-10.0889093706423,-11.4499494363887,2.42843461264818,0.8622,0.894633949228421,308.15
-10.0887006619362,-11.4512608442216,2.43207122067914,0.8632,0.895427126571717,308.15
-10.0884880772175,-11.452607966198,2.43571835556397,0.8642,0.896219871096485,308.15
-10.0882716511649,-11.4539911661234,2.43937606178595,0.8652,0.897012183156898,308.15
-10.0880514190544,-11.4554108109216,2.44304438406936,0.8662,0.89780406310674,308.15
-10.0878274168854,-11.4568672705638,2.44672336738229,0.8672,0.898595511299412,308.15
-10.0875996813306,-11.4583609181359,2.4504130569376,0.8682,0.899386528087929,308.15
-10.0873682497177,-11.4598921298962,2.45411349819404,0.8692,0.90017711382492,308.15
-10.0871331600698,-11.4614612852451,2.45782473685831,0.8702,0.900967268862631,308.15
-10.086894451158,-11.4630687667437,2.46154681888696,0.8712,0.901756993552924,308.15
-10.086652162444,-11.4647149601637,2.46527979048741,0.8722,0.902546288247278,308.15
-10.0864063340787,-11.466400254526,2.46902369811924,0.8732,0.903335153296788,308.15
-10.0861570070034,-11.468125042076,2.47277858849691,0.8742,0.904123589052169,308.15
-10.0859042228519,-11.4698897183353,2.4765445085902,0.8752,0.904911595863753,308.15
-10.085648023976,-11.4716946821621,2.4803215056259,0.8762,0.905699174081491,308.15
-10.0853884535502,-11.47354033567,2.48410962709064,0.8772,0.906486324054955,308.15
-10.0851255554612,-11.4754270843715,2.48790892073101,0.8782,0.907273046133334,308.15
-10.0848593743929,-11.4773553371041,2.49171943455623,0.8792,0.908059340665441,308.15
-10.0845899557704,-11.4793255061446,2.49554121683891,0.8802,0.908845207999706,308.15
-10.0843173458559,-11.481338007112,2.49937431611788,0.8812,0.909630648484184,308.15
-10.0840415916698,-11.4833932591367,2.50321878119858,0.8822,0.91041566246655,308.15
-10.0837627410371,-11.4854916847952,2.50707466115536,0.8832,0.911200250294103,308.15
-10.0834808425969,-11.4876337101183,2.5109420053332,0.8842,0.911984412313764,308.15
-10.0831959458522,-11.4898197646502,2.51482086334968,0.8852,0.912768148872076,308.15
-10.0829081010689,-11.4920502815068,2.51871128509556,0.8862,0.91355146031521,308.15
-10.0826173594282,-11.4943256973012,2.5226133207381,0.8872,0.914334346988958,308.15
-10.0823237729222,-11.4966464522559,2.52652702072145,0.8882,0.91511680923874,308.15
-10.0820273943894,-11.4990129902136,2.53045243576866,0.8892,0.915898847409597,308.15
-10.0817282775242,-11.5014257586543,2.53438961688341,0.8902,0.916680461846202,308.15
-10.0814264769725,-11.5038852086381,2.5383386153529,0.8912,0.91746165289285,308.15
-10.081122048215,-11.5063917949371,2.54229948274797,0.8922,0.918242420893465,308.15
-10.0808150476087,-11.5089459760759,2.54627227092515,0.8932,0.919022766191599,308.15
-10.0805055324642,-11.5115482142183,2.55025703202952,0.8942,0.919802689130431,308.15
-10.0801935609918,-11.5141989753094,2.55425381849549,0.8952,0.92058219005277,308.15
-10.0798791923291,-11.5168987290592,2.55826268304889,0.8962,0.921361269301051,308.15
-10.0795624865202,-11.5196479489887,2.56228367870837,0.8972,0.922139927217343,308.15
-10.0792435046299,-11.5224471123723,2.56631685878853,0.8982,0.922918164143342,308.15
-10.0789223086147,-11.5252967003882,2.57036227689992,0.8992,0.923695980420376,308.15
-10.0785989614127,-11.5281971980531,2.57441998695192,0.9002,0.924473376389403,308.15
-10.0782735269622,-11.531149094248,2.57849004315473,0.9012,0.925250352391013,308.15
-10.0779460701345,-11.5341528818163,2.58257250002006,0.9022,0.92602690876543,308.15
-10.0776166568907,-11.5372090574288,2.58666741236508,0.9032,0.926803045852507,308.15
-10.0772853541286,-11.5403181218041,2.59077483531192,0.9042,0.927578763991733,308.15
-10.0769522297513,-11.5434805796292,2.59489482429043,0.9052,0.928354063522231,308.15
-10.0766173527856,-11.5466969395131,2.59902743504145,0.9062,0.929128944782754,308.15
-10.0762807931976,-11.5499677141633,2.60317272361611,0.9072,0.929903408111695,308.15
-10.0759426220424,-11.5532934203055,2.60733074637955,0.9082,0.930677453847077,308.15
-10.0756029114756,-11.5566745786868,2.6115015600128,0.9092,0.931451082326563,308.15
-10.0752617346919,-11.5601117141832,2.61568522151374,0.9102,0.93222429388745,308.15
-10.0749191659484,-11.563605355779,2.61988178819918,0.9112,0.93299708886667,308.15
-10.0745752806534,-11.5671560365523,2.6240913177078,0.9122,0.933769467600795,308.15
-10.0742301552636,-11.5707642937765,2.6283138680005,0.9132,0.934541430426033,308.15
-10.0738838674138,-11.5744306688437,2.63254949736404,0.9142,0.93531297767823,308.15
-10.0735364958351,-11.5781557073656,2.63679826441158,0.9152,0.936084109692871,308.15
-10.0731881203975,-11.5819399591466,2.64106022808521,0.9162,0.936854826805079,308.15
-10.0728388221409,-11.5857839782473,2.6453354476579,0.9172,0.937625129349617,308.15
-10.0724886832515,-11.5896883229488,2.64962398273532,0.9182,0.938395017660889,308.15
-10.0721377871317,-11.5936535557946,2.65392589325829,0.9192,0.939164492072939,308.15
-10.0717862183022,-11.5976802436632,2.65824123950342,0.9202,0.93993355291945,308.15
-10.0714340625769,-11.6017689576685,2.66257008208724,0.9212,0.940702200533749,308.15
-10.0710814068892,-11.6059202733239,2.66691248196563,0.9222,0.941470435248804,308.15
-10.0707283394883,-11.6101347703911,2.67126850043845,0.9232,0.942238257397224,308.15
-10.0703749497677,-11.61441303309,2.67563819914883,0.9242,0.943005667311262,308.15
-10.070021328449,-11.6187556499288,2.68002164008764,0.9252,0.943772665322816,308.15
-10.0696675674482,-11.6231632138929,2.68441888559333,0.9262,0.944539251763425,308.15
-10.0693137600045,-11.6276363222921,2.68882999835581,0.9272,0.945305426964273,308.15
-10.0689600006022,-11.6321755769364,2.69325504141683,0.9282,0.946071191256191,308.15
-10.0686063850981,-11.6367815839734,2.69769407817399,0.9292,0.946836544969651,308.15
-10.0682530105535,-11.6414549541065,2.70214717237986,0.9302,0.947601488434775,308.15
-10.0678999754432,-11.6461963024257,2.706614388147,0.9312,0.948366021981329,308.15
-10.0675473795242,-11.6510062485461,2.71109578994778,0.9322,0.949130145938726,308.15
-10.0671953239228,-11.6558854165749,2.71559144261745,0.9332,0.949893860636025,308.15
-10.0668439111177,-11.6608344350862,2.72010141135596,0.9342,0.950657166401936,308.15
-10.0664932449592,-11.6658539371996,2.72462576172975,0.9352,0.951420063564813,308.15
-10.0661434306954,-11.6709445605579,2.72916455967409,0.9362,0.95218255245266,308.15
-10.0657945749766,-11.6761069472957,2.73371787149516,0.9372,0.952944633393133,308.15
-10.0654467858453,-11.6813417441551,2.7382857638713,0.9382,0.953706306713532,308.15
-10.0651001727591,-11.6866496023939,2.74286830385561,0.9392,0.954467572740812,308.15
-10.0647548466478,-11.6920311778344,2.74746555887828,0.9402,0.955228431801575,308.15
-10.0644109198789,-11.6974871308563,2.7520775967481,0.9412,0.955988884222076,308.15
-10.0640685062795,-11.703018126404,2.75670448565455,0.9422,0.95674893032822,308.15
-10.0637277211442,-11.7086248340399,2.76134629416954,0.9432,0.957508570445564,308.15
-10.0633886812555,-11.7143079278876,2.76600309124973,0.9442,0.958267804899319,308.15
-10.063051504914,-11.720068086607,2.77067494623889,0.9452,0.959026634014347,308.15
-10.0627163119316,-11.7259059935232,2.77536192886904,0.9462,0.959785058115162,308.15
-10.0623832236226,-11.7318223364856,2.78006410926281,0.9472,0.960543077525936,308.15
-10.0620523628801,-11.7378178079745,2.7847815579357,0.9482,0.96130069257049,308.15
-10.0617238541185,-11.7438931050149,2.78951434579756,0.9492,0.962057903572304,308.15
-10.0613978233404,-11.7500489292512,2.79426254415486,0.9502,0.96281471085451,308.15
-10.0610743981143,-11.7562859869019,2.79902622471239,0.9512,0.963571114739897,308.15
-10.0607537076142,-11.7626049887476,2.80380545957553,0.9522,0.964327115550909,308.15
-10.0604358825561,-11.7690066502158,2.80860032125083,0.9532,0.965082713609648,308.15
-10.0601210553822,-11.7754916911658,2.81341088265103,0.9542,0.965837909237872,308.15
-10.0598093600839,-11.7820608361392,2.81823721709334,0.9552,0.966592702756996,308.15
-10.0595009323513,-11.7887148141707,2.82307939830393,0.9562,0.967347094488093,308.15
-10.0591959094489,-11.7954543588754,2.82793750041757,0.9572,0.968101084751895,308.15
-10.0588944303589,-11.8022802084303,2.83281159798116,0.9582,0.968854673868791,308.15
-10.0585966357577,-11.8091931054451,2.83770176595572,0.9592,0.969607862158832,308.15
-10.0583026680215,-11.8161937971146,2.84260807971727,0.9602,0.970360649941725,308.15
-10.0580126711609,-11.8232830351607,2.84753061505789,0.9612,0.97111303753684,308.15
-10.0577267909487,-11.8304615757616,2.85246944818918,0.9622,0.971865025263207,308.15
-10.0574451749411,-11.8377301795595,2.85742465574413,0.9632,0.972616613439516,308.15
-10.0571679723392,-11.8450896117092,2.86239631477647,0.9642,0.973367802384119,308.15
-10.0568953341247,-11.8525406418354,2.8673845027642,0.9652,0.97411859241503,308.15
-10.0566274130665,-11.8600840439988,2.8723892976113,0.9662,0.974868983849925,308.15
-10.0563643636792,-11.8677205967104,2.87741077764848,0.9672,0.975618977006143,308.15
-10.0561063423456,-11.8754510828584,2.88244902163669,0.9682,0.976368572200686,308.15
-10.055853507106,-11.883276289883,2.88750410876473,0.9692,0.977117769750221,308.15
-10.0556060179031,-11.8911970096139,2.89257611865478,0.9702,0.977866569971076,308.15
-10.0553640365067,-11.8992140382699,2.89766513136281,0.9712,0.978614973179248,308.15
-10.0551277264768,-11.9073281765865,2.90277122737874,0.9722,0.979362979690394,308.15
-10.0548972531942,-11.9155402298239,2.90789448762823,0.9732,0.98011058981984,308.15
-10.054672783943,-11.9238510076793,2.91303499347571,0.9742,0.980857803882578,308.15
-10.0544544878561,-11.9322613244685,2.91819282672408,0.9752,0.981604622193264,308.15
-10.0542425358939,-11.9407719991558,2.92336806961583,0.9762,0.982351045066223,308.15
-10.0540371009164,-11.9493838554412,2.92856080483516,0.9772,0.983097072815445,308.15
-10.0538383576813,-11.9580977219117,2.93377111550895,0.9782,0.983842705754589,308.15
-10.0536464828576,-11.9669144321629,2.93899908520821,0.9792,0.984587944196984,308.15
-10.0534616549352,-11.975834825194,2.9442447979469,0.9802,0.985332788455623,308.15
-10.0532840544252,-11.9848597455003,2.94950833818692,0.9812,0.986077238843172,308.15
-10.0531138636748,-11.9939900437111,2.95478979083514,0.9822,0.986821295671964,308.15
-10.0529512669708,-12.0032265770355,2.96008924124626,0.9832,0.987564959254004,308.15
-10.0527964505365,-12.0125702100698,2.96540677522336,0.9842,0.988308229900966,308.15
-10.0526496025751,-12.0220218158245,2.97074247901931,0.9852,0.989051107924193,308.15
-10.0525109131271,-12.0315822773243,2.97609643933442,0.9862,0.989793593634703,308.15
-10.0523805742815,-12.0412524893956,2.98146874332146,0.9872,0.990535687343183,308.15
-10.0522587800163,-12.051033361831,2.98685947858247,0.9882,0.991277389359992,308.15
-10.0521457263037,-12.0609258235486,2.99226873317116,0.9892,0.992018699995162,308.15
-10.0520416110198,-12.0709308290469,2.99769659559163,0.9902,0.992759619558399,308.15
-10.051946634058,-12.0810493682834,3.00314315480059,0.9912,0.99350014835908,308.15
-10.051860997229,-12.0912824827948,3.0086085002055,0.9922,0.994240286706258,308.15
-10.0517849043201,-12.1016312928997,3.01409272166559,0.9932,0.994980034908659,308.15
-10.0517185610978,-12.1120970468298,3.01959590949181,0.9942,0.995719393274684,308.15
-10.0516621752432,-12.1226812170093,3.02511815444556,0.9952,0.996458362112407,308.15
-10.0516159564499,-12.1333857105265,3.0306595477398,0.9962,0.997196941729582,308.15
-10.0515801163377,-12.1442134080579,3.03622018103756,0.9972,0.997935132433635,308.15
-10.0515548684883,-12.1551699391348,3.04180014645131,0.9982,0.998672934531669,308.15
