-12.9493412050096,-11.8826721451149,1.04666602875897,0.0002,0.00027138438633377,308.15
-11.9342346975197,-11.8832386662425,1.0473657521538,0.0012,0.00162772523095156,308.15
-11.592778065572,-11.8838028110954,1.04806640285387,0.0022,0.00298309835723694,308.15
-11.3828228325983,-11.8843645747863,1.04876798268514,0.0032,0.00433750480048812,308.15
-11.2312538693875,-11.8849239524289,1.04947049347832,0.0042,0.005690945594527,308.15
-11.1128438316072,-11.8854809391307,1.05017393706886,0.0052,0.00704342177170186,308.15
-11.0158448848202,-11.8860355300015,1.05087831529698,0.0062,0.00839493436288998,308.15
-10.9338226491331,-11.8865877201446,1.05158363000769,0.0072,0.0097454843975002,308.15
-10.8628678438356,-11.8871375046647,1.0522898830508,0.0082,0.0110950729034756,308.15
-10.8004265970253,-11.8876848786613,1.05299707628091,0.0092,0.0124437009072962,308.15
-10.7447382767622,-11.8882298372323,1.05370521155749,0.0102,0.0137913694339811,308.15
-10.6945375860955,-11.8887723754751,1.05441429074482,0.0112,0.0151380795070919,308.15
-10.6488845812905,-11.8893124884827,1.05512431571205,0.0122,0.0164838321487345,308.15
-10.6070618780778,-11.8898501713473,1.05583528833322,0.0132,0.017828628379562,308.15
-10.5685094991338,-11.8903854191582,1.05654721048724,0.0142,0.0191724692187775,308.15
-10.5327819453589,-11.8909182270032,1.05726008405796,0.0152,0.0205153556841363,308.15
-10.4995189722807,-11.8914485899653,1.05797391093411,0.0162,0.0218572887919485,308.15
-10.4684251347736,-11.8919765031324,1.0586886930094,0.0172,0.023198269557082,308.15
-10.4392551209792,-11.8925019615809,1.05940443218248,0.0182,0.0245382989929646,308.15
-10.4118030141958,-11.8930249603908,1.06012113035696,0.0192,0.0258773781115865,308.15
-10.3858942842345,-11.8935454946411,1.06083878944146,0.0202,0.0272155079235035,308.15
-10.3613797158188,-11.8940635594031,1.06155741134959,0.0212,0.0285526894378386,308.15
-10.3381307376683,-11.8945791497512,1.06227699799998,0.0222,0.0298889236622854,308.15
-10.3160357815467,-11.8950922607566,1.06299755131631,0.0232,0.03122421160311,308.15
-10.2949974102147,-11.8956028874872,1.06371907322731,0.0242,0.032558554265154,308.15
-10.2749300272943,-11.8961110250082,1.06444156566676,0.0252,0.0338919526518368,308.15
-10.2557580330753,-11.8966166683873,1.06516503057354,0.0262,0.0352244077651578,308.15
-10.2374143259305,-11.8971198126841,1.06588946989165,0.0272,0.0365559206056996,308.15
-10.2198390744376,-11.8976204529603,1.06661488557018,0.0282,0.03788649217263,308.15
-10.2029787035497,-11.8981185842738,1.06734127956337,0.0292,0.0392161234637046,308.15
-10.1867850515709,-11.898614201683,1.06806865383061,0.0302,0.0405448154752694,308.15
-10.1712146644812,-11.8991073002412,1.06879701033648,0.0312,0.0418725692022631,308.15
-10.1562282016592,-11.8995978750022,1.0695263510507,0.0322,0.0431993856382199,308.15
-10.1417899324934,-11.9000859210168,1.07025667794824,0.0332,0.0445252657752716,308.15
-10.1278673077322,-11.9005714333344,1.07098799300927,0.0342,0.0458502106041502,308.15
-10.1144305926146,-11.901054407002,1.0717202982192,0.0352,0.0471742211141907,308.15
-10.1014525514191,-11.9015348370651,1.07245359556869,0.0362,0.0484972982933331,308.15
-10.0889081749929,-11.9020127185672,1.07318788705369,0.0372,0.0498194431281249,308.15
-10.0767744444399,-11.9024880465511,1.07392317467542,0.0382,0.051140656603724,308.15
-10.0650301253458,-11.902960816057,1.07465946044041,0.0392,0.0524609397039006,308.15
-10.0536555879332,-11.903431022122,1.07539674636052,0.0402,0.05378029341104,308.15
-10.0426326493143,-11.903898659785,1.07613503445295,0.0412,0.0550987187061449,308.15
-10.0319444346638,-11.904363724079,1.07687432674027,0.0422,0.0564162165688377,308.15
-10.021575254658,-11.9048262100397,1.0776146252504,0.0432,0.0577327879773634,308.15
-10.0115104969296,-11.9052861126972,1.07835593201669,0.0442,0.0590484339085913,308.15
-10.0017365296802,-11.9057434270814,1.07909824907787,0.0452,0.0603631553380182,308.15
-9.99224061583317,-11.9061981482218,1.07984157847811,0.0462,0.0616769532397701,308.15
-9.98301083637998,-11.9066502711436,1.08058592226705,0.0472,0.062989828586605,308.15
-9.97403602176971,-11.9070997908746,1.08133128249977,0.0482,0.0643017823499154,308.15
-9.96530569033654,-11.9075467024374,1.08207766123684,0.0492,0.0656128154997305,308.15
-9.95680999292773,-11.9079910008532,1.08282506054434,0.0502,0.0669229290047183,308.15
-9.94853966299012,-11.9084326811447,1.08357348249387,0.0512,0.0682321238321887,308.15
-9.94048597149263,-11.9088717383297,1.08432292916257,0.0522,0.0695404009480952,308.15
-9.93264068611505,-11.9093081674261,1.08507340263312,0.0532,0.0708477613170378,308.15
-9.92499603424481,-11.9097419634519,1.08582490499379,0.0542,0.0721542059022649,308.15
-9.91754466935319,-11.9101731214206,1.08657743833845,0.0552,0.073459735665676,308.15
-9.91027964039882,-11.9106016363455,1.08733100476659,0.0562,0.0747643515678239,308.15
-9.9031943639136,-11.9110275032405,1.08808560638329,0.0572,0.0760680545679173,308.15
-9.89628259852576,-11.9114507171142,1.08884124529933,0.0582,0.0773708456238227,308.15
-9.88953842163541,-11.9118712729785,1.08959792363113,0.0592,0.0786727256920672,308.15
-9.88295620806693,-11.9122891658403,1.09035564350081,0.0602,0.0799736957278405,308.15
-9.87653061044727,-11.9127043907077,1.09111440703619,0.0612,0.0812737566849975,308.15
-9.87025654121761,-11.9131169425856,1.09187421637082,0.0622,0.0825729095160605,308.15
-9.86412915603326,-11.913526816477,1.09263507364399,0.0632,0.0838711551722215,308.15
-9.85814383850371,-11.9139340073896,1.09339698100075,0.0642,0.0851684946033445,308.15
-9.85229618609144,-11.9143385103208,1.09415994059196,0.0652,0.0864649287579681,308.15
-9.84658199709201,-11.9147403202761,1.09492395457426,0.0662,0.0877604585833073,308.15
-9.84099725859014,-11.9151394322543,1.09568902511011,0.0672,0.0890550850252564,308.15
-9.8355381352973,-11.915535841251,1.09645515436782,0.0682,0.0903488090283907,308.15
-9.83020095921925,-11.9159295422687,1.09722234452156,0.0692,0.0916416315359694,308.15
-9.82498222004212,-11.9163205303012,1.09799059775139,0.0702,0.0929335534899373,308.15
-9.81987855621698,-11.9167088003454,1.09875991624325,0.0712,0.0942245758309276,308.15
-9.81488674665512,-11.9170943473965,1.09953030218901,0.0722,0.0955146994982638,308.15
-9.81000370300934,-11.9174771664486,1.10030175778649,0.0732,0.0968039254299623,308.15
-9.80522646245406,-11.9178572524944,1.10107428523946,0.0742,0.0980922545627344,308.15
-9.80055218096861,-11.918234600528,1.10184788675768,0.0752,0.0993796878319887,308.15
-9.79597812706762,-11.9186092055366,1.10262256455689,0.0762,0.100666226171833,308.15
-9.79150167591677,-11.9189810625132,1.10339832085888,0.0772,0.101951870515078,308.15
-9.78712030384805,-11.9193501664489,1.10417515789145,0.0782,0.103236621793238,308.15
-9.78283158322055,-11.9197165123308,1.10495307788848,0.0792,0.104520480936532,308.15
-9.77863317759302,-11.9200800951487,1.10573208308993,0.0802,0.105803448873889,308.15
-9.77452283721747,-11.920440909888,1.10651217574187,0.0812,0.10708552653295,308.15
-9.7704983947678,-11.9207989515377,1.10729335809647,0.0822,0.108366714840066,308.15
-9.76655776137856,-11.921154215084,1.10807563241206,0.0832,0.109647014720307,308.15
-9.76269892288716,-11.9215066955117,1.10885900095314,0.0842,0.110926427097457,308.15
-9.75891993628837,-11.9218563878054,1.10964346599038,0.0852,0.112204952894021,308.15
-9.75521892644052,-11.922203286951,1.11042902980066,0.0862,0.113482593031227,308.15
-9.75159408291973,-11.9225473879331,1.1112156946671,0.0872,0.114759348429025,308.15
-9.74804365705816,-11.9228886857343,1.11200346287905,0.0882,0.116035220006094,308.15
-9.74456595917634,-11.9232271753384,1.11279233673214,0.0892,0.117310208679839,308.15
-9.74115935594184,-11.9235628517272,1.11358231852829,0.0902,0.118584315366398,308.15
-9.73782226789055,-11.9238957098856,1.11437341057574,0.0912,0.11985754098064,308.15
-9.7345531670618,-11.9242257447938,1.11516561518904,0.0922,0.12112988643617,308.15
-9.73135057479681,-11.9245529514343,1.11595893468912,0.0932,0.12240135264533,308.15
-9.72821305961914,-11.9248773247893,1.11675337140328,0.0942,0.123671940519202,308.15
-9.72513923524189,-11.9251988598385,1.11754892766521,0.0952,0.12494165096761,308.15
-9.72212775868588,-11.9255175515655,1.11834560581502,0.0962,0.126210484899121,308.15
-9.71917732848091,-11.9258333949508,1.11914340819929,0.0972,0.127478443221047,308.15
-9.7162866829655,-11.926146384975,1.11994233717102,0.0982,0.128745526839452,308.15
-9.7134545986802,-11.9264565166167,1.12074239508973,0.0992,0.130011736659145,308.15
-9.71067988883086,-11.9267637848618,1.12154358432144,0.1002,0.131277073583693,308.15
-9.7079614018247,-11.9270681846887,1.1223459072387,0.1012,0.132541538515412,308.15
-9.70529801990008,-11.9273697110784,1.12314936622061,0.1022,0.133805132355381,308.15
-9.70268865779752,-11.9276683590116,1.12395396365285,0.1032,0.135067856003432,308.15
-9.70013226150499,-11.9279641234706,1.12475970192769,0.1042,0.136329710358162,308.15
-9.69762780706455,-11.9282569994365,1.12556658344403,0.1052,0.137590696316929,308.15
-9.69517429944865,-11.9285469818908,1.12637461060742,0.1062,0.138850814775858,308.15
-9.69277077145057,-11.928834065815,1.12718378583005,0.1072,0.14011006662984,308.15
-9.6904162826781,-11.9291182461932,1.12799411153083,0.1082,0.141368452772537,308.15
-9.68810991853709,-11.9293995180051,1.12880559013536,0.1092,0.142625974096381,308.15
-9.68585078931309,-11.9296778762363,1.129618224076,0.1102,0.14388263149258,308.15
-9.68363802926966,-11.929953315868,1.13043201579183,0.1112,0.145138425851115,308.15
-9.68147079577404,-11.9302258318858,1.13124696772875,0.1122,0.146393358060747,308.15
-9.67934826848692,-11.9304954192736,1.13206308233945,0.1132,0.147647429009017,308.15
-9.67726964859076,-11.9307620730144,1.13288036208345,0.1142,0.148900639582248,308.15
-9.67523415801185,-11.9310257880978,1.13369880942711,0.1152,0.150152990665546,308.15
-9.67324103872043,-11.9312865595049,1.13451842684369,0.1162,0.151404483142805,308.15
-9.6712895520489,-11.9315443822275,1.13533921681333,0.1172,0.152655117896707,308.15
-9.66937897800563,-11.9317992512489,1.1361611818231,0.1182,0.153904895808725,308.15
-9.66750861468052,-11.932051161561,1.13698432436702,0.1192,0.155153817759122,308.15
-9.66567777761839,-11.9323001081504,1.13780864694609,0.1202,0.15640188462696,308.15
-9.66388579925226,-11.9325460860095,1.13863415206828,0.1212,0.157649097290093,308.15
-9.66213202832765,-11.9327890901269,1.13946084224861,0.1222,0.158895456625177,308.15
-9.66041582938836,-11.9330291154964,1.14028872000912,0.1232,0.160140963507668,308.15
-9.65873658226545,-11.9332661571099,1.14111778787894,0.1242,0.161385618811825,308.15
-9.65709368158071,-11.9335002099628,1.14194804839428,0.1252,0.162629423410711,308.15
-9.65548653628081,-11.9337312690484,1.14277950409847,0.1262,0.163872378176196,308.15
-9.65391456917606,-11.9339593293653,1.14361215754199,0.1272,0.165114483978961,308.15
-9.65237721650888,-11.9341843859097,1.14444601128248,0.1282,0.166355741688496,308.15
-9.65087392754682,-11.9344064336804,1.14528106788478,0.1292,0.167596152173104,308.15
-9.64940416415696,-11.934625467678,1.14611732992094,0.1302,0.168835716299905,308.15
-9.64796740045274,-11.9348414829046,1.14695479997026,0.1312,0.170074434934833,308.15
-9.64656312238479,-11.935054474363,1.1477934806193,0.1322,0.171312308942645,308.15
-9.64519082742239,-11.9352644370575,1.14863337446193,0.1332,0.172549339186915,308.15
-9.64385002416834,-11.9354713659943,1.14947448409932,0.1342,0.173785526530044,308.15
-9.64254023206765,-11.9356752561793,1.15031681214,0.1352,0.175020871833256,308.15
-9.64126098105564,-11.9358761026243,1.15116036119987,0.1362,0.176255375956601,308.15
-9.64001181126754,-11.9360739003404,1.15200513390222,0.1372,0.177489039758961,308.15
-9.63879227273887,-11.9362686443402,1.15285113287777,0.1382,0.178721864098048,308.15
-9.6376019251123,-11.9364603296351,1.15369836076467,0.1392,0.179953849830405,308.15
-9.63644033739023,-11.9366489512452,1.15454682020856,0.1402,0.181184997811414,308.15
-9.63530708761157,-11.9368345041885,1.1553965138626,0.1412,0.182415308895291,308.15
-9.63420176265823,-11.9370169834831,1.15624744438743,0.1422,0.183644783935092,308.15
-9.63312395797769,-11.9371963841534,1.1570996144513,0.1432,0.184873423782714,308.15
-9.63207327733144,-11.9373727012243,1.15795302672999,0.1442,0.186101229288898,308.15
-9.6310493326002,-11.9375459297206,1.15880768390692,0.1452,0.187328201303228,308.15
-9.63005174352448,-11.9377160646732,1.15966358867313,0.1462,0.188554340674137,308.15
-9.62908013751519,-11.9378831011117,1.16052074372732,0.1472,0.189779648248905,308.15
-9.62813414943342,-11.9380470340709,1.1613791517759,0.1482,0.191004124873663,308.15
-9.62721342139619,-11.9382078585859,1.16223881553297,0.1492,0.192227771393397,308.15
-9.62631760257297,-11.9383655696944,1.16309973772037,0.1502,0.193450588651945,308.15
-9.62544634901044,-11.9385201624415,1.16396192106773,0.1512,0.194672577492004,308.15
-9.62459932344307,-11.9386716318658,1.16482536831248,0.1522,0.195893738755127,308.15
-9.62377619512595,-11.938819973014,1.16569008219985,0.1532,0.197114073281729,308.15
-9.62297663963632,-11.9389651809392,1.16655606548295,0.1542,0.198333581911088,308.15
-9.62220033875012,-11.93910725069,1.16742332092274,0.1552,0.199552265481346,308.15
-9.62144698026113,-11.9392461773219,1.16829185128812,0.1562,0.20077012482951,308.15
-9.62071625783776,-11.9393819558926,1.16916165935592,0.1572,0.201987160791457,308.15
-9.62000787084667,-11.9395145814616,1.17003274791091,0.1582,0.203203374201933,308.15
-9.61932152423964,-11.9396440490923,1.17090511974589,0.1592,0.204418765894557,308.15
-9.61865692840251,-11.9397703538533,1.17177877766166,0.1602,0.20563333670182,308.15
-9.61801379902444,-11.9398934908132,1.17265372446708,0.1612,0.206847087455091,308.15
-9.6173918569353,-11.9400134550458,1.17352996297908,0.1622,0.208060018984616,308.15
-9.61679082804039,-11.9401302416278,1.1744074960227,0.1632,0.20927213211952,308.15
-9.61621044313076,-11.94024384564,1.17528632643113,0.1642,0.21048342768781,308.15
-9.61565043781539,-11.9403542621632,1.17616645704571,0.1652,0.211693906516377,308.15
-9.61511055236915,-11.9404614862863,1.17704789071599,0.1662,0.212903569430997,308.15
-9.61459053164431,-11.9405655131,1.17793063029973,0.1672,0.214112417256332,308.15
-9.61409012494086,-11.9406663376979,1.17881467866295,0.1682,0.215320450815934,308.15
-9.61360908591602,-11.9407639551788,1.17970003867997,0.1692,0.216527670932245,308.15
-9.61314717247868,-11.940858360645,1.18058671323339,0.1702,0.217734078426603,308.15
-9.61270414668971,-11.9409495492025,1.18147470521419,0.1712,0.218939674119236,308.15
-9.61227977464989,-11.9410375159594,1.18236401752169,0.1722,0.220144458829271,308.15
-9.61187382643488,-11.9411222560327,1.18325465306364,0.1732,0.221348433374734,308.15
-9.61148607597371,-11.9412037645376,1.18414661475621,0.1742,0.222551598572549,308.15
-9.61111630099203,-11.9412820365971,1.18503990552404,0.1752,0.223753955238545,308.15
-9.61076428287937,-11.9413570673397,1.18593452830026,0.1762,0.224955504187451,308.15
-9.61042980665311,-11.9414288518966,1.18683048602652,0.1772,0.226156246232906,308.15
-9.61011266086119,-11.9414973854016,1.18772778165305,0.1782,0.227356182187453,308.15
-9.60981263748085,-11.9415626629955,1.18862641813863,0.1792,0.228555312862546,308.15
-9.60952953187824,-11.9416246798235,1.1895263984507,0.1802,0.22975363906855,308.15
-9.60926314269457,-11.9416834310358,1.19042772556531,0.1812,0.230951161614745,308.15
-9.60901327181935,-11.9417389117847,1.19133040246722,0.1822,0.232147881309321,308.15
-9.60877972426712,-11.9417911172318,1.19223443214987,0.1832,0.233343798959391,308.15
-9.60856230815958,-11.9418400425397,1.19313981761549,0.1842,0.23453891537098,308.15
-9.60836083461819,-11.9418856828793,1.19404656187504,0.1852,0.235733231349039,308.15
-9.60817511772644,-11.9419280334227,1.19495466794831,0.1862,0.236926747697437,308.15
-9.6080049744306,-11.9419670893525,1.19586413886391,0.1872,0.23811946521897,308.15
-9.60785022453459,-11.9420028458523,1.19677497765935,0.1882,0.239311384715358,308.15
-9.60771069059694,-11.9420352981123,1.19768718738103,0.1892,0.240502506987248,308.15
-9.60758619786711,-11.9420644413291,1.19860077108427,0.1902,0.241692832834218,308.15
-9.60747657426058,-11.9420902707048,1.19951573183338,0.1912,0.242882363054776,308.15
-9.60738165027519,-11.9421127814461,1.20043207270166,0.1922,0.244071098446363,308.15
-9.60730125896915,-11.9421319687656,1.20134979677145,0.1932,0.245259039805355,308.15
-9.60723523586622,-11.9421478278843,1.20226890713414,0.1942,0.246446187927064,308.15
-9.60718341894204,-11.9421603540237,1.20318940689025,0.1952,0.247632543605741,308.15
-9.60714564853847,-11.942169542419,1.2041112991494,0.1962,0.248818107634577,308.15
-9.6071217673509,-11.9421753883041,1.2050345870304,0.1972,0.250002880805704,308.15
-9.60711162036616,-11.9421778869231,1.20595927366125,0.1982,0.251186863910197,308.15
-9.60711505479274,-11.9421770335279,1.20688536217918,0.1992,0.252370057738078,308.15
-9.60713192006195,-11.9421728233726,1.2078128557307,0.2002,0.253552463078314,308.15
-9.6071620677423,-11.9421652517216,1.20874175747161,0.2012,0.254734080718824,308.15
-9.60720535153108,-11.9421543138417,1.20967207056706,0.2022,0.255914911446474,308.15
-9.60726162716722,-11.942140005013,1.21060379819154,0.2032,0.257094956047084,308.15
-9.60733075244532,-11.9421223205153,1.21153694352899,0.2042,0.258274215305429,308.15
-9.60741258712042,-11.9421012556414,1.21247150977273,0.2052,0.259452690005237,308.15
-9.60750699293617,-11.9420768056866,1.21340750012562,0.2062,0.260630380929197,308.15
-9.60761383349439,-11.9420489659561,1.21434491779997,0.2072,0.261807288858953,308.15
-9.60773297432658,-11.9420177317609,1.21528376601768,0.2082,0.262983414575115,308.15
-9.60786428275312,-11.9419830984228,1.21622404801019,0.2092,0.264158758857252,308.15
-9.60800762793391,-11.9419450612648,1.21716576701857,0.2102,0.265333322483898,308.15
-9.60816288078698,-11.9419036156211,1.21810892629357,0.2112,0.266507106232555,308.15
-9.60832991393775,-11.9418587568358,1.21905352909556,0.2122,0.26768011087969,308.15
-9.60850860175819,-11.9418104802582,1.21999957869469,0.2132,0.268852337200742,308.15
-9.608698820263,-11.9417587812433,1.22094707837085,0.2142,0.270023785970121,308.15
-9.60890044709363,-11.9417036551612,1.22189603141369,0.2152,0.271194457961209,308.15
-9.60911336152744,-11.9416450973831,1.22284644112275,0.2162,0.272364353946362,308.15
-9.60933744441167,-11.9415831032896,1.22379831080739,0.2172,0.273533474696916,308.15
-9.60957257813157,-11.9415176682748,1.22475164378689,0.2182,0.27470182098318,308.15
-9.60981864658175,-11.9414487877342,1.22570644339047,0.2192,0.275869393574447,308.15
-9.6100755351839,-11.9413764570792,1.22666271295731,0.2202,0.277036193238988,308.15
-9.61034313080856,-11.941300671722,1.22762045583664,0.2212,0.278202220744062,308.15
-9.61062132173502,-11.9412214270921,1.22857967538769,0.2222,0.279367476855907,308.15
-9.6109099976893,-11.941138718622,1.22954037497983,0.2232,0.280531962339752,308.15
-9.61120904978127,-11.9410525417541,1.23050255799252,0.2242,0.281695677959812,308.15
-9.61151837047735,-11.9409628919405,1.23146622781541,0.2252,0.282858624479292,308.15
-9.61183785355939,-11.9408697646456,1.23243138784831,0.2262,0.284020802660389,308.15
-9.61216739414387,-11.9407731553414,1.23339804150133,0.2272,0.285182213264294,308.15
-9.61250688865205,-11.9406730595044,1.23436619219481,0.2282,0.286342857051191,308.15
-9.61285623472551,-11.9405694726309,1.23533584335942,0.2292,0.287502734780262,308.15
-9.6132153313002,-11.9404623902171,1.23630699843619,0.2302,0.288661847209686,308.15
-9.61358407850989,-11.9403518077748,1.23727966087656,0.2312,0.289820195096643,308.15
-9.61396237767972,-11.940237720827,1.23825383414237,0.2322,0.290977779197314,308.15
-9.61435013133923,-11.940120124903,1.23922952170595,0.2332,0.292134600266883,308.15
-9.61474724316334,-11.9399990155429,1.24020672705014,0.2342,0.293290659059539,308.15
-9.61515361797106,-11.9398743883018,1.24118545366833,0.2352,0.294445956328476,308.15
-9.61556916168949,-11.9397462387414,1.24216570506449,0.2362,0.295600492825899,308.15
-9.61599378138977,-11.9396145624313,1.24314748475327,0.2372,0.296754269303019,308.15
-9.61642738514712,-11.9394793549613,1.24413079625991,0.2382,0.297907286510061,308.15
-9.61686988218302,-11.9393406119228,1.24511564312044,0.2392,0.299059545196263,308.15
-9.61732118272385,-11.9391983289246,1.24610202888159,0.2402,0.300211046109876,308.15
-9.61778119801856,-11.9390525015837,1.24708995710089,0.2412,0.301361789998167,308.15
-9.61824984034366,-11.9389031255311,1.24807943134672,0.2422,0.302511777607422,308.15
-9.6187270229691,-11.9387501964042,1.24907045519834,0.2432,0.303661009682947,308.15
-9.61921266012677,-11.9385937098609,1.25006303224588,0.2442,0.304809486969067,308.15
-9.61970666702917,-11.9384336615625,1.25105716609048,0.2452,0.305957210209131,308.15
-9.62020895982003,-11.9382700471878,1.25205286034425,0.2462,0.307104180145511,308.15
-9.62071945558383,-11.9381028624235,1.25305011863034,0.2472,0.308250397519606,308.15
-9.62123807231552,-11.9379321029712,1.254048944583,0.2482,0.309395863071843,308.15
-9.62176472889219,-11.9377577645486,1.25504934184756,0.2492,0.310540577541676,308.15
-9.62229934511341,-11.9375798428797,1.25605131408058,0.2502,0.31168454166759,308.15
-9.62284184161799,-11.9373983337027,1.25705486494978,0.2512,0.312827756187105,308.15
-9.62339213990371,-11.9372132327728,1.25805999813413,0.2522,0.31397022183677,308.15
-9.62395016232752,-11.9370245358554,1.25906671732393,0.2532,0.315111939352174,308.15
-9.62451583206866,-11.9368322387266,1.2600750262208,0.2542,0.316252909467939,308.15
-9.62508907311004,-11.9366363371823,1.26108492853772,0.2552,0.317393132917729,308.15
-9.62566981024709,-11.9364368270259,1.26209642799912,0.2562,0.318532610434246,308.15
-9.62625796907582,-11.9362337040774,1.26310952834089,0.2572,0.319671342749233,308.15
-9.6268534759415,-11.9360269641736,1.26412423331042,0.2582,0.320809330593478,308.15
-9.62745625798373,-11.9358166031581,1.26514054666667,0.2592,0.321946574696814,308.15
-9.62806624308258,-11.9356026168975,1.26615847218021,0.2602,0.323083075788119,308.15
-9.62868335985143,-11.9353850012663,1.26717801363321,0.2612,0.324218834595318,308.15
-9.62930753766315,-11.9351637521531,1.2681991748196,0.2622,0.325353851845387,308.15
-9.62993870656277,-11.9349388654689,1.26922195954496,0.2632,0.326488128264355,308.15
-9.63057679733981,-11.9347103371287,1.27024637162671,0.2642,0.327621664577298,308.15
-9.63122174146322,-11.9344781630747,1.27127241489408,0.2652,0.328754461508352,308.15
-9.63187347109776,-11.9342423392539,1.27230009318815,0.2662,0.329886519780705,308.15
-9.63253191908081,-11.9340028616345,1.27332941036195,0.2672,0.331017840116603,308.15
-9.63319701890522,-11.9337597261997,1.27436037028043,0.2682,0.332148423237352,308.15
-9.63386870472806,-11.9335129289459,1.27539297682059,0.2692,0.333278269863315,308.15
-9.63454691133206,-11.9332624658906,1.27642723387144,0.2702,0.334407380713921,308.15
-9.63523157417758,-11.9330083330624,1.27746314533413,0.2712,0.335535756507659,308.15
-9.63592262929942,-11.9327505265091,1.27850071512193,0.2722,0.336663397962085,308.15
-9.63662001338255,-11.932489042293,1.27953994716033,0.2732,0.33779030579382,308.15
-9.63732366369644,-11.9322238764949,1.28058084538702,0.2742,0.338916480718552,308.15
-9.63803351812607,-11.9319550252128,1.28162341375202,0.2752,0.340041923451041,308.15
-9.63874951515758,-11.9316824845584,1.2826676562177,0.2762,0.341166634705117,308.15
-9.63947159379192,-11.9314062506691,1.28371357675872,0.2772,0.342290615193681,308.15
-9.64019969368854,-11.9311263196874,1.2847611793623,0.2782,0.343413865628708,308.15
-9.64093375500511,-11.9308426877842,1.28581046802805,0.2792,0.344536386721251,308.15
-9.64167371847722,-11.9305553511442,1.28686144676813,0.2802,0.345658179181437,308.15
-9.64241952539928,-11.9302643059676,1.28791411960732,0.2812,0.346779243718472,308.15
-9.64317111756432,-11.9299695484792,1.28896849058295,0.2822,0.347899581040644,308.15
-9.64392843734584,-11.9296710749163,1.2900245637451,0.2832,0.34901919185532,308.15
-9.64469142761275,-11.9293688815373,1.29108234315655,0.2842,0.350138076868951,308.15
-9.64546003173031,-11.9290629646226,1.29214183289282,0.2852,0.351256236787071,308.15
-9.64623419361328,-11.9287533204654,1.29320303704231,0.2862,0.352373672314303,308.15
-9.64701385764211,-11.9284399453843,1.29426595970626,0.2872,0.353490384154353,308.15
-9.64779896872387,-11.9281228357108,1.29533060499887,0.2882,0.354606373010019,308.15
-9.64858947220849,-11.9278019878062,1.29639697704727,0.2892,0.355721639583189,308.15
-9.64938531396118,-11.9274773980388,1.29746507999165,0.2902,0.356836184574841,308.15
-9.65018644031012,-11.9271490628089,1.29853491798528,0.2912,0.357950008685048,308.15
-9.65099279803171,-11.9268169785308,1.29960649519453,0.2922,0.359063112612977,308.15
-9.65180433439175,-11.9264811416381,1.30067981579901,0.2932,0.360175497056891,308.15
-9.6526209970764,-11.926141548592,1.30175488399148,0.2942,0.36128716271415,308.15
-9.65344273423518,-11.9257981958711,1.30283170397806,0.2952,0.362398110281215,308.15
-9.65426949445013,-11.9254510799735,1.30391027997817,0.2962,0.363508340453646,308.15
-9.65510122675881,-11.9251001974183,1.30499061622463,0.2972,0.364617853926105,308.15
-9.65593788057742,-11.9247455447547,1.30607271696369,0.2982,0.365726651392358,308.15
-9.65677940581458,-11.9243871185379,1.30715658645514,0.2992,0.366834733545276,308.15
-9.65762575272198,-11.9240249153626,1.30824222897226,0.3002,0.367942101076835,308.15
-9.65847687201582,-11.9236589318345,1.30932964880199,0.3012,0.369048754678121,308.15
-9.65933271476568,-11.9232891645902,1.31041885024485,0.3022,0.370154695039326,308.15
-9.66019323249756,-11.9229156102821,1.31150983761516,0.3032,0.371259922849756,308.15
-9.66105837708326,-11.9225382655862,1.31260261524096,0.3042,0.372364438797827,308.15
-9.66192810080505,-11.9221571272097,1.3136971874641,0.3052,0.373468243571069,308.15
-9.66280235632811,-11.9217721918717,1.31479355864034,0.3062,0.374571337856127,308.15
-9.66368109667617,-11.9213834563265,1.31589173313932,0.3072,0.375673722338763,308.15
-9.6645642752659,-11.9209909173446,1.31699171534472,0.3082,0.376775397703855,308.15
-9.66545184586384,-11.9205945717264,1.31809350965423,0.3092,0.377876364635401,308.15
-9.66634376261932,-11.9201944162922,1.31919712047964,0.3102,0.378976623816521,308.15
-9.66723998001607,-11.9197904478905,1.32030255224689,0.3112,0.380076175929455,308.15
-9.66814045289675,-11.9193826633947,1.32140980939614,0.3122,0.381175021655568,308.15
-9.66904513646204,-11.9189710597013,1.32251889638182,0.3132,0.382273161675348,308.15
-9.66995398624535,-11.918555633735,1.32362981767266,0.3142,0.383370596668411,308.15
-9.67086695811364,-11.9181363824459,1.32474257775178,0.3152,0.3844673273135,308.15
-9.67178400829312,-11.9177133028053,1.32585718111678,0.3162,0.385563354288486,308.15
-9.67270509329428,-11.9172863918244,1.32697363227968,0.3172,0.386658678270372,308.15
-9.67363016999402,-11.9168556465244,1.3280919357671,0.3182,0.387753299935292,308.15
-9.67455919556111,-11.916421063967,1.32921209612027,0.3192,0.388847219958513,308.15
-9.67549212751351,-11.915982641229,1.33033411789509,0.3202,0.389940439014439,308.15
-9.67642892363916,-11.915540375429,1.33145800566218,0.3212,0.391032957776605,308.15
-9.67736954207118,-11.9150942637,1.33258376400696,0.3222,0.392124776917688,308.15
-9.67831394120872,-11.9146443032137,1.33371139752968,0.3232,0.393215897109502,308.15
-9.67926207978865,-11.9141904911634,1.33484091084551,0.3242,0.394306319023002,308.15
-9.68021391682958,-11.9137328247724,1.33597230858462,0.3252,0.395396043328281,308.15
-9.68116941162605,-11.9132713012951,1.33710559539214,0.3262,0.396485070694581,308.15
-9.6821285237811,-11.9128059180156,1.33824077592835,0.3272,0.397573401790282,308.15
-9.68309121316968,-11.9123366722449,1.33937785486864,0.3282,0.398661037282914,308.15
-9.68405743995267,-11.9118635613246,1.34051683690364,0.3292,0.399747977839152,308.15
-9.68502716459094,-11.9113865826234,1.34165772673926,0.3302,0.400834224124819,308.15
-9.68600034776346,-11.9109057335502,1.3428005290967,0.3312,0.40191977680489,308.15
-9.68697695047404,-11.9104210115339,1.3439452487126,0.3322,0.403004636543488,308.15
-9.68795693395356,-11.9099324140419,1.34509189033904,0.3332,0.404088804003891,308.15
-9.68894025970862,-11.9094399385716,1.3462404587436,0.3342,0.405172279848529,308.15
-9.68992688951864,-11.9089435826475,1.3473909587095,0.3352,0.406255064738988,308.15
-9.69091678541977,-11.9084433438282,1.34854339503558,0.3362,0.407337159336011,308.15
-9.69190990967013,-11.9079392197116,1.34969777253638,0.3372,0.408418564299496,308.15
-9.69290622481281,-11.9074312079156,1.35085409604224,0.3382,0.409499280288504,308.15
-9.69390569361464,-11.9069193061017,1.35201237039932,0.3392,0.410579307961254,308.15
-9.69490827910003,-11.9064035119628,1.3531726004697,0.3402,0.411658647975128,308.15
-9.69591394452446,-11.9058838232174,1.35433479113142,0.3412,0.41273730098667,308.15
-9.69692265336823,-11.905360237632,1.35549894727855,0.3422,0.413815267651588,308.15
-9.69793436938595,-11.9048327529946,1.35666507382128,0.3432,0.41489254862476,308.15
-9.69894905653455,-11.9043013671307,1.35783317568597,0.3442,0.415969144560225,308.15
-9.69996667897274,-11.9037660779127,1.35900325781516,0.3452,0.417045056111195,308.15
-9.7009872011454,-11.9032268832305,1.36017532516775,0.3462,0.41812028393005,308.15
-9.70201058768699,-11.9026837810164,1.36134938271901,0.3472,0.419194828668341,308.15
-9.70303680343758,-11.9021367692476,1.36252543546057,0.3482,0.420268690976793,308.15
-9.70406581348684,-11.9015858459234,1.36370348840064,0.3492,0.421341871505303,308.15
-9.70509758311316,-11.9010310090891,1.36488354656396,0.3502,0.422414370902942,308.15
-9.70613207781395,-11.9004722568259,1.36606561499191,0.3512,0.423486189817961,308.15
-9.70716926331674,-11.8999095872462,1.36724969874261,0.3522,0.424557328897786,308.15
-9.70820910550611,-11.8993429985115,1.36843580289087,0.3532,0.425627788789022,308.15
-9.70925157052105,-11.8987724888109,1.36962393252843,0.3542,0.426697570137455,308.15
-9.71029662466674,-11.8981980563793,1.3708140927639,0.3552,0.427766673588053,308.15
-9.71134423447076,-11.8976196994854,1.37200628872289,0.3562,0.428835099784965,308.15
-9.7123943666569,-11.8970374164369,1.37320052554807,0.3572,0.429902849371526,308.15
-9.71344698812355,-11.8964512055838,1.3743968083992,0.3582,0.430969922990257,308.15
-9.71450206595243,-11.8958610653225,1.37559514245324,0.3592,0.432036321282862,308.15
-9.71555956744724,-11.8952669940788,1.37679553290444,0.3602,0.433102044890238,308.15
-9.71661946010227,-11.8946689903182,1.37799798496442,0.3612,0.434167094452467,308.15
-9.71768171154187,-11.8940670525612,1.37920250386209,0.3622,0.435231470608825,308.15
-9.71874628964181,-11.8934611793533,1.380409094844,0.3632,0.436295173997777,308.15
-9.71981316238513,-11.8928513692996,1.38161776317408,0.3642,0.437358205256982,308.15
-9.7208822980109,-11.8922376210288,1.38282851413407,0.3652,0.438420565023296,308.15
-9.72195366485914,-11.891619933229,1.38404135302325,0.3662,0.439482253932767,308.15
-9.72302723150398,-11.8909983046207,1.38525628515878,0.3672,0.440543272620641,308.15
-9.72410296665186,-11.8903727339712,1.38647331587563,0.3682,0.441603621721363,308.15
-9.72518083920206,-11.8897432200889,1.38769245052671,0.3692,0.442663301868579,308.15
-9.72626081819538,-11.8891097618353,1.38891369448288,0.3702,0.443722313695131,308.15
-9.7273428728539,-11.8884723581117,1.39013705313312,0.3712,0.444780657833068,308.15
-9.72842697256753,-11.8878310078616,1.39136253188455,0.3722,0.445838334913639,308.15
-9.72951308688489,-11.8871857100758,1.39259013616252,0.3732,0.446895345567299,308.15
-9.73060118550898,-11.8865364637925,1.39381987141068,0.3742,0.447951690423709,308.15
-9.73169123828869,-11.8858832680981,1.39505174309103,0.3752,0.449007370111736,308.15
-9.73278321524106,-11.8852261221264,1.39628575668404,0.3762,0.450062385259456,308.15
-9.73387708655124,-11.8845650250486,1.39752191768876,0.3772,0.451116736494154,308.15
-9.734972822535,-11.883899976097,1.39876023162278,0.3782,0.452170424442326,308.15
-9.73607039364969,-11.8832309745453,1.40000070402241,0.3792,0.45322344972968,308.15
-9.73716977051124,-11.8825580197226,1.40124334044271,0.3802,0.454275812981137,308.15
-9.73827092391901,-11.881881110992,1.40248814645767,0.3812,0.455327514820833,308.15
-9.7393738247576,-11.8812002477808,1.4037351276601,0.3822,0.45637855587212,308.15
-9.74047844407327,-11.8805154295654,1.40498428966184,0.3832,0.457428936757565,308.15
-9.74158475307206,-11.879826655865,1.40623563809388,0.3842,0.458478658098956,308.15
-9.7426927230857,-11.8791339262556,1.4074891786063,0.3852,0.459527720517298,308.15
-9.7438023255594,-11.8784372403678,1.40874491686845,0.3862,0.460576124632818,308.15
-9.74491353212886,-11.8777365978748,1.41000285856906,0.3872,0.461623871064964,308.15
-9.74602631451602,-11.8770319985079,1.41126300941622,0.3882,0.462670960432408,308.15
-9.74714064459684,-11.8763234420524,1.41252537513751,0.3892,0.463717393353045,308.15
-9.74825649436943,-11.8756109283492,1.41378996148012,0.3902,0.464763170443997,308.15
-9.74937383598879,-11.8748944572828,1.41505677421091,0.3912,0.465808292321611,308.15
-9.75049264168518,-11.874174028802,1.41632581911643,0.3922,0.466852759601464,308.15
-9.75161288386906,-11.8734496429114,1.41759710200312,0.3932,0.467896572898359,308.15
-9.7527345350484,-11.8727212996574,1.41887062869729,0.3942,0.468939732826334,308.15
-9.75385756785078,-11.8719889991613,1.42014640504526,0.3952,0.469982239998654,308.15
-9.75498195501894,-11.8712527415962,1.42142443691341,0.3962,0.471024095027818,308.15
-9.75610766946116,-11.870512527179,1.42270473018836,0.3972,0.472065298525562,308.15
-9.75723468415623,-11.8697683561974,1.42398729077691,0.3982,0.473105851102852,308.15
-9.75836297223032,-11.8690202289907,1.42527212460626,0.3992,0.474145753369894,308.15
-9.75949250690928,-11.8682681459611,1.426559237624,0.4002,0.475185005936131,308.15
-9.76062326152611,-11.8675121075732,1.42784863579823,0.4012,0.476223609410244,308.15
-9.76175520956022,-11.8667521143378,1.42914032511769,0.4022,0.477261564400154,308.15
-9.76288832457908,-11.8659881668389,1.43043431159182,0.4032,0.478298871513024,308.15
-9.76402258024395,-11.8652202657172,1.43173060125076,0.4042,0.479335531355256,308.15
-9.76515795037467,-11.8644484116749,1.43302920014564,0.4052,0.480371544532501,308.15
-9.76629440885272,-11.8636726054758,1.43433011434845,0.4062,0.481406911649649,308.15
-9.76743192969463,-11.862892847944,1.43563334995231,0.4072,0.48244163331084,308.15
-9.76857048701258,-11.8621091399698,1.43693891307144,0.4082,0.483475710119459,308.15
-9.76971005501362,-11.8613214825106,1.43824680984128,0.4092,0.484509142678139,308.15
-9.77085060805063,-11.8605298765727,1.43955704641868,0.4102,0.485541931588763,308.15
-9.77199212049403,-11.8597343232546,1.44086962898175,0.4112,0.486574077452465,308.15
-9.77313456690518,-11.858934823691,1.44218456373028,0.4122,0.48760558086963,308.15
-9.77427792190776,-11.8581313790972,1.44350185688559,0.4132,0.488636442439895,308.15
-9.77542216019235,-11.8573239907618,1.44482151469063,0.4142,0.489666662762152,308.15
-9.77656725661094,-11.8565126600214,1.4461435434103,0.4152,0.490696242434548,308.15
-9.77771318606183,-11.8556973882957,1.44746794933124,0.4162,0.491725182054487,308.15
-9.77885992354824,-11.8548781770721,1.44879473876212,0.4172,0.492753482218629,308.15
-9.78000744419344,-11.8540550278958,1.45012391803374,0.4182,0.493781143522894,308.15
-9.78115572318081,-11.8532279423959,1.45145549349899,0.4192,0.494808166562461,308.15
-9.7823047357926,-11.8523969222614,1.45278947153307,0.4202,0.495834551931769,308.15
-9.78345445743351,-11.8515619692517,1.4541258585336,0.4212,0.496860300224521,308.15
-9.78460486354091,-11.8507230852106,1.45546466092052,0.4222,0.497885412033682,308.15
-9.78575592970054,-11.8498802720379,1.45680588513651,0.4232,0.498909887951483,308.15
-9.78690763153873,-11.8490335317155,1.45814953764677,0.4242,0.499933728569417,308.15
-9.7880599447737,-11.8481828663057,1.45949562493929,0.4252,0.500956934478247,308.15
-9.78921284525054,-11.8473282779233,1.46084415352501,0.4262,0.501979506268003,308.15
-9.79036630885272,-11.8464697687782,1.46219512993771,0.4272,0.503001444527982,308.15
-9.79152031158527,-11.8456073411452,1.46354856073434,0.4282,0.504022749846754,308.15
-9.79267482948009,-11.8447409973798,1.4649044524949,0.4292,0.505043422812158,308.15
-9.79382983871698,-11.8438707399143,1.46626281182275,0.4302,0.506063464011305,308.15
-9.79498531550274,-11.8429965712567,1.46762364534454,0.4312,0.507082874030582,308.15
-9.79614123615335,-11.8421184939951,1.46898695971045,0.4322,0.508101653455648,308.15
-9.79729757706886,-11.841236510791,1.47035276159423,0.4332,0.509119802871438,308.15
-9.79845431469661,-11.8403506243942,1.47172105769325,0.4342,0.510137322862166,308.15
-9.7996114255769,-11.839460837633,1.4730918547287,0.4352,0.511154214011321,308.15
-9.80076888635224,-11.8385671534047,1.47446515944569,0.4362,0.512170476901672,308.15
-9.80192667369002,-11.8376695747082,1.47584097861325,0.4372,0.513186112115269,308.15
-9.80308476434946,-11.8367681046149,1.47721931902452,0.4382,0.514201120233443,308.15
-9.80424313520563,-11.835862746269,1.47860018749693,0.4392,0.515215501836806,308.15
-9.80540176313928,-11.8349535029201,1.47998359087211,0.4402,0.516229257505255,308.15
-9.80656062515134,-11.8340403778865,1.48136953601618,0.4412,0.51724238781797,308.15
-9.80771969831038,-11.8331233745725,1.48275802981979,0.4422,0.518254893353419,308.15
-9.80887895971114,-11.8322024964813,1.48414907919816,0.4432,0.519266774689354,308.15
-9.81003838655914,-11.8312777471932,1.48554269109131,0.4442,0.520278032402818,308.15
-9.81119795612064,-11.830349130377,1.48693887246412,0.4452,0.52128866707014,308.15
-9.81235764573687,-11.829416649787,1.48833763030645,0.4462,0.52229867926694,308.15
-9.81351743278299,-11.8284803092807,1.48973897163316,0.4472,0.523308069568131,308.15
-9.8146772947371,-11.8275401127864,1.4911429034844,0.4482,0.524316838547914,308.15
-9.81583720912659,-11.8265960643382,1.49254943292556,0.4492,0.525324986779788,308.15
-9.81699715352771,-11.8256481680607,1.49395856704744,0.4502,0.526332514836544,308.15
-9.81815710562208,-11.8246964281587,1.49537031296645,0.4512,0.527339423290269,308.15
-9.81931704311846,-11.8237408489415,1.49678467782457,0.4522,0.528345712712346,308.15
-9.8204769437946,-11.8227814348148,1.49820166878955,0.4532,0.529351383673456,308.15
-9.82163678550884,-11.8218181902676,1.49962129305505,0.4542,0.530356436743579,308.15
-9.82279654613939,-11.8208511198982,1.50104355784064,0.4552,0.531360872491995,308.15
-9.82395620367198,-11.8198802283932,1.50246847039211,0.4562,0.532364691487284,308.15
-9.8251157361296,-11.8189055205366,1.50389603798141,0.4572,0.53336789429733,308.15
-9.82627512159162,-11.8179270012127,1.50532626790685,0.4582,0.534370481489316,308.15
-9.82743433818506,-11.8169446754102,1.50675916749316,0.4592,0.535372453629734,308.15
-9.82859336412297,-11.8159585482131,1.50819474409171,0.4602,0.536373811284378,308.15
-9.82975217767559,-11.8149686247962,1.50963300508061,0.4612,0.537374555018349,308.15
-9.83091075712051,-11.8139749104596,1.51107395786463,0.4622,0.538374685396054,308.15
-9.83206908085368,-11.8129774105846,1.51251760987568,0.4632,0.539374202981213,308.15
-9.83322712728546,-11.8119761306671,1.51396396857259,0.4642,0.540373108336849,308.15
-9.83438487487549,-11.8109710763103,1.51541304144142,0.4652,0.5413714020253,308.15
-9.83554230219095,-11.8099622532092,1.51686483599562,0.4662,0.542369084608214,308.15
-9.83669938777819,-11.8089496671839,1.51831935977594,0.4672,0.543366156646553,308.15
-9.83785611027269,-11.8079333241494,1.51977662035076,0.4682,0.544362618700588,308.15
-9.83901244838566,-11.806913230131,1.52123662531618,0.4692,0.545358471329912,308.15
-9.84016838085398,-11.8058893912568,1.52269938229611,0.4702,0.546353715093427,308.15
-9.8413238864527,-11.8048618137803,1.5241648989423,0.4712,0.547348350549356,308.15
-9.8424789440104,-11.8038305040642,1.52563318293462,0.4722,0.548342378255237,308.15
-9.84363353241831,-11.8027954685724,1.52710424198116,0.4732,0.54933579876793,308.15
-9.84478763065339,-11.8017567138768,1.5285780838184,0.4742,0.550328612643613,308.15
-9.84594121763367,-11.8007142466949,1.53005471621102,0.4752,0.551320820437783,308.15
-9.84709427246082,-11.799668073818,1.53153414695263,0.4762,0.552312422705263,308.15
-9.8482467741498,-11.7986182021932,1.5330163838652,0.4772,0.553303420000197,308.15
-9.8493987018757,-11.7975646388383,1.53450143479986,0.4782,0.554293812876053,308.15
-9.85055003479947,-11.7965073909622,1.53598930763648,0.4792,0.555283601885623,308.15
-9.85170075213596,-11.7954464658042,1.53748001028419,0.4802,0.556272787581028,308.15
-9.85285083313712,-11.7943818707896,1.53897355068124,0.4812,0.557261370513713,308.15
-9.85400025712989,-11.7933136134371,1.54046993679538,0.4822,0.558249351234454,308.15
-9.85514900345533,-11.7922417013924,1.54196917662379,0.4832,0.559236730293353,308.15
-9.85629705153267,-11.7911661424248,1.54347127819336,0.4842,0.560223508239846,308.15
-9.85744438077118,-11.7900869444318,1.54497624956068,0.4852,0.561209685622697,308.15
-9.85859097066904,-11.7890041154352,1.54648409881234,0.4862,0.562195262990004,308.15
-9.85973680074722,-11.7879176635803,1.54799483406496,0.4872,0.563180240889197,308.15
-9.86088185057118,-11.7868275971444,1.54950846346536,0.4882,0.564164619867041,308.15
-9.86202609975493,-11.7857339245292,1.55102499519072,0.4892,0.565148400469637,308.15
-9.86316952795466,-11.7846366542654,1.55254443744871,0.4902,0.56613158324242,308.15
-9.86431211483535,-11.7835357950236,1.55406679847753,0.4912,0.567114168730166,308.15
-9.86545384014568,-11.7824313555999,1.55559208654627,0.4922,0.568096157476985,308.15
-9.86659468364283,-11.781323344928,1.55712030995483,0.4932,0.569077550026329,308.15
-9.86773462512867,-11.7802117720728,1.55865147703419,0.4942,0.570058346920991,308.15
-9.86887364448286,-11.7790966462284,1.56018559614662,0.4952,0.571038548703102,308.15
-9.87001172156167,-11.7779779767373,1.56172267568557,0.4962,0.572018155914138,308.15
-9.87114883629103,-11.7768557730806,1.56326272407607,0.4972,0.572997169094918,308.15
-9.87228496864289,-11.7757300448686,1.56480574977477,0.4982,0.573975588785606,308.15
-9.87342009860482,-11.7746008018586,1.5663517612701,0.4992,0.574953415525708,308.15
-9.87455420622013,-11.7734680539491,1.56790076708242,0.5002,0.575930649854079,308.15
-9.87568727153847,-11.7723318111877,1.56945277576411,0.5012,0.576907292308922,308.15
-9.87681927469776,-11.7711920837482,1.57100779589992,0.5022,0.577883343427785,308.15
-9.877950195807,-11.7700488819753,1.5725658361068,0.5032,0.57885880374757,308.15
-9.87908001508228,-11.7689022163299,1.57412690503444,0.5042,0.579833673804524,308.15
-9.88020871269097,-11.7677520974531,1.57569101136498,0.5052,0.580807954134249,308.15
-9.88133626891658,-11.7665985361266,1.57725816381358,0.5062,0.581781645271698,308.15
-9.8824626640185,-11.7654415432298,1.57882837112836,0.5072,0.582754747751176,308.15
-9.88358787831444,-11.7642811298941,1.58040164209048,0.5082,0.583727262106344,308.15
-9.88471189217457,-11.7631173073221,1.58197798551458,0.5092,0.584699188870217,308.15
-9.88583468595767,-11.7619500869058,1.5835574102486,0.5102,0.585670528575167,308.15
-9.88695624006629,-11.7607794801936,1.58513992517412,0.5112,0.586641281752922,308.15
-9.88807653496677,-11.7596054988743,1.58672553920661,0.5122,0.58761144893457,308.15
-9.8891955511545,-11.7584281547992,1.58831426129546,0.5132,0.588581030650554,308.15
-9.89031326910419,-11.7572474599976,1.58990610042399,0.5142,0.589550027430682,308.15
-9.89142966938242,-11.75606342664,1.59150106560997,0.5152,0.590518439804119,308.15
-9.89254473255009,-11.7548760670702,1.59309916590549,0.5162,0.591486268299393,308.15
-9.89365843920189,-11.7536853937955,1.59470041039723,0.5172,0.592453513444397,308.15
-9.89477077001105,-11.7524914194748,1.59630480820674,0.5182,0.593420175766386,308.15
-9.89588170560678,-11.7512941569516,1.59791236849031,0.5192,0.594386255791978,308.15
-9.89699122669566,-11.7500936192383,1.59952310043939,0.5202,0.595351754047161,308.15
-9.89809931400307,-11.7488898195001,1.60113701328071,0.5212,0.596316671057285,308.15
-9.89920594829712,-11.7476827710842,1.60275411627641,0.5222,0.597281007347072,308.15
-9.90031111034553,-11.7464724875139,1.60437441872415,0.5232,0.598244763440609,308.15
-9.90141478097811,-11.7452589824752,1.60599792995743,0.5242,0.599207939861355,308.15
-9.90251694101322,-11.7440422698502,1.60762465934557,0.5252,0.600170537132139,308.15
-9.90361757133609,-11.7428223636757,1.60925461629408,0.5262,0.60113255577516,308.15
-9.90471665283758,-11.7415992781829,1.6108878102447,0.5272,0.602093996311991,308.15
-9.90581416645755,-11.7403730277722,1.61252425067566,0.5282,0.603054859263579,308.15
-9.90691009315223,-11.7391436270247,1.61416394710179,0.5292,0.604015145150242,308.15
-9.90800441389426,-11.7379110907245,1.61580690907466,0.5302,0.604974854491676,308.15
-9.90909710970447,-11.736675433812,1.61745314618291,0.5312,0.605933987806953,308.15
-9.91018816160449,-11.7354366714429,1.6191026680522,0.5322,0.606892545614521,308.15
-9.91127755067532,-11.7341948189412,1.62075548434567,0.5332,0.607850528432207,308.15
-9.91236525799801,-11.7329498918296,1.62241160476384,0.5342,0.608807936777216,308.15
-9.91345126469355,-11.7317019058146,1.62407103904501,0.5352,0.609764771166133,308.15
-9.91453555191206,-11.7304508768002,1.62573379696533,0.5362,0.610721032114925,308.15
-9.91561810080834,-11.7291968208979,1.62739988833893,0.5372,0.61167672013894,308.15
-9.91669889260705,-11.7279397543803,1.62906932301835,0.5382,0.612631835752908,308.15
-9.91777790849121,-11.7266796937688,1.63074211089431,0.5392,0.613586379470943,308.15
-9.91885512974698,-11.7254166557364,1.6324182618964,0.5402,0.614540351806544,308.15
-9.91993053762942,-11.7241506571802,1.63409778599283,0.5412,0.615493753272595,308.15
-9.92100411344801,-11.7228817152009,1.63578069319089,0.5422,0.616446584381367,308.15
-9.92207583851862,-11.7216098471008,1.63746699353697,0.5432,0.617398845644517,308.15
-9.9231456941747,-11.7203350703989,1.63915669711683,0.5442,0.618350537573092,308.15
-9.92421366181815,-11.7190574027985,1.6408498140559,0.5452,0.619301660677525,308.15
-9.92527972284326,-11.7177768622335,1.64254635451927,0.5462,0.620252215467644,308.15
-9.92634385867141,-11.7164934668406,1.644246328712,0.5472,0.621202202452661,308.15
-9.92740605073795,-11.7152072349846,1.64594974687921,0.5482,0.622151622141188,308.15
-9.92846628052322,-11.7139181852242,1.64765661930647,0.5492,0.623100475041222,308.15
-9.92952452954002,-11.7126263363487,1.64936695631989,0.5502,0.624048761660159,308.15
-9.93058077928755,-11.7113317073696,1.65108076828619,0.5512,0.624996482504788,308.15
-9.93163501132143,-11.7100343175068,1.65279806561312,0.5522,0.625943638081291,308.15
-9.93268720720369,-11.708734186222,1.65451885874952,0.5532,0.626890228895251,308.15
-9.93373734855989,-11.70743133317,1.65624315818569,0.5542,0.627836255451645,308.15
-9.93478541697161,-11.7061257782755,1.65797097445324,0.5552,0.628781718254848,308.15
-9.93583139406761,-11.7048175416673,1.65970231812559,0.5562,0.629726617808636,308.15
-9.93687526154264,-11.7035066437025,1.66143719981827,0.5572,0.630670954616183,308.15
-9.93791700107064,-11.7021931049795,1.66317563018881,0.5582,0.631614729180066,308.15
-9.93895659436814,-11.7008769463252,1.66491761993715,0.5592,0.632557942002261,308.15
-9.93999402316517,-11.6995581888104,1.66666317980578,0.5602,0.633500593584149,308.15
-9.94102926924776,-11.6982368537274,1.66841232058009,0.5612,0.634442684426513,308.15
-9.94206231434157,-11.6969129626479,1.67016505308818,0.5622,0.635384215029542,308.15
-9.9430931402805,-11.6955865373517,1.67192138820161,0.5632,0.636325185892828,308.15
-9.94412172889969,-11.6942575998676,1.67368133683533,0.5642,0.637265597515372,308.15
-9.9451480620262,-11.6929261724871,1.6754449099478,0.5652,0.638205450395578,308.15
-9.94617212156269,-11.6915922777298,1.67721211854151,0.5662,0.639144745031263,308.15
-9.94719388940105,-11.6902559383818,1.67898297366292,0.5672,0.640083481919648,308.15
-9.94821334742428,-11.6889171774931,1.68075748640263,0.5682,0.641021661557367,308.15
-9.94923047761431,-11.6875760183399,1.68253566789606,0.5692,0.641959284440463,308.15
-9.95024526192383,-11.686232484476,1.68431752932316,0.5702,0.642896351064392,308.15
-9.95125768234383,-11.6848865997107,1.68610308190888,0.5712,0.64383286192402,308.15
-9.95226772086832,-11.6835383881294,1.68789233692328,0.5722,0.644768817513627,308.15
-9.95327535955203,-11.6821878740546,1.68968530568198,0.5732,0.645704218326908,308.15
-9.95428058045299,-11.6808350820873,1.69148199954614,0.5742,0.646639064856973,308.15
-9.95528336563108,-11.6794800371107,1.69328242992272,0.5752,0.647573357596345,308.15
-9.95628369722349,-11.6781227642558,1.69508660826494,0.5762,0.648507097036968,308.15
-9.95728155732668,-11.6767632889549,1.69689454607215,0.5772,0.649440283670199,308.15
-9.95827692808451,-11.6754016368999,1.69870625489031,0.5782,0.650372917986817,308.15
-9.95926979168735,-11.674037834056,1.70052174631228,0.5792,0.651305000477019,308.15
-9.96026013034358,-11.6726719066748,1.70234103197789,0.5802,0.652236531630421,308.15
-9.96124792624518,-11.6713038812936,1.70416412357413,0.5812,0.65316751193606,308.15
-9.96223316163816,-11.6699337847433,1.70599103283555,0.5822,0.654097941882398,308.15
-9.96321581880813,-11.6685616441171,1.70782177154455,0.5832,0.655027821957316,308.15
-9.96419588000977,-11.6671874868123,1.70965635153131,0.5842,0.655957152648119,308.15
-9.96517332759602,-11.6658113405648,1.71149478467438,0.5852,0.656885934441539,308.15
-9.96614814386967,-11.664433233313,1.71333708290072,0.5862,0.65781416782373,308.15
-9.96712031119466,-11.6630531933657,1.71518325818598,0.5872,0.658741853280273,308.15
-9.96808981196661,-11.6616712493002,1.71703332255485,0.5882,0.659668991296177,308.15
-9.9690566285782,-11.6602874300136,1.71888728808112,0.5892,0.660595582355879,308.15
-9.97002074348456,-11.6589017646891,1.7207451668882,0.5902,0.661521626943242,308.15
-9.97098213909504,-11.6575142828551,1.72260697114889,0.5912,0.662447125541561,308.15
-9.97194079792809,-11.6561250142978,1.72447271308636,0.5922,0.66337207863356,308.15
-9.97289670248039,-11.6547339891552,1.72634240497374,0.5932,0.664296486701394,308.15
-9.97384983526171,-11.6533412378761,1.72821605913462,0.5942,0.665220350226652,308.15
-9.97480017882922,-11.6519467912225,1.73009368794342,0.5952,0.666143669690352,308.15
-9.97574771577421,-11.6505506802707,1.73197530382556,0.5962,0.66706644557295,308.15
-9.97669242867278,-11.6491529364398,1.73386091925756,0.5972,0.667988678354333,308.15
-9.97763430018058,-11.6477535914528,1.73575054676768,0.5982,0.668910368513825,308.15
-9.97857331291442,-11.6463526773872,1.7376441989357,0.5992,0.669831516530185,308.15
-9.97950944956097,-11.6449502266427,1.73954188839358,0.6002,0.670752122881611,308.15
-9.98044269282083,-11.6435462719446,1.74144362782559,0.6012,0.671672188045736,308.15
-9.98137302542652,-11.6421408463657,1.74334942996859,0.6022,0.672591712499634,308.15
-9.98230043014139,-11.6407339833199,1.74525930761227,0.6032,0.673510696719817,308.15
-9.98322488971527,-11.6393257165697,1.74717327359932,0.6042,0.674429141182238,308.15
-9.98414638695432,-11.6379160802209,1.74909134082593,0.6052,0.675347046362291,308.15
-9.9850649046939,-11.6365051087281,1.75101352224197,0.6062,0.67626441273481,308.15
-9.98598042579237,-11.6350928368956,1.75293983085123,0.6072,0.677181240774075,308.15
-9.98689293316013,-11.6336792998753,1.75487027971185,0.6082,0.678097530953808,308.15
-9.98780240966076,-11.6322645332087,1.75680488193614,0.6092,0.679013283747174,308.15
-9.98870883827274,-11.6308485727684,1.75874365069157,0.6102,0.679928499626785,308.15
-9.9896122019067,-11.6294314548236,1.76068659920029,0.6112,0.680843179064699,308.15
-9.99051248359482,-11.6280132159781,1.76263374074019,0.6122,0.681757322532419,308.15
-9.99140966636247,-11.626593893216,1.76458508864466,0.6132,0.682670930500897,308.15
-9.99230373322667,-11.6251735239159,1.76654065630285,0.6142,0.683584003440534,308.15
-9.993194667258,-11.6237521458253,1.76850045716027,0.6152,0.684496541821179,308.15
-9.99408245160178,-11.6223297970459,1.7704645047191,0.6162,0.685408546112131,308.15
-9.99496706936051,-11.6209065160795,1.77243281253811,0.6172,0.68632001678214,308.15
-9.99584850372867,-11.6194823418791,1.77440539423321,0.6182,0.687230954299408,308.15
-9.99672673784822,-11.6180573136755,1.7763822634777,0.6192,0.688141359131589,308.15
-9.99760175495999,-11.6166314711717,1.77836343400264,0.6202,0.689051231745791,308.15
-9.99847353834019,-11.6152048544286,1.7803489195972,0.6212,0.689960572608575,308.15
-9.99934207122579,-11.6137775039481,1.78233873410853,0.6222,0.690869382185958,308.15
-10.0002073369533,-11.6123494606022,1.78433289144271,0.6232,0.691777660943411,308.15
-10.0010693188718,-11.6109207656835,1.78633140556464,0.6242,0.692685409345863,308.15
-10.0019280003445,-11.6094914608908,1.78833429049843,0.6252,0.693592627857699,308.15
-10.0027833647618,-11.6080615883575,1.79034156032763,0.6262,0.694499316942762,308.15
-10.0036353955918,-11.6066311905991,1.79235322919591,0.6272,0.695405477064356,308.15
-10.0044840762978,-11.605200310578,1.79436931130692,0.6282,0.696311108685241,308.15
-10.0053293903391,-11.6037689917004,1.79638982092463,0.6292,0.697216212267641,308.15
-10.0061713213114,-11.6023372777487,1.7984147723743,0.6302,0.698120788273238,308.15
-10.0070098527451,-11.6009052129797,1.80044418004186,0.6312,0.699024837163178,308.15
-10.0078449682385,-11.5994728420863,1.80247805837483,0.6322,0.699928359398069,308.15
-10.008676651452,-11.5980402101717,1.80451642188265,0.6332,0.700831355437982,308.15
-10.0095048860506,-11.5966073628102,1.80655928513672,0.6342,0.701733825742453,308.15
-10.0103296557018,-11.5951743460317,1.80860666277073,0.6352,0.702635770770483,308.15
-10.0111509442043,-11.5937412062735,1.81065856948155,0.6362,0.703537190980539,308.15
-10.0119687352954,-11.5923079904705,1.81271502002873,0.6372,0.704438086830555,308.15
-10.0127830128089,-11.5908747459964,1.81477602923551,0.6382,0.70533845877793,308.15
-10.0135937605768,-11.5894415207008,1.81684161198872,0.6392,0.706238307279534,308.15
-10.0144009624752,-11.5880083629056,1.81891178323933,0.6402,0.707137632791704,308.15
-10.0152046024593,-11.5865753213634,1.82098655800296,0.6412,0.708036435770248,308.15
-10.0160046644538,-11.5851424453594,1.82306595135971,0.6422,0.708934716670445,308.15
-10.0168011324943,-11.5837097846119,1.82514997845513,0.6432,0.709832475947043,308.15
-10.0175939905903,-11.5822773893436,1.8272386545,0.6442,0.710729714054263,308.15
-10.0183832228318,-11.5808453102679,1.82933199477107,0.6452,0.711626431445801,308.15
-10.0191688133362,-11.5794135985754,1.83143001461129,0.6462,0.712522628574822,308.15
-10.019950746255,-11.5779823059645,1.83353272943006,0.6472,0.71341830589397,308.15
-10.0207290058007,-11.5765514846252,1.83564015470384,0.6482,0.714313463855361,308.15
-10.0215035762138,-11.5751211872493,1.83775230597624,0.6492,0.715208102910589,308.15
-10.022274441756,-11.5736914670633,1.83986919885841,0.6502,0.716102223510721,308.15
-10.0230415867679,-11.5722623777673,1.84199084902967,0.6512,0.716995826106306,308.15
-10.0238049955814,-11.570833973623,1.84411727223744,0.6522,0.717888911147368,308.15
-10.0245646526779,-11.5694063093522,1.84624848429838,0.6532,0.718781479083411,308.15
-10.025320542451,-11.5679794402691,1.84838450109759,0.6542,0.719673530363418,308.15
-10.0260726494151,-11.5665534221834,1.85052533859001,0.6552,0.720565065435854,308.15
-10.0268209581338,-11.5651283114381,1.85267101280044,0.6562,0.721456084748661,308.15
-10.0275654531859,-11.5637041649265,1.85482153982377,0.6572,0.722346588749269,308.15
-10.0283061191925,-11.5622810400889,1.85697693582544,0.6582,0.723236577884585,308.15
-10.0290429408886,-11.5608589948899,1.85913721704222,0.6592,0.724126052601003,308.15
-10.0297759029431,-11.5594380878924,1.8613023997817,0.6602,0.725015013344399,308.15
-10.0305049901595,-11.5580183781861,1.8634725004236,0.6612,0.725903460560135,308.15
-10.0312301873826,-11.556599925416,1.86564753541981,0.6622,0.726791394693058,308.15
-10.0319514794991,-11.5551827898082,1.8678275212947,0.6632,0.727678816187502,308.15
-10.0326688514025,-11.5537670321809,1.87001247464533,0.6642,0.728565725487288,308.15
-10.0333822881033,-11.5523527138955,1.87220241214245,0.6652,0.729452123035724,308.15
-10.0340917746094,-11.5509398969231,1.87439735053028,0.6662,0.730338009275607,308.15
-10.0347972960375,-11.5495286437952,1.87659730662743,0.6672,0.731223384649225,308.15
-10.0354988374929,-11.548119017667,1.87880229732675,0.6682,0.732108249598351,308.15
-10.0361963841939,-11.5467110822643,1.88101233959632,0.6692,0.732992604564256,308.15
-10.0368899213419,-11.545304901918,1.8832274504793,0.6702,0.733876449987696,308.15
-10.03757943432,-11.5439005416327,1.88544764709497,0.6712,0.734759786308924,308.15
-10.0382649084211,-11.5424980669,1.88767294663851,0.6722,0.735642613967682,308.15
-10.0389463290558,-11.5410975439446,1.88990336638169,0.6732,0.736524933403209,308.15
-10.0396236817451,-11.5396990395283,1.8921389236737,0.6742,0.737406745054236,308.15
-10.0402969519823,-11.538302621119,1.89437963594069,0.6752,0.738288049358991,308.15
-10.0409661253542,-11.5369083567748,1.89662552068691,0.6762,0.739168846755197,308.15
-10.0416311875301,-11.5355163151959,1.89887659549502,0.6772,0.740049137680074,308.15
-10.0422921242069,-11.5341265657356,1.90113287802626,0.6782,0.740928922570338,308.15
-10.0429489211788,-11.5327391783893,1.9033943860212,0.6792,0.741808201862205,308.15
-10.0436015642394,-11.5313542238376,1.90566113729973,0.6802,0.742686975991389,308.15
-10.0442500393334,-11.529971773373,1.90793314976225,0.6812,0.743565245393102,308.15
-10.0448943324074,-11.528591898991,1.91021044138934,0.6822,0.744443010502059,308.15
-10.0455344294578,-11.5272146733675,1.91249303024243,0.6832,0.745320271752474,308.15
-10.046170316627,-11.5258401698233,1.91478093446477,0.6842,0.746197029578062,308.15
-10.0468019800323,-11.5244684624044,1.91707417228097,0.6852,0.747073284412044,308.15
-10.0474294059305,-11.5230996258016,1.91937276199836,0.6862,0.747949036687139,308.15
-10.0480525806312,-11.5217337354274,1.92167672200691,0.6872,0.748824286835574,308.15
-10.0486714904495,-11.5203708674214,1.92398607077947,0.6882,0.749699035289078,308.15
-10.0492861218775,-11.5190110985789,1.92630082687318,0.6892,0.750573282478886,308.15
-10.0498964613982,-11.5176545064502,1.92862100892888,0.6902,0.75144702883574,308.15
-10.0505024955779,-11.5163011692979,1.93094663567209,0.6912,0.752320274789886,308.15
-10.0511042110804,-11.5149511660707,1.93327772591366,0.6922,0.75319302077108,308.15
-10.0517015946877,-11.5136045765611,1.93561429854991,0.6932,0.754065267208585,308.15
-10.0522946331529,-11.512261481159,1.93795637256313,0.6942,0.754937014531172,308.15
-10.0528833133665,-11.5109219610778,1.94030396702221,0.6952,0.755808263167122,308.15
-10.0534676222994,-11.5095860982808,1.94265710108308,0.6962,0.756679013544227,308.15
-10.0540475469743,-11.5082539754901,1.94501579398908,0.6972,0.757549266089789,308.15
-10.0546230745312,-11.5069256761625,1.94738006507178,0.6982,0.758419021230621,308.15
-10.0551941921646,-11.5056012845559,1.94974993375108,0.6992,0.75928827939305,308.15
-10.0557608871525,-11.5042808856998,1.95212541953589,0.7002,0.760157041002913,308.15
-10.0563231468594,-11.5029645654048,1.95450654202465,0.7012,0.761025306485564,308.15
-10.0568809587431,-11.5016524102678,1.95689332090586,0.7022,0.761893076265869,308.15
-10.0574343103443,-11.5003445076943,1.95928577595852,0.7032,0.76276035076821,308.15
-10.0579831892796,-11.4990409459132,1.96168392705255,0.7042,0.763627130416485,308.15
-10.058527583237,-11.497741813869,1.96408779414958,0.7052,0.764493415634107,308.15
-10.0590674800486,-11.4964472014727,1.96649739730319,0.7062,0.765359206844007,308.15
-10.059602867605,-11.4951571993496,1.96891275665969,0.7072,0.766224504468634,308.15
-10.0601337338795,-11.4938718990075,1.97133389245832,0.7082,0.767089308929956,308.15
-10.0606600669728,-11.4925913927621,1.97376082503223,0.7092,0.767953620649458,308.15
-10.0611818549886,-11.4913157738353,1.97619357480818,0.7102,0.768817440048147,308.15
-10.0616990862691,-11.4900451362096,1.97863216230849,0.7112,0.769680767546549,308.15
-10.0622117491096,-11.4887795748328,1.98107660814987,0.7122,0.770543603564713,308.15
-10.0627198320453,-11.4875191854191,1.98352693304571,0.7132,0.771405948522208,308.15
-10.0632233235543,-11.4862640646619,1.98598315780476,0.7142,0.772267802838126,308.15
-10.063722212349,-11.4850143100577,1.98844530333351,0.7152,0.773129166931084,308.15
-10.0642164872025,-11.4837700200165,1.99091339063562,0.7162,0.77399004121922,308.15
-10.064706136923,-11.4825312938903,1.99338744081237,0.7172,0.774850426120199,308.15
-10.0651911505453,-11.4812982318666,1.99586747506433,0.7182,0.77571032205121,308.15
-10.0656715171133,-11.4800709351023,1.99835351469061,0.7192,0.776569729428968,308.15
-10.0661472258271,-11.4788495056498,2.00084558109035,0.7202,0.777428648669716,308.15
-10.0666182659733,-11.4776340465019,2.0033436957628,0.7212,0.778287080189222,308.15
-10.067084626943,-11.4764246616067,2.00584788030802,0.7222,0.779145024402783,308.15
-10.067546298284,-11.4752214558096,2.00835815642782,0.7232,0.780002481725227,308.15
-10.0680032696232,-11.4740245349452,2.0108745459258,0.7242,0.780859452570907,308.15
-10.0684555306943,-11.4728340058198,2.0133970707081,0.7252,0.781715937353709,308.15
-10.0689030713644,-11.4716499761839,2.01592575278419,0.7262,0.782571936487048,308.15
-10.0693458816413,-11.4704725547691,2.01846061426748,0.7272,0.783427450383871,308.15
-10.0697839515849,-11.469301851338,2.0210016773753,0.7282,0.784282479456658,308.15
-10.0702172714756,-11.4681379765608,2.02354896443071,0.7292,0.78513702411742,308.15
-10.0706458316102,-11.466981042211,2.02610249786161,0.7302,0.785991084777702,308.15
-10.0710696224848,-11.465831161022,2.02866230020264,0.7312,0.786844661848583,308.15
-10.0714886347009,-11.4646884467401,2.03122839409517,0.7322,0.787697755740675,308.15
-10.0719028589949,-11.4635530141612,2.03380080228803,0.7332,0.788550366864129,308.15
-10.0723122862296,-11.4624249791169,2.03637954763815,0.7342,0.789402495628628,308.15
-10.0727169073625,-11.4613044584956,2.03896465311095,0.7352,0.790254142443393,308.15
-10.0731167135616,-11.4601915702206,2.04155614178165,0.7362,0.791105307717184,308.15
-10.0735116960567,-11.4590864333008,2.04415403683504,0.7372,0.791955991858296,308.15
-10.0739018462563,-11.4579891678141,2.04675836156678,0.7382,0.792806195274564,308.15
-10.0742871556931,-11.4568998949111,2.04936913938375,0.7392,0.793655918373363,308.15
-10.0746676160652,-11.4558187368458,2.05198639380487,0.7402,0.794505161561606,308.15
-10.0750432191492,-11.4547458169988,2.05461014846125,0.7412,0.795353925245747,308.15
-10.0754139569692,-11.4536812597943,2.05724042709795,0.7422,0.796202209831782,308.15
-10.0757798215771,-11.4526251908695,2.05987725357312,0.7432,0.797050015725249,308.15
-10.0761408052971,-11.4515777368982,2.06252065186034,0.7442,0.797897343331228,308.15
-10.0764969004784,-11.4505390257829,2.06517064604757,0.7452,0.79874419305434,308.15
-10.0768480997305,-11.4495091865062,2.06782726033946,0.7462,0.799590565298752,308.15
-10.0771943957454,-11.4484883492628,2.07049051905677,0.7472,0.800436460468177,308.15
-10.0775357814268,-11.4474766453693,2.07316044663794,0.7482,0.801281878965868,308.15
-10.0778722497741,-11.4464742073702,2.07583706763897,0.7492,0.802126821194629,308.15
-10.0782037940166,-11.4454811689608,2.07852040673503,0.7502,0.802971287556806,308.15
-10.0785304074894,-11.4444976650675,2.08121048872027,0.7512,0.803815278454295,308.15
-10.0788520837221,-11.4435238318032,2.08390733850919,0.7522,0.804658794288538,308.15
-10.0791688163831,-11.4425598065333,2.08661098113681,0.7532,0.805501835460526,308.15
-10.0794805993777,-11.4416057277981,2.08932144176023,0.7542,0.806344402370798,308.15
-10.0797874267292,-11.4406617354207,2.09203874565838,0.7552,0.807186495419442,308.15
-10.0800892925937,-11.4397279705069,2.09476291823286,0.7562,0.808028115006099,308.15
-10.0803861913906,-11.4388045753616,2.0974939850096,0.7572,0.808869261529957,308.15
-10.0806781176842,-11.437891693585,2.10023197163873,0.7582,0.809709935389757,308.15
-10.0809650662091,-11.4369894700679,2.10297690389549,0.7592,0.810550136983793,308.15
-10.0812470318758,-11.4360980510177,2.10572880768092,0.7602,0.811389866709911,308.15
-10.0815240098042,-11.4352175839138,2.10848770902298,0.7612,0.812229124965509,308.15
-10.0817959952963,-11.4343482175569,2.11125363407698,0.7622,0.81306791214754,308.15
-10.0820629838511,-11.4334901020775,2.11402660912649,0.7632,0.813906228652511,308.15
-10.0823249711046,-11.4326433889937,2.11680666058356,0.7642,0.814744074876486,308.15
-10.0825819529882,-11.4318082310982,2.11959381499073,0.7652,0.815581451215082,308.15
-10.0828339255442,-11.4309847825964,2.12238809902044,0.7662,0.816418358063474,308.15
-10.0830808850547,-11.4301731990583,2.12518953947663,0.7672,0.817254795816393,308.15
-10.0833228279823,-11.4293736374386,2.1279981632952,0.7682,0.818090764868129,308.15
-10.0835597510245,-11.4285862560871,2.13081399754508,0.7692,0.818926265612529,308.15
-10.0837916510728,-11.4278112147642,2.13363706942877,0.7702,0.819761298443,308.15
-10.08401852526,-11.4270486746308,2.13646740628346,0.7712,0.820595863752507,308.15
-10.0842403708348,-11.4262987983471,2.13930503558086,0.7722,0.821429961933576,308.15
-10.0844571853732,-11.4255617499458,2.14214998492962,0.7732,0.822263593378295,308.15
-10.0846689666263,-11.4248376949562,2.14500228207492,0.7742,0.82309675847831,308.15
-10.0848757125578,-11.4241268003685,2.14786195489963,0.7752,0.823929457624832,308.15
-10.0850774213759,-11.4234292346482,2.15072903142533,0.7762,0.824761691208633,308.15
-10.0852740914881,-11.4227451677871,2.15360353981273,0.7772,0.825593459620048,308.15
-10.0854657215828,-11.4220747712346,2.15648550836322,0.7782,0.826424763248978,308.15
-10.0856523105253,-11.4214182180081,2.1593749655188,0.7792,0.827255602484885,308.15
-10.085833857461,-11.4207756826316,2.16227193986376,0.7802,0.828085977716799,308.15
-10.0860103617191,-11.4201473412054,2.16517646012476,0.7812,0.828915889333314,308.15
-10.0861818229652,-11.4195333713302,2.16808855517283,0.7822,0.829745337722591,308.15
-10.0863482410139,-11.4189339522449,2.17100825402282,0.7832,0.830574323272355,308.15
-10.0865096159643,-11.418349264755,2.17393558583521,0.7842,0.831402846369904,308.15
-10.0866659482114,-11.4177794912274,2.17687057991718,0.7852,0.832230907402098,308.15
-10.0868172383533,-11.4172248156855,2.17981326572267,0.7862,0.83305850675537,308.15
-10.0869634872296,-11.4166854237804,2.18276367285356,0.7872,0.83388564481572,308.15
-10.0871046959859,-11.4161615027806,2.18572183106106,0.7882,0.834712321968719,308.15
-10.0872408660407,-11.4156532416159,2.18868777024631,0.7892,0.835538538599507,308.15
-10.0873719990379,-11.4151608308767,2.191661520461,0.7902,0.836364295092796,308.15
-10.0874980969102,-11.4146844628582,2.1946431119086,0.7912,0.837189591832869,308.15
-10.0876191618789,-11.4142243315344,2.19763257494534,0.7922,0.838014429203583,308.15
-10.0877351964358,-11.4137806325849,2.20062994008103,0.7932,0.838838807588365,308.15
-10.0878462033282,-11.4133535634429,2.20363523797972,0.7942,0.839662727370218,308.15
-10.087952185649,-11.4129433232395,2.20664849946146,0.7952,0.840486188931717,308.15
-10.0880531467169,-11.4125501128865,2.20966975550223,0.7962,0.841309192655013,308.15
-10.0881490901643,-11.412174135076,2.21269903723548,0.7972,0.842131738921831,308.15
-10.0882400199526,-11.4118155942389,2.21573637595335,0.7982,0.842953828113473,308.15
-10.0883259402974,-11.4114746966457,2.21878180310688,0.7992,0.843775460610816,308.15
-10.0884068557431,-11.4111516503641,2.22183535030763,0.8002,0.844596636794316,308.15
-10.0884827711549,-11.4108466652706,2.22489704932857,0.8012,0.845417357044003,308.15
-10.0885536916593,-11.4105599531332,2.22796693210447,0.8022,0.846237621739489,308.15
-10.0886196227157,-11.4102917275656,2.23104503073355,0.8032,0.847057431259962,308.15
-10.0886805701398,-11.4100422040155,2.23413137747864,0.8042,0.847876785984191,308.15
-10.0887365400623,-11.4098115998432,2.23722600476777,0.8052,0.848695686290524,308.15
-10.0887875389302,-11.4096001343008,2.24032894519522,0.8062,0.849514132556889,308.15
-10.0888335734717,-11.4094080286326,2.2434402315221,0.8072,0.850332125160796,308.15
-10.0888746507982,-11.4092355059473,2.24655989667839,0.8082,0.851149664479337,308.15
-10.0889107784021,-11.4090827913068,2.24968797376377,0.8092,0.851966750889184,308.15
-10.088941964016,-11.4089501117922,2.25282449604756,0.8102,0.852783384766594,308.15
-10.0889682158236,-11.408837696422,2.2559694969714,0.8112,0.853599566487406,308.15
-10.0889895422889,-11.4087457762501,2.25912301014893,0.8122,0.854415296427045,308.15
-10.0890059522844,-11.4086745843175,2.26228506936789,0.8132,0.855230574960516,308.15
-10.0890174549925,-11.40862435574,2.26545570859026,0.8142,0.856045402462415,308.15
-10.0890240599628,-11.4085953276846,2.26863496195387,0.8152,0.856859779306919,308.15
-10.0890257771853,-11.4085877393226,2.27182286377407,0.8162,0.857673705867794,308.15
-10.0890226169542,-11.4086018319864,2.27501944854353,0.8172,0.85848718251839,308.15
-10.0890145899613,-11.4086378490762,2.27822475093428,0.8182,0.859300209631648,308.15
-10.0890017073034,-11.4086960361096,2.28143880579866,0.8192,0.860112787580093,308.15
-10.0889839803962,-11.4087766407977,2.28466164816975,0.8202,0.860924916735843,308.15
-10.0889614211048,-11.4088799129435,2.28789331326362,0.8212,0.8617365974706,308.15
-10.0889340417396,-11.4090061045135,2.29113383648035,0.8222,0.862547830155659,308.15
-10.0889018549103,-11.4091554697185,2.29438325340386,0.8232,0.863358615161905,308.15
-10.0888648736772,-11.4093282649649,2.29764159980428,0.8242,0.864168952859813,308.15
-10.088823111526,-11.4095247488735,2.30090891163895,0.8252,0.864978843619449,308.15
-10.0887765823424,-11.4097451823042,2.30418522505332,0.8262,0.865788287810472,308.15
-10.0887253004385,-11.4099898284055,2.30747057638217,0.8272,0.866597285802132,308.15
-10.0886692805666,-11.4102589525765,2.31076500215105,0.8282,0.867405837963274,308.15
-10.0886085379071,-11.4105528225263,2.31406853907721,0.8292,0.868213944662334,308.15
-10.0885430880144,-11.4108717083271,2.31738122407026,0.8302,0.869021606267345,308.15
-10.0884729469542,-11.4112158822681,2.32070309423489,0.8312,0.869828823145933,308.15
-10.0883981313066,-11.4115856192488,2.32403418687075,0.8322,0.870635595665318,308.15
-10.0883186579644,-11.4119811961771,2.32737453947437,0.8332,0.871441924192319,308.15
-10.0882345443184,-11.4124028926546,2.33072418973937,0.8342,0.87224780909335,308.15
-10.0881458082511,-11.4128509905896,2.334083175559,0.8352,0.87305325073442,308.15
-10.0880524681061,-11.4133257743194,2.33745153502676,0.8362,0.873858249481138,308.15
-10.087954542721,-11.4138275306329,2.34082930643792,0.8372,0.87466280569871,308.15
-10.0878520514064,-11.414356548798,2.34421652829047,0.8382,0.875466919751941,308.15
-10.087745013922,-11.4149131205878,2.34761323928618,0.8392,0.876270592005235,308.15
-10.0876334505297,-11.415497540306,2.35101947833228,0.8402,0.877073822822595,308.15
-10.0875173820553,-11.4161101047042,2.35443528454337,0.8412,0.877876612567625,308.15
-10.0873968297452,-11.4167511131892,2.35786069724113,0.8422,0.87867896160353,308.15
-10.087271815365,-11.4174208676825,2.36129575595673,0.8432,0.879480870293115,308.15
-10.0871423612736,-11.418119672696,2.36474050043257,0.8442,0.880282338998789,308.15
-10.0870084902611,-11.4188478353704,2.3681949706222,0.8452,0.881083368082561,308.15
-10.086870225718,-11.4196056654737,2.37165920669302,0.8462,0.881883957906044,308.15
-10.086727591477,-11.4203934754547,2.37513324902618,0.8472,0.882684108830456,308.15
-10.0865806120211,-11.4212115803763,2.37861713821987,0.8482,0.883483821216617,308.15
-10.0864293123444,-11.4220602980258,2.38211091508918,0.8492,0.884283095424953,308.15
-10.0862737178998,-11.4229399489749,2.38561462066693,0.8502,0.885081931815493,308.15
-10.0861138548355,-11.4238508564224,2.38912829620736,0.8512,0.885880330747874,308.15
-10.0859497498041,-11.424793346389,2.39265198318548,0.8522,0.886678292581339,308.15
-10.0857814299994,-11.4257677476838,2.39618572329885,0.8532,0.887475817674736,308.15
-10.0856089232571,-11.4267743918821,2.39972955846982,0.8542,0.888272906386522,308.15
-10.0854322579811,-11.4278136133881,2.40328353084624,0.8552,0.889069559074762,308.15
-10.0852514631733,-11.4288857494455,2.40684768280307,0.8562,0.889865776097127,308.15
-10.0850665683742,-11.4299911402364,2.41042205694302,0.8572,0.8906615578109,308.15
-10.0848776038022,-11.4311301287355,2.41400669609959,0.8582,0.891456904572972,308.15
-10.084684600259,-11.432303060892,2.4176016433372,0.8592,0.892251816739842,308.15
-10.0844875892052,-11.4335102855277,2.42120694195362,0.8602,0.893046294667624,308.15
-10.0842866026709,-11.4347521544828,2.42482263548017,0.8612,0.893840338712039,308.15
-10.0840816733312,-11.4360290225699,2.42844876768407,0.8622,0.894633949228421,308.15
-10.0838728345934,-11.4373412475113,2.43208538257081,0.8632,0.895427126571717,308.15
-10.0836601203596,-11.4386891901881,2.43573252438286,0.8642,0.896219871096485,308.15
-10.0834435653291,-11.440073214421,2.43939023760447,0.8652,0.897012183156898,308.15
-10.0832232047932,-11.4414936871338,2.44305856696089,0.8662,0.89780406310674,308.15
-10.0829990747256,-11.4429509783562,2.44673755742069,0.8672,0.898595511299412,308.15
-10.0827712118018,-11.4444454611994,2.4504272541975,0.8682,0.899386528087929,308.15
-10.0825396533848,-11.4459775119189,2.4541277027513,0.8692,0.90017711382492,308.15
-10.0823044374848,-11.4475475099541,2.45783894878943,0.8702,0.900967268862631,308.15
-10.0820656028935,-11.4491558378805,2.46156103826949,0.8712,0.901756993552924,308.15
-10.081823189023,-11.4508028815231,2.46529401739919,0.8722,0.902546288247278,308.15
-10.0815772360841,-11.4524890299153,2.46903793263956,0.8732,0.903335153296788,308.15
-10.081327784999,-11.4542146753202,2.47279283070574,0.8742,0.904123589052169,308.15
-10.0810748773912,-11.4559802133086,2.47655875856821,0.8752,0.904911595863753,308.15
-10.0808185556655,-11.4577860427295,2.48033576345525,0.8762,0.905699174081491,308.15
-10.0805588629502,-11.4596325657607,2.48412389285383,0.8772,0.906486324054955,308.15
-10.0802958431506,-11.4615201879246,2.48792319451167,0.8782,0.907273046133334,308.15
-10.0800295409569,-11.4634493180972,2.49173371643893,0.8792,0.908059340665441,308.15
-10.0797600017949,-11.4654203685753,2.49555550690917,0.8802,0.908845207999706,308.15
-10.0794872719214,-11.4674337550406,2.49938861446199,0.8812,0.909630648484184,308.15
-10.0792113983983,-11.4694898965823,2.5032330879044,0.8822,0.91041566246655,308.15
-10.0789324289957,-11.4715892158781,2.50708897631095,0.8832,0.911200250294103,308.15
-10.0786504124236,-11.4737321389435,2.51095632902842,0.8842,0.911984412313764,308.15
-10.0783653981362,-11.4759190953816,2.51483519567483,0.8852,0.912768148872076,308.15
-10.0780774364385,-11.4781505183195,2.51872562614235,0.8862,0.91355146031521,308.15
-10.0777865784789,-11.4804268444204,2.52262767059889,0.8872,0.914334346988958,308.15
-10.077492876261,-11.482748513958,2.52654137948967,0.8882,0.91511680923874,308.15
-10.0771963826529,-11.4851159707636,2.5304668035392,0.8892,0.915898847409597,308.15
-10.0768971513546,-11.487529662351,2.53440399375229,0.8902,0.916680461846202,308.15
-10.0765952369697,-11.4899900398644,2.53835300141658,0.8912,0.91746165289285,308.15
-10.0762906950311,-11.4924975580689,2.54231387810467,0.8922,0.918242420893465,308.15
-10.0759835818813,-11.4950526755255,2.54628667567402,0.8932,0.919022766191599,308.15
-10.0756739548366,-11.4976558544422,2.55027144627086,0.8942,0.919802689130431,308.15
-10.0753618721144,-11.5003075608042,2.55426824233076,0.8952,0.92058219005277,308.15
-10.0750473928349,-11.5030082643594,2.55827711658053,0.8962,0.921361269301051,308.15
-10.0747305771019,-11.5057584386397,2.56229812204064,0.8972,0.922139927217343,308.15
-10.0744114859463,-11.5085585609702,2.56633131202649,0.8982,0.922918164143342,308.15
-10.0740901813002,-11.5114091126039,2.57037674014944,0.8992,0.923695980420376,308.15
-10.0737667261524,-11.5143105785475,2.57443446032077,0.9002,0.924473376389403,308.15
-10.0734411844163,-11.5172634477581,2.57850452675148,0.9012,0.925250352391013,308.15
-10.0731136210278,-11.5202682130444,2.58258699395547,0.9022,0.92602690876543,308.15
-10.0727841018625,-11.5233253712273,2.58668191674989,0.9032,0.926803045852507,308.15
-10.072452693869,-11.5264354230132,2.59078935025885,0.9042,0.927578763991733,308.15
-10.0721194649823,-11.5295988730868,2.59490934991398,0.9052,0.928354063522231,308.15
-10.0717844841917,-11.5328162301603,2.59904197145682,0.9062,0.929128944782754,308.15
-10.0714478214828,-11.5360880069654,2.60318727094012,0.9072,0.929903408111695,308.15
-10.0711095479118,-11.5394147202583,2.6073453047304,0.9082,0.930677453847077,308.15
-10.0707697356469,-11.5427968908538,2.6115161295101,0.9092,0.931451082326563,308.15
-10.0704284578644,-11.5462350436643,2.61569980227834,0.9102,0.93222429388745,308.15
-10.0700857888825,-11.549729707697,2.61989638035405,0.9112,0.93299708886667,308.15
-10.0697418040428,-11.5532814161134,2.62410592137649,0.9122,0.933769467600795,308.15
-10.0693965798764,-11.5568907061872,2.62832848330901,0.9132,0.934541430426033,308.15
-10.0690501939741,-11.5605581194003,2.63256412443916,0.9142,0.93531297767823,308.15
-10.0687027250862,-11.5642842013897,2.63681290338193,0.9152,0.936084109692871,308.15
-10.0683542530913,-11.5680695020179,2.64107487908095,0.9162,0.936854826805079,308.15
-10.0680048590174,-11.5719145754075,2.64535011081057,0.9172,0.937625129349617,308.15
-10.0676546250899,-11.5758199798603,2.64963865817855,0.9182,0.938395017660889,308.15
-10.0673036347159,-11.5797862779691,2.65394058112734,0.9192,0.939164492072939,308.15
-10.0669519723892,-11.5838140366937,2.65825593993478,0.9202,0.93993355291945,308.15
-10.0665997239458,-11.5879038271867,2.66258479521931,0.9212,0.940702200533749,308.15
-10.0662469763414,-11.592056224999,2.66692720793877,0.9222,0.941470435248804,308.15
-10.0658938177841,-11.5962718099954,2.6712832393941,0.9232,0.942238257397224,308.15
-10.0655403377356,-11.6005511663827,2.6756529512311,0.9242,0.943005667311262,308.15
-10.0651866268477,-11.6048948828184,2.68003640544128,0.9252,0.943772665322816,308.15
-10.0648327771182,-11.6093035522494,2.68443366436612,0.9262,0.944539251763425,308.15
-10.0644788817176,-11.6137777720148,2.68884479069676,0.9272,0.945305426964273,308.15
-10.0641250353062,-11.6183181441601,2.69326984747777,0.9282,0.946071191256191,308.15
-10.06377133351,-11.622925274767,2.69770889810678,0.9292,0.946836544969651,308.15
-10.0634178735728,-11.6275997745506,2.70216200634041,0.9302,0.947601488434775,308.15
-10.0630647538709,-11.6323422587924,2.70662923629145,0.9312,0.948366021981329,308.15
-10.062712074224,-11.6371533470819,2.71111065243532,0.9322,0.949130145938726,308.15
-10.0623599357496,-11.6420336636073,2.71560631960904,0.9332,0.949893860636025,308.15
-10.0620084409392,-11.6469838370231,2.72011630301464,0.9342,0.950657166401936,308.15
-10.0616576936455,-11.6520045005036,2.7246406682207,0.9352,0.951420063564813,308.15
-10.0613077991417,-11.6570962917468,2.72917948116487,0.9362,0.95218255245266,308.15
-10.0609588640395,-11.6622598530073,2.73373280815474,0.9372,0.952944633393133,308.15
-10.0606109964131,-11.6674958310458,2.73830071587141,0.9382,0.953706306713532,308.15
-10.0602643057542,-11.6728048772016,2.74288327137047,0.9392,0.954467572740812,308.15
-10.059918902995,-11.6781876473548,2.74748054208441,0.9402,0.955228431801575,308.15
-10.0595749004935,-11.6836448019672,2.75209259582411,0.9412,0.955988884222076,308.15
-10.0592324120576,-11.68917700611,2.75671950078087,0.9422,0.95674893032822,308.15
-10.0588915530359,-11.6947849293613,2.76136132552981,0.9432,0.957508570445564,308.15
-10.0585524401987,-11.7004692459253,2.7660181390298,0.9442,0.958267804899319,308.15
-10.0582151918803,-11.7062306345529,2.77069001062733,0.9452,0.959026634014347,308.15
-10.0578799278292,-11.7120697786907,2.77537701005591,0.9462,0.959785058115162,308.15
-10.0575467694688,-11.7179873661823,2.78007920744236,0.9472,0.960543077525936,308.15
-10.057215839634,-11.7239840896481,2.78479667330372,0.9482,0.96130069257049,308.15
-10.0568872627863,-11.7300606461801,2.78952947855306,0.9492,0.962057903572304,308.15
-10.0565611648812,-11.736217737539,2.79427769449874,0.9502,0.96281471085451,308.15
-10.056237673546,-11.7424560699802,2.79904139284914,0.9512,0.963571114739897,308.15
-10.0559169179401,-11.74877635443,2.8038206457119,0.9522,0.964327115550909,308.15
-10.0555990288419,-11.7551793063075,2.80861552559755,0.9532,0.965082713609648,308.15
-10.0552841386194,-11.7616656457005,2.81342610542004,0.9542,0.965837909237872,308.15
-10.0549723813297,-11.7682360971507,2.81825245850069,0.9552,0.966592702756996,308.15
-10.054663892659,-11.7748913898128,2.8230946585684,0.9562,0.967347094488093,308.15
-10.0543588098697,-11.7816322574247,2.82795277976072,0.9572,0.968101084751895,308.15
-10.0540572720109,-11.7884594381721,2.83282689662885,0.9582,0.968854673868791,308.15
-10.053759419701,-11.7953736748845,2.83771708413552,0.9592,0.969607862158832,308.15
-10.053465395315,-11.8023757148246,2.84262341766002,0.9602,0.970360649941725,308.15
-10.0531753429642,-11.8094663097598,2.84754597299915,0.9612,0.97111303753684,308.15
-10.052889408365,-11.8166462160331,2.85248482636675,0.9622,0.971865025263207,308.15
-10.0526077390997,-11.8239161943738,2.8574400543995,0.9632,0.972616613439516,308.15
-10.0523304843703,-11.8312770100816,2.86241173415432,0.9642,0.973367802384119,308.15
-10.0520577951977,-11.8387294328457,2.86739994311337,0.9652,0.97411859241503,308.15
-10.0517898243656,-11.8462742368447,2.87240475918425,0.9662,0.974868983849925,308.15
-10.0515267263844,-11.8539122007273,2.87742626070107,0.9672,0.975618977006143,308.15
-10.0512686575994,-11.8616441075472,2.8824645264276,0.9682,0.976368572200686,308.15
-10.051015776149,-11.8694707447925,2.88751963555802,0.9692,0.977117769750221,308.15
-10.0507682419704,-11.8773929044258,2.89259166771811,0.9702,0.977866569971076,308.15
-10.0505262168125,-11.8854113828244,2.8976807029672,0.9712,0.978614973179248,308.15
-10.0502898642557,-11.8935269808718,2.90278682179926,0.9722,0.979362979690394,308.15
-10.0500593497375,-11.9017405038908,2.90791010514503,0.9732,0.98011058981984,308.15
-10.0498348405127,-11.9100527617812,2.91305063437221,0.9742,0.980857803882578,308.15
-10.0496165057384,-11.9184645689575,2.91820849128834,0.9752,0.981604622193264,308.15
-10.0494045163815,-11.9269767445657,2.92338375813994,0.9762,0.982351045066223,308.15
-10.0491990453483,-11.935590112411,2.92857651761636,0.9772,0.983097072815445,308.15
-10.0490002674205,-11.9443055011869,2.93378685284936,0.9782,0.983842705754589,308.15
-10.0488083591966,-11.9531237447735,2.93901484741265,0.9792,0.984587944196984,308.15
-10.0486234993065,-11.9620456821666,2.94426058532757,0.9802,0.985332788455623,308.15
-10.0484458681649,-11.9710721581428,2.94952415105856,0.9812,0.986077238843172,308.15
-10.0482756482059,-11.9802040234321,2.95480562951873,0.9822,0.986821295671964,308.15
-10.0481130237101,-11.9894421354037,2.96010510606755,0.9832,0.987564959254004,308.15
-10.0479581809236,-11.998787358837,2.96542266651321,0.9842,0.988308229900966,308.15
-10.0478113080504,-12.0082405669241,2.97075839711352,0.9852,0.989051107924193,308.15
-10.0476725951967,-12.0178026428026,2.97611238457518,0.9862,0.989793593634703,308.15
-10.0475422344255,-12.0274744815487,2.98148471605543,0.9872,0.990535687343183,308.15
-10.0474204197507,-12.0372569931114,2.98687547916224,0.9882,0.991277389359992,308.15
-10.0473073471604,-12.0471511065864,2.99228476195505,0.9892,0.992018699995162,308.15
-10.0472032145538,-12.0571577766678,2.9977126529438,0.9902,0.992759619558399,308.15
-10.0471082218429,-12.0672779935003,3.00315924109118,0.9912,0.99350014835908,308.15
-10.047022570866,-12.0775127988392,3.00862461581073,0.9922,0.994240286706258,308.15
-10.0469464654258,-12.0878633131834,3.01410886696793,0.9932,0.994980034908659,308.15
-10.0468801112954,-12.0983307849958,3.01961208487973,0.9942,0.995719393274684,308.15
-10.0468237162332,-12.1089166868694,3.02513436031512,0.9952,0.996458362112407,308.15
-10.0467774898991,-12.1196229261434,3.03067578449264,0.9962,0.997196941729582,308.15
-10.0467416439627,-12.130452383723,3.03623644908248,0.9972,0.997935132433635,308.15
-10.0467163920242,-12.1414106893486,3.04181644620407,0.9982,0.998672934531669,308.15
