-12.9473601432362,-11.8767052136467,1.04667127909502,0.0002,0.00027138438633377,308.15
-11.9322535853125,-11.8772717348102,1.04737100373486,0.0012,0.00162772523095156,308.15
-11.5907969028771,-11.8778358797483,1.04807165567894,0.0022,0.00298309835723694,308.15
-11.3808416193619,-11.8783976435764,1.04877323675322,0.0032,0.00433750480048812,308.15
-11.2292726055548,-11.8789570214064,1.04947574878839,0.0042,0.005690945594527,308.15
-11.110862517125,-11.879514008348,1.05017919361991,0.0052,0.00704342177170186,308.15
-11.0138635196334,-11.8800685995092,1.05088357308799,0.0062,0.00839493436288998,308.15
-10.9318412331869,-11.8806207899949,1.05158888903763,0.0072,0.0097454843975002,308.15
-10.8608863770762,-11.8811705749092,1.05229514331865,0.0082,0.0110950729034756,308.15
-10.7984450793973,-11.8817179493522,1.05300233778564,0.0092,0.0124437009072962,308.15
-10.7427567082109,-11.8822629084221,1.05371047429806,0.0102,0.0137913694339811,308.15
-10.6925559665654,-11.882805447216,1.0544195547202,0.0112,0.0151380795070919,308.15
-10.6469029107274,-11.8833455608285,1.0551295809212,0.0122,0.0164838321487345,308.15
-10.605080156426,-11.8838832443495,1.05584055477508,0.0132,0.017828628379562,308.15
-10.5665277263377,-11.8844184928709,1.05655247816078,0.0142,0.0191724692187775,308.15
-10.5308001213642,-11.8849513014797,1.0572653529621,0.0152,0.0205153556841363,308.15
-10.4975370970306,-11.885481665261,1.05797918106781,0.0162,0.0218572887919485,308.15
-10.4664432082126,-11.8860095792978,1.0586939643716,0.0172,0.023198269557082,308.15
-10.4372731430503,-11.8865350386717,1.0594097047721,0.0182,0.0245382989929646,308.15
-10.409820984846,-11.8870580384627,1.06012640417294,0.0192,0.0258773781115865,308.15
-10.3839122034061,-11.8875785737471,1.06084406448273,0.0202,0.0272155079235035,308.15
-10.3593975834554,-11.888096639598,1.06156268761506,0.0212,0.0285526894378386,308.15
-10.336148553714,-11.8886122310912,1.06228227548858,0.0222,0.0298889236622854,308.15
-10.3140535459458,-11.8891253432964,1.06300283002695,0.0232,0.03122421160311,308.15
-10.2930151229084,-11.8896359712818,1.0637243531589,0.0242,0.032558554265154,308.15
-10.2729476882281,-11.8901441101135,1.0644468468182,0.0252,0.0338919526518368,308.15
-10.2537756421925,-11.8906497548597,1.06517031294375,0.0262,0.0352244077651578,308.15
-10.2354318831726,-11.8911529005794,1.06589475347951,0.0272,0.0365559206056996,308.15
-10.2178565797473,-11.891653542335,1.06662017037459,0.0282,0.03788649217263,308.15
-10.2009961568733,-11.8921516751851,1.06734656558323,0.0292,0.0392161234637046,308.15
-10.1848024528479,-11.892647294187,1.0680739410648,0.0302,0.0405448154752694,308.15
-10.1692320136557,-11.8931403943962,1.06880229878387,0.0312,0.0418725692022631,308.15
-10.1542454986742,-11.8936309708644,1.06953164071019,0.0322,0.0431993856382199,308.15
-10.1398071772896,-11.8941190186441,1.07026196881869,0.0332,0.0445252657752716,308.15
-10.1258845002527,-11.8946045327844,1.07099328508956,0.0342,0.0458502106041502,308.15
-10.1124477328007,-11.8950875083327,1.07172559150819,0.0352,0.0471742211141907,308.15
-10.0994696392151,-11.8955679403356,1.07245889006525,0.0362,0.0484972982933331,308.15
-10.0869252103401,-11.8960458238368,1.07319318275667,0.0372,0.0498194431281249,308.15
-10.0747914272787,-11.8965211538776,1.07392847158367,0.0382,0.051140656603724,308.15
-10.0630470556201,-11.8969939254994,1.07466475855279,0.0392,0.0524609397039006,308.15
-10.0516724655826,-11.8974641337405,1.07540204567588,0.0402,0.05378029341104,308.15
-10.0406494742827,-11.8979317736388,1.07614033497013,0.0412,0.0550987187061449,308.15
-10.0299612068913,-11.8983968402277,1.0768796284581,0.0422,0.0564162165688377,308.15
-10.0195919740859,-11.8988593285427,1.07761992816773,0.0432,0.0577327879773634,308.15
-10.0095271634979,-11.8993192336152,1.07836123613233,0.0442,0.0590484339085913,308.15
-9.99975314333295,-11.8997765504764,1.07910355439066,0.0452,0.0603631553380182,308.15
-9.9902571765097,-11.9002312741538,1.07984688498688,0.0462,0.0616769532397701,308.15
-9.98102734402142,-11.9006833996737,1.08059122997061,0.0472,0.062989828586605,308.15
-9.97205247631675,-11.9011329220637,1.08133659139693,0.0482,0.0643017823499154,308.15
-9.96332209172995,-11.9015798363476,1.08208297132641,0.0492,0.0656128154997305,308.15
-9.95482634110795,-11.9020241375466,1.08283037182514,0.0502,0.0669229290047183,308.15
-9.9465559578993,-11.9024658206833,1.08357879496469,0.0512,0.0682321238321887,308.15
-9.93850221306967,-11.9029048807765,1.08432824282221,0.0522,0.0695404009480952,308.15
-9.93065687429707,-11.9033413128436,1.08507871748037,0.0532,0.0708477613170378,308.15
-9.92301216897513,-11.9037751119032,1.08583022102746,0.0542,0.0721542059022649,308.15
-9.9155607505728,-11.9042062729669,1.08658275555732,0.0552,0.073459735665676,308.15
-9.90829566804503,-11.9046347910517,1.08733632316943,0.0562,0.0747643515678239,308.15
-9.90121033792941,-11.9050606611711,1.08809092596889,0.0572,0.0760680545679173,308.15
-9.89429851884946,-11.9054838783326,1.08884656606646,0.0582,0.0773708456238227,308.15
-9.88755428820644,-11.9059044375483,1.08960324557856,0.0592,0.0786727256920672,308.15
-9.88097202082342,-11.9063223338279,1.0903609666273,0.0602,0.0799736957278405,308.15
-9.8745463693313,-11.9067375621756,1.09111973134051,0.0612,0.0812737566849975,308.15
-9.86827224616716,-11.9071501175998,1.09187954185173,0.0622,0.0825729095160605,308.15
-9.86214480698631,-11.9075599951045,1.09264040030024,0.0632,0.0838711551722215,308.15
-9.85615943540181,-11.9079671896929,1.0934023088311,0.0642,0.0851684946033445,308.15
-9.8503117288732,-11.9083716963695,1.09416526959514,0.0652,0.0864649287579681,308.15
-9.84459748569729,-11.9087735101335,1.09492928474902,0.0662,0.0877604585833073,308.15
-9.83901269295394,-11.9091726259876,1.09569435645519,0.0672,0.0890550850252564,308.15
-9.83355351536306,-11.9095690389286,1.09646048688196,0.0682,0.0903488090283907,308.15
-9.82821628492076,-11.9099627439556,1.09722767820348,0.0692,0.0916416315359694,308.15
-9.82299749131806,-11.9103537360656,1.09799593259982,0.0702,0.0929335534899373,308.15
-9.81789377300833,-11.910742010256,1.09876525225691,0.0712,0.0942245758309276,308.15
-9.81290190890153,-11.9111275615197,1.09953563936662,0.0722,0.0955146994982638,308.15
-9.80801881064717,-11.911510384853,1.10030709612677,0.0732,0.0968039254299623,308.15
-9.8032415154218,-11.9118904752487,1.10107962474111,0.0742,0.0980922545627344,308.15
-9.79856717920558,-11.9122678276987,1.10185322741941,0.0752,0.0993796878319887,308.15
-9.79399307050849,-11.9126424371973,1.1026279063774,0.0762,0.100666226171833,308.15
-9.78951656450113,-11.9130142987315,1.10340366383687,0.0772,0.101951870515078,308.15
-9.78513513751076,-11.9133834072936,1.10418050202561,0.0782,0.103236621793238,308.15
-9.78084636190236,-11.9137497578728,1.10495842317751,0.0792,0.104520480936532,308.15
-9.77664790123525,-11.9141133454557,1.10573742953251,0.0802,0.105803448873889,308.15
-9.77253750575139,-11.9144741650337,1.10651752333668,0.0812,0.10708552653295,308.15
-9.76851300813284,-11.9148322115917,1.10729870684219,0.0822,0.108366714840066,308.15
-9.76457231951156,-11.9151874801168,1.10808098230737,0.0832,0.109647014720307,308.15
-9.76071342572304,-11.915539965595,1.1088643519967,0.0842,0.110926427097457,308.15
-9.7569343837691,-11.9158896630108,1.10964881818086,0.0852,0.112204952894021,308.15
-9.75323331850395,-11.9162365673529,1.11043438313672,0.0862,0.113482593031227,308.15
-9.74960841949403,-11.9165806736019,1.1112210491474,0.0872,0.114759348429025,308.15
-9.74605793808836,-11.9169219767429,1.11200881850224,0.0882,0.116035220006094,308.15
-9.74258018459593,-11.9172604717587,1.11279769349688,0.0892,0.117310208679839,308.15
-9.7391735256908,-11.9175961536339,1.11358767643322,0.0902,0.118584315366398,308.15
-9.73583638189695,-11.9179290173524,1.11437876961949,0.0912,0.11985754098064,308.15
-9.73256722527039,-11.9182590578939,1.11517097537027,0.0922,0.12112988643617,308.15
-9.729364577141,-11.9185862702419,1.11596429600645,0.0932,0.12240135264533,308.15
-9.72622700603516,-11.918910649379,1.11675873385534,0.0942,0.123671940519202,308.15
-9.72315312566631,-11.9192321902859,1.11755429125062,0.0952,0.12494165096761,308.15
-9.72014159305466,-11.9195508879455,1.11835097053242,0.0962,0.126210484899121,308.15
-9.71719110672949,-11.919866737338,1.11914877404728,0.0972,0.127478443221047,308.15
-9.71430040502616,-11.9201797334436,1.11994770414822,0.0982,0.128745526839452,308.15
-9.71146826449647,-11.9204898712475,1.12074776319475,0.0992,0.130011736659145,308.15
-9.70869349833179,-11.9207971457293,1.12154895355289,0.1002,0.131277073583693,308.15
-9.70597495495157,-11.9211015518679,1.12235127759517,0.1012,0.132541538515412,308.15
-9.70331151658857,-11.9214030846478,1.12315473770071,0.1022,0.133805132355381,308.15
-9.7007020979799,-11.9217017390483,1.12395933625516,0.1032,0.135067856003432,308.15
-9.69814564510771,-11.9219975100526,1.12476507565081,0.1042,0.136329710358162,308.15
-9.69564113404146,-11.9222903926415,1.12557195828654,0.1052,0.137590696316929,308.15
-9.69318756971876,-11.9225803817966,1.1263799865679,0.1062,0.138850814775858,308.15
-9.69078398496242,-11.922867472502,1.12718916290709,0.1072,0.14011006662984,308.15
-9.68842943935971,-11.9231516597391,1.12799948972299,0.1082,0.141368452772537,308.15
-9.68612301832076,-11.9234329384899,1.12881096944122,0.1092,0.142625974096381,308.15
-9.6838638321366,-11.92371130374,1.12962360449412,0.1102,0.14388263149258,308.15
-9.68165101507125,-11.9239867504705,1.13043739732078,0.1112,0.145138425851115,308.15
-9.67948372447813,-11.9242592736665,1.13125235036708,0.1122,0.146393358060747,308.15
-9.67736114003787,-11.9245288683134,1.13206846608571,0.1132,0.147647429009017,308.15
-9.67528246291732,-11.9247955293969,1.13288574693619,0.1142,0.148900639582248,308.15
-9.67324691505465,-11.9250592519011,1.13370419538488,0.1152,0.150152990665546,308.15
-9.67125373841406,-11.9253200308123,1.13452381390503,0.1162,0.151404483142805,308.15
-9.66930219431694,-11.9255778611207,1.13534460497678,0.1172,0.152655117896707,308.15
-9.66739156279346,-11.9258327378114,1.1361665710872,0.1182,0.153904895808725,308.15
-9.66552114191806,-11.9260846558745,1.13698971473029,0.1192,0.155153817759122,308.15
-9.66369024724411,-11.926333610299,1.13781403840706,0.1202,0.15640188462696,308.15
-9.66189821119186,-11.9265795960749,1.13863954462547,0.1212,0.157649097290093,308.15
-9.66014438251551,-11.9268226081948,1.13946623590054,0.1222,0.158895456625177,308.15
-9.65842812576579,-11.9270626416497,1.14029411475431,0.1232,0.160140963507668,308.15
-9.65674882076227,-11.9272996914337,1.14112318371589,0.1242,0.161385618811825,308.15
-9.65510586213079,-11.9275337525416,1.1419534453215,0.1252,0.162629423410711,308.15
-9.65349865881772,-11.9277648199684,1.14278490211446,0.1262,0.163872378176196,308.15
-9.65192663363711,-11.9279928887113,1.14361755664525,0.1272,0.165114483978961,308.15
-9.6503892228235,-11.9282179537678,1.14445141147151,0.1282,0.166355741688496,308.15
-9.64888587564891,-11.928440010137,1.14528646915806,0.1292,0.167596152173104,308.15
-9.64741605397958,-11.9286590528202,1.14612273227696,0.1302,0.168835716299905,308.15
-9.64597923192543,-11.9288750768194,1.1469602034075,0.1312,0.170074434934833,308.15
-9.64457489544417,-11.9290880771375,1.14779888513625,0.1322,0.171312308942645,308.15
-9.64320254199796,-11.9292980487798,1.14863878005706,0.1332,0.172549339186915,308.15
-9.64186168020462,-11.9295049867508,1.1494798907711,0.1342,0.173785526530044,308.15
-9.64055182948263,-11.9297088860622,1.1503222198869,0.1352,0.175020871833256,308.15
-9.63927251978974,-11.9299097417206,1.15116577002035,0.1362,0.176255375956601,308.15
-9.63802329125723,-11.9301075487394,1.15201054379474,0.1372,0.177489039758961,308.15
-9.6368036939088,-11.93030230213,1.15285654384077,0.1382,0.178721864098048,308.15
-9.63561328740783,-11.9304939969081,1.15370377279662,0.1392,0.179953849830405,308.15
-9.63445164072755,-11.930682628091,1.15455223330791,0.1402,0.181184997811414,308.15
-9.63331833193534,-11.930868190697,1.15540192802778,0.1412,0.182415308895291,308.15
-9.63221294789708,-11.931050679747,1.1562528596169,0.1422,0.183644783935092,308.15
-9.63113508406362,-11.9312300902632,1.15710503074348,0.1432,0.184873423782714,308.15
-9.63008434419685,-11.9314064172715,1.15795844408331,0.1442,0.186101229288898,308.15
-9.62906034017797,-11.9315796557982,1.15881310231982,0.1452,0.187328201303228,308.15
-9.62806269174625,-11.9317498008737,1.15966900814402,0.1462,0.188554340674137,308.15
-9.62709102631394,-11.9319168475296,1.16052616425464,0.1472,0.189779648248905,308.15
-9.62614497874043,-11.9320807907972,1.16138457335805,0.1482,0.191004124873663,308.15
-9.62522419114393,-11.9322416257166,1.16224423816836,0.1492,0.192227771393397,308.15
-9.62432831269359,-11.9323993473236,1.16310516140743,0.1502,0.193450588651945,308.15
-9.6234569994352,-11.9325539506615,1.16396734580485,0.1512,0.194672577492004,308.15
-9.62260991410858,-11.9327054307733,1.16483079409807,0.1522,0.195893738755127,308.15
-9.62178672595097,-11.9328537827062,1.1656955090323,0.1532,0.197114073281729,308.15
-9.62098711056596,-11.932999001509,1.16656149336065,0.1542,0.198333581911088,308.15
-9.62021074971158,-11.9331410822354,1.16742874984409,0.1552,0.199552265481346,308.15
-9.61945733119023,-11.9332800199379,1.16829728125151,0.1562,0.20077012482951,308.15
-9.61872654865685,-11.9334158096768,1.16916709035972,0.1572,0.201987160791457,308.15
-9.61801810149214,-11.9335484465114,1.17003817995351,0.1582,0.203203374201933,308.15
-9.61733169464319,-11.9336779255067,1.17091055282566,0.1592,0.204418765894557,308.15
-9.61666703849998,-11.9338042417293,1.17178421177697,0.1602,0.20563333670182,308.15
-9.61602384873332,-11.9339273902504,1.17265915961629,0.1612,0.206847087455091,308.15
-9.6154018462013,-11.9340473661435,1.17353539916056,0.1622,0.208060018984616,308.15
-9.61480075678492,-11.9341641644855,1.17441293323482,0.1632,0.20927213211952,308.15
-9.61422031129864,-11.9342777803545,1.17529176467224,0.1642,0.21048342768781,308.15
-9.61366024532907,-11.9343882088376,1.17617189631416,0.1652,0.211693906516377,308.15
-9.61312029915979,-11.9344954450215,1.17705333101013,0.1662,0.212903569430997,308.15
-9.61260021763785,-11.9345994839967,1.1779360716179,0.1672,0.214112417256332,308.15
-9.61209975006846,-11.9347003208584,1.1788201210035,0.1682,0.215320450815934,308.15
-9.61161865011351,-11.9347979507049,1.17970548204123,0.1692,0.216527670932245,308.15
-9.61115667567665,-11.9348923686382,1.1805921576137,0.1702,0.217734078426603,308.15
-9.61071358881903,-11.934983569765,1.18148015061188,0.1712,0.218939674119236,308.15
-9.61028915564631,-11.9350715491944,1.18236946393509,0.1722,0.220144458829271,308.15
-9.60988314621917,-11.9351563020449,1.18326010049106,0.1732,0.221348433374734,308.15
-9.60949533448696,-11.9352378234316,1.18415206319598,0.1742,0.222551598572549,308.15
-9.60912549815514,-11.9353161084781,1.18504535497448,0.1752,0.223753955238545,308.15
-9.60877341862752,-11.9353911523114,1.18593997875967,0.1762,0.224955504187451,308.15
-9.60843888092178,-11.9354629500629,1.18683593749322,0.1772,0.226156246232906,308.15
-9.60812167357079,-11.9355314968702,1.18773323412534,0.1782,0.227356182187453,308.15
-9.6078215885722,-11.9355967878713,1.18863187161482,0.1792,0.228555312862546,308.15
-9.60753842127176,-11.9356588182144,1.18953185292907,0.1802,0.22975363906855,308.15
-9.60727197033076,-11.9357175830481,1.19043318104417,0.1812,0.230951161614745,308.15
-9.6070220376236,-11.9357730775277,1.19133585894485,0.1822,0.232147881309321,308.15
-9.60678842817498,-11.9358252968114,1.19223988962457,0.1832,0.233343798959391,308.15
-9.6065709500959,-11.9358742360656,1.19314527608553,0.1842,0.23453891537098,308.15
-9.60636941451329,-11.9359198904592,1.1940520213387,0.1852,0.235733231349039,308.15
-9.60618363550564,-11.9359622551683,1.19496012840386,0.1862,0.236926747697437,308.15
-9.60601343002921,-11.9360013253725,1.19586960030964,0.1872,0.23811946521897,308.15
-9.60585861788762,-11.9360370962559,1.19678044009353,0.1882,0.239311384715358,308.15
-9.6057190216242,-11.9360695630113,1.19769265080191,0.1892,0.240502506987248,308.15
-9.6055944664989,-11.9360987208353,1.19860623549012,0.1902,0.241692832834218,308.15
-9.60548478043166,-11.9361245649285,1.19952119722246,0.1912,0.242882363054776,308.15
-9.60538979392139,-11.936147090499,1.20043753907222,0.1922,0.244071098446363,308.15
-9.60530934002082,-11.9361662927616,1.20135526412175,0.1932,0.245259039805355,308.15
-9.6052432542414,-11.9361821669348,1.20227437546242,0.1942,0.246446187927064,308.15
-9.60519137457159,-11.9361947082452,1.20319487619475,0.1952,0.247632543605741,308.15
-9.60515354135745,-11.936203911923,1.20411676942837,0.1962,0.248818107634577,308.15
-9.60512959729446,-11.9362097732043,1.20504005828208,0.1972,0.250002880805704,308.15
-9.60511938735349,-11.9362122873365,1.20596474588388,0.1982,0.251186863910197,308.15
-9.60512275875857,-11.9362114495687,1.20689083537098,0.1992,0.252370057738078,308.15
-9.60513956093671,-11.9362072551566,1.2078183298899,0.2002,0.253552463078314,308.15
-9.60516964546079,-11.9361996993638,1.20874723259644,0.2012,0.254734080718824,308.15
-9.6052128660123,-11.9361887774621,1.20967754665573,0.2022,0.255914911446474,308.15
-9.60526907835215,-11.9361744847261,1.21060927524229,0.2032,0.257094956047084,308.15
-9.60533814025747,-11.936156816439,1.21154242154001,0.2042,0.258274215305429,308.15
-9.60541991148957,-11.9361357678945,1.21247698874224,0.2052,0.259452690005237,308.15
-9.60551425378632,-11.9361113343884,1.21341298005182,0.2062,0.260630380929197,308.15
-9.60562103076697,-11.9360835112249,1.21435039868108,0.2072,0.261807288858953,308.15
-9.60574010794525,-11.9360522937172,1.21528924785189,0.2082,0.262983414575115,308.15
-9.60587135264712,-11.9360176771857,1.21622953079569,0.2092,0.264158758857252,308.15
-9.60601463403314,-11.9359796569554,1.21717125075357,0.2102,0.265333322483898,308.15
-9.60616982301431,-11.93593822836,1.21811441097625,0.2112,0.266507106232555,308.15
-9.60633679223537,-11.9358933867446,1.21905901472412,0.2122,0.26768011087969,308.15
-9.60651541605481,-11.9358451274573,1.22000506526731,0.2132,0.268852337200742,308.15
-9.60670557047717,-11.9357934458596,1.2209525658857,0.2142,0.270023785970121,308.15
-9.60690713316012,-11.9357383373146,1.22190151986897,0.2152,0.271194457961209,308.15
-9.60711998338197,-11.9356797971971,1.22285193051662,0.2162,0.272364353946362,308.15
-9.60734400197145,-11.9356178208903,1.22380380113802,0.2172,0.273533474696916,308.15
-9.6075790713317,-11.9355524037846,1.22475713505246,0.2182,0.27470182098318,308.15
-9.60782507535259,-11.9354835412804,1.22571193558913,0.2192,0.275869393574447,308.15
-9.60808189945456,-11.9354112287869,1.22666820608723,0.2202,0.277036193238988,308.15
-9.60834943049561,-11.9353354617178,1.22762594989597,0.2212,0.278202220744062,308.15
-9.60862755678667,-11.9352562355011,1.22858517037461,0.2222,0.279367476855907,308.15
-9.60891616804067,-11.9351735455689,1.22954587089248,0.2232,0.280531962339752,308.15
-9.60921515534313,-11.9350873873694,1.23050805482904,0.2242,0.281695677959812,308.15
-9.60952441117952,-11.9349977563528,1.23147172557395,0.2252,0.282858624479292,308.15
-9.60984382933735,-11.9349046479834,1.23243688652703,0.2262,0.284020802660389,308.15
-9.61017330493918,-11.9348080577311,1.23340354109836,0.2272,0.285182213264294,308.15
-9.61051273437542,-11.9347079810788,1.23437169270829,0.2282,0.286342857051191,308.15
-9.61086201531185,-11.9346044135172,1.23534134478748,0.2292,0.287502734780262,308.15
-9.61122104669209,-11.9344973505475,1.23631250077698,0.2302,0.288661847209686,308.15
-9.61158972861185,-11.9343867876834,1.23728516412818,0.2312,0.289820195096643,308.15
-9.61196796243952,-11.9342727204418,1.23825933830296,0.2322,0.290977779197314,308.15
-9.61235565067968,-11.9341551443571,1.23923502677363,0.2332,0.292134600266883,308.15
-9.61275269700768,-11.9340340549708,1.24021223302303,0.2342,0.293290659059539,308.15
-9.61315900625449,-11.9339094478348,1.24119096054454,0.2352,0.294445956328476,308.15
-9.61357448434806,-11.9337813185138,1.24217121284216,0.2362,0.295600492825899,308.15
-9.61399903833307,-11.9336496625789,1.24315299343048,0.2372,0.296754269303019,308.15
-9.61443257632479,-11.9335144756185,1.24413630583479,0.2382,0.297907286510061,308.15
-9.61487500752409,-11.9333757532246,1.24512115359108,0.2392,0.299059545196263,308.15
-9.61532624213729,-11.9332334910075,1.24610754024609,0.2402,0.300211046109876,308.15
-9.61578619145405,-11.9330876845836,1.24709546935737,0.2412,0.301361789998167,308.15
-9.61625476772364,-11.9329383295848,1.24808494449327,0.2422,0.302511777607422,308.15
-9.61673188422319,-11.9327854216505,1.24907596923305,0.2432,0.303661009682947,308.15
-9.61721745518462,-11.9326289564386,1.25006854716684,0.2442,0.304809486969067,308.15
-9.61771139581212,-11.9324689296085,1.25106268189578,0.2452,0.305957210209131,308.15
-9.61821362227175,-11.932305336841,1.25205837703198,0.2462,0.307104180145511,308.15
-9.61872405162704,-11.9321381738251,1.25305563619858,0.2472,0.308250397519606,308.15
-9.61924260187306,-11.9319674362635,1.25405446302983,0.2482,0.309395863071843,308.15
-9.61976919191345,-11.9317931198687,1.25505486117107,0.2492,0.310540577541676,308.15
-9.62030374150739,-11.9316152203714,1.25605683427882,0.2502,0.31168454166759,308.15
-9.62084617131427,-11.9314337335094,1.25706038602083,0.2512,0.312827756187105,308.15
-9.62139640284548,-11.9312486550344,1.25806552007608,0.2522,0.31397022183677,308.15
-9.62195435844388,-11.9310599807154,1.25907224013484,0.2532,0.315111939352174,308.15
-9.62251996127553,-11.9308677063305,1.26008054989872,0.2542,0.316252909467939,308.15
-9.62309313533695,-11.9306718276748,1.26109045308072,0.2552,0.317393132917729,308.15
-9.62367380544427,-11.9304723405494,1.26210195340527,0.2562,0.318532610434246,308.15
-9.62426189714514,-11.9302692407808,1.26311505460823,0.2572,0.319671342749233,308.15
-9.62485733683302,-11.9300625241991,1.26412976043702,0.2582,0.320809330593478,308.15
-9.62546005162103,-11.9298521866558,1.26514607465058,0.2592,0.321946574696814,308.15
-9.6260699693947,-11.9296382240131,1.26616400101947,0.2602,0.323083075788119,308.15
-9.62668701877467,-11.9294206321463,1.26718354332589,0.2612,0.324218834595318,308.15
-9.62731112910634,-11.9291994069494,1.26820470536371,0.2622,0.325353851845387,308.15
-9.6279422304763,-11.9289745443264,1.26922749093857,0.2632,0.326488128264355,308.15
-9.62858025364711,-11.9287460402003,1.27025190386785,0.2642,0.327621664577298,308.15
-9.6292251300936,-11.9285138905086,1.27127794798078,0.2652,0.328754461508352,308.15
-9.62987679198134,-11.9282780912026,1.27230562711846,0.2662,0.329886519780705,308.15
-9.63053517214693,-11.9280386382475,1.27333494513389,0.2672,0.331017840116603,308.15
-9.63120020408377,-11.9277955276292,1.27436590589205,0.2682,0.332148423237352,308.15
-9.63187182194904,-11.9275487553456,1.2753985132699,0.2692,0.333278269863315,308.15
-9.63254996052564,-11.9272983174143,1.27643277115647,0.2702,0.334407380713921,308.15
-9.63323455526522,-11.9270442098612,1.27746868345291,0.2712,0.335535756507659,308.15
-9.63392554222691,-11.9267864287381,1.27850625407249,0.2722,0.336663397962085,308.15
-9.63462285806458,-11.9265249701095,1.27954548694067,0.2732,0.33779030579382,308.15
-9.635326440078,-11.9262598300511,1.28058638599518,0.2742,0.338916480718552,308.15
-9.63603622613755,-11.9259910046664,1.28162895518601,0.2752,0.340041923451041,308.15
-9.63675215470614,-11.9257184900674,1.28267319847551,0.2762,0.341166634705117,308.15
-9.63747416483776,-11.9254422823871,1.2837191198384,0.2772,0.342290615193681,308.15
-9.63820219613988,-11.9251623777769,1.28476672326182,0.2782,0.343413865628708,308.15
-9.63893618880657,-11.9248787724006,1.28581601274544,0.2792,0.344536386721251,308.15
-9.63967608355138,-11.9245914624466,1.2868669923014,0.2802,0.345658179181437,308.15
-9.64042182166953,-11.9243004441193,1.28791966595445,0.2812,0.346779243718472,308.15
-9.64117334497611,-11.9240057136378,1.28897403774197,0.2822,0.347899581040644,308.15
-9.64193059582165,-11.9237072672436,1.29003011171399,0.2832,0.34901919185532,308.15
-9.64269351707563,-11.9234051011957,1.29108789193331,0.2842,0.350138076868951,308.15
-9.64346205211812,-11.9230992117736,1.29214738247545,0.2852,0.351256236787071,308.15
-9.64423614486453,-11.9227895952716,1.29320858742881,0.2862,0.352373672314303,308.15
-9.64501573968003,-11.9224762480106,1.29427151089461,0.2872,0.353490384154353,308.15
-9.64580078147843,-11.9221591663206,1.29533615698707,0.2882,0.354606373010019,308.15
-9.64659121560251,-11.9218383465643,1.29640252983329,0.2892,0.355721639583189,308.15
-9.64738698794187,-11.9215137851119,1.2974706335735,0.2902,0.356836184574841,308.15
-9.64818804479187,-11.9211854783621,1.29854047236092,0.2912,0.357950008685048,308.15
-9.64899433296069,-11.9208534227291,1.29961205036198,0.2922,0.359063112612977,308.15
-9.64980579968416,-11.9205176146532,1.30068537175621,0.2932,0.360175497056891,308.15
-9.65062239266308,-11.9201780505917,1.30176044073643,0.2942,0.36128716271415,308.15
-9.65144406005454,-11.9198347270213,1.30283726150874,0.2952,0.362398110281215,308.15
-9.65227075044108,-11.9194876404431,1.30391583829255,0.2962,0.363508340453646,308.15
-9.65310241283698,-11.9191367873799,1.30499617532069,0.2972,0.364617853926105,308.15
-9.65393899669755,-11.9187821643737,1.30607827683942,0.2982,0.365726651392358,308.15
-9.65478045188421,-11.9184237679915,1.30716214710849,0.2992,0.366834733545276,308.15
-9.65562672868113,-11.9180615948223,1.30824779040121,0.3002,0.367942101076835,308.15
-9.65647777778697,-11.9176956414729,1.30933521100449,0.3012,0.369048754678121,308.15
-9.6573335502966,-11.9173259045776,1.31042441321889,0.3022,0.370154695039326,308.15
-9.65819399771108,-11.9169523807929,1.31151540135871,0.3032,0.371259922849756,308.15
-9.65905907192012,-11.9165750667972,1.31260817975198,0.3042,0.372364438797827,308.15
-9.65992872517978,-11.9161939592945,1.31370275274054,0.3052,0.373468243571069,308.15
-9.66080291018115,-11.9158090550077,1.31479912468017,0.3062,0.374571337856127,308.15
-9.66168157993931,-11.9154203506903,1.31589729994051,0.3072,0.375673722338763,308.15
-9.66256468787097,-11.915027843113,1.31699728290522,0.3082,0.376775397703855,308.15
-9.66345218774293,-11.9146315290786,1.318099077972,0.3092,0.377876364635401,308.15
-9.66434403370408,-11.9142314054058,1.31920268955264,0.3102,0.378976623816521,308.15
-9.6652401802307,-11.9138274689468,1.32030812207307,0.3112,0.380076175929455,308.15
-9.66614058218951,-11.9134197165694,1.32141537997347,0.3122,0.381175021655568,308.15
-9.66704519476568,-11.9130081451783,1.32252446770824,0.3132,0.382273161675348,308.15
-9.66795397347522,-11.9125927516957,1.32363538974612,0.3142,0.383370596668411,308.15
-9.66886687421858,-11.9121735330697,1.32474815057026,0.3152,0.3844673273135,308.15
-9.66978385319001,-11.9117504862801,1.3258627546782,0.3162,0.385563354288486,308.15
-9.67070486692253,-11.9113236083294,1.326979206582,0.3172,0.386658678270372,308.15
-9.67162987228693,-11.9108928962448,1.32809751080827,0.3182,0.387753299935292,308.15
-9.67255882645964,-11.9104583470861,1.32921767189825,0.3192,0.388847219958513,308.15
-9.67349168693481,-11.910019957938,1.33033969440781,0.3202,0.389940439014439,308.15
-9.67442841152368,-11.9095777259113,1.33146358290759,0.3212,0.391032957776605,308.15
-9.67536895835171,-11.9091316481409,1.33258934198302,0.3222,0.392124776917688,308.15
-9.67631328581887,-11.9086817218033,1.33371697623432,0.3232,0.393215897109502,308.15
-9.67726135266127,-11.9082279440896,1.33484649027668,0.3242,0.394306319023002,308.15
-9.67821311789796,-11.9077703122232,1.33597788874026,0.3252,0.395396043328281,308.15
-9.67916854081499,-11.9073088234628,1.33711117627019,0.3262,0.396485070694581,308.15
-9.68012758104094,-11.9068434750869,1.33824635752677,0.3272,0.397573401790282,308.15
-9.68109019843377,-11.9063742644106,1.33938343718537,0.3282,0.398661037282914,308.15
-9.68205635313827,-11.9059011887822,1.3405224199366,0.3292,0.399747977839152,308.15
-9.68302600563139,-11.9054242455645,1.3416633104864,0.3302,0.400834224124819,308.15
-9.68399911660943,-11.9049434321639,1.34280611355597,0.3312,0.40191977680489,308.15
-9.68497564704252,-11.9044587460183,1.34395083388193,0.3322,0.403004636543488,308.15
-9.68595555819629,-11.9039701845904,1.34509747621637,0.3332,0.404088804003891,308.15
-9.68693881154201,-11.9034777453815,1.34624604532687,0.3342,0.405172279848529,308.15
-9.68792536890293,-11.9029814259105,1.34739654599667,0.3352,0.406255064738988,308.15
-9.68891519226357,-11.9024812237476,1.34854898302457,0.3362,0.407337159336011,308.15
-9.68990824392497,-11.9019771364795,1.34970336122514,0.3372,0.408418564299496,308.15
-9.69090448640497,-11.9014691617355,1.3508596854287,0.3382,0.409499280288504,308.15
-9.69190388246915,-11.9009572971707,1.3520179604814,0.3392,0.410579307961254,308.15
-9.69290639516955,-11.9004415404787,1.35317819124537,0.3402,0.411658647975128,308.15
-9.69391198771784,-11.8999218893891,1.35434038259857,0.3412,0.41273730098667,308.15
-9.69492062364687,-11.8993983416552,1.35550453943516,0.3422,0.413815267651588,308.15
-9.69593226668437,-11.8988708950683,1.35667066666529,0.3432,0.41489254862476,308.15
-9.69694688075335,-11.8983395474698,1.35783876921527,0.3442,0.415969144560225,308.15
-9.6979644300912,-11.8978042967097,1.35900885202774,0.3452,0.417045056111195,308.15
-9.69898487907163,-11.8972651406927,1.36018092006153,0.3462,0.41812028393005,308.15
-9.70000819238415,-11.896722077348,1.36135497829194,0.3472,0.419194828668341,308.15
-9.70103433482302,-11.8961751046558,1.36253103171058,0.3482,0.420268690976793,308.15
-9.70206327149709,-11.8956242206166,1.36370908532567,0.3492,0.421341871505303,308.15
-9.70309496767472,-11.8950694232769,1.36488914416193,0.3502,0.422414370902942,308.15
-9.70412938888105,-11.8945107107131,1.36607121326078,0.3512,0.423486189817961,308.15
-9.70516650080739,-11.8939480810455,1.3672552976803,0.3522,0.424557328897786,308.15
-9.70620626936544,-11.8933815324305,1.36844140249533,0.3532,0.425627788789022,308.15
-9.70724866068578,-11.8928110630617,1.36962953279761,0.3542,0.426697570137455,308.15
-9.70829364107288,-11.8922366711717,1.37081969369573,0.3552,0.427766673588053,308.15
-9.70934117705549,-11.8916583550328,1.37201189031531,0.3562,0.428835099784965,308.15
-9.71039123535691,-11.8910761129527,1.37320612779903,0.3572,0.429902849371526,308.15
-9.71144378286705,-11.8904899432852,1.37440241130663,0.3582,0.430969922990257,308.15
-9.71249878669398,-11.8898998444172,1.3756007460151,0.3592,0.432036321282862,308.15
-9.71355621412374,-11.8893058147821,1.37680113711869,0.3602,0.433102044890238,308.15
-9.71461603263523,-11.8887078528572,1.37800358982895,0.3612,0.434167094452467,308.15
-9.71567820987431,-11.8881059571406,1.37920810937489,0.3622,0.435231470608825,308.15
-9.71674271369506,-11.8875001262015,1.38041470100296,0.3632,0.436295173997777,308.15
-9.71780951213342,-11.8868903586255,1.38162336997723,0.3642,0.437358205256982,308.15
-9.71887857336421,-11.8862766530585,1.3828341215793,0.3652,0.438420565023296,308.15
-9.71994986577466,-11.8856590081799,1.38404696110854,0.3662,0.439482253932767,308.15
-9.72102335790028,-11.8850374227155,1.38526189388205,0.3672,0.440543272620641,308.15
-9.72209901848653,-11.884411895429,1.38647892523486,0.3682,0.441603621721363,308.15
-9.72317681639536,-11.8837824251375,1.38769806051982,0.3692,0.442663301868579,308.15
-9.72425672069498,-11.8831490106962,1.38891930510785,0.3702,0.443722313695131,308.15
-9.72533870060726,-11.8825116510061,1.39014266438791,0.3712,0.444780657833068,308.15
-9.72642272550477,-11.8818703450168,1.39136814376711,0.3722,0.445838334913639,308.15
-9.72750876494474,-11.8812250917183,1.3925957486708,0.3732,0.446895345567299,308.15
-9.72859678861142,-11.8805758901519,1.39382548454261,0.3742,0.447951690423709,308.15
-9.72968676641199,-11.8799227393963,1.39505735684463,0.3752,0.449007370111736,308.15
-9.73077866829557,-11.8792656385963,1.39629137105722,0.3762,0.450062385259456,308.15
-9.73187246448598,-11.878604586918,1.3975275326795,0.3772,0.451116736494154,308.15
-9.73296812528925,-11.8779395835944,1.39876584722905,0.3782,0.452170424442326,308.15
-9.73406562116522,-11.8772706279061,1.40000632024217,0.3792,0.45322344972968,308.15
-9.73516492274632,-11.8765977191711,1.40124895727397,0.3802,0.454275812981137,308.15
-9.73626600078551,-11.8759208567691,1.40249376389834,0.3812,0.455327514820833,308.15
-9.73736882620485,-11.8752400401157,1.40374074570817,0.3822,0.45637855587212,308.15
-9.73847337004265,-11.8745552686938,1.40498990831529,0.3832,0.457428936757565,308.15
-9.73957960349448,-11.8738665420253,1.40624125735066,0.3842,0.458478658098956,308.15
-9.74068749791187,-11.8731738596802,1.40749479846441,0.3852,0.459527720517298,308.15
-9.74179702473018,-11.8724772212948,1.40875053732587,0.3862,0.460576124632818,308.15
-9.74290815559468,-11.8717766265362,1.41000847962378,0.3872,0.461623871064964,308.15
-9.7440208622093,-11.8710720751475,1.4112686310662,0.3882,0.462670960432408,308.15
-9.74513511645955,-11.8703635669111,1.41253099738076,0.3892,0.463717393353045,308.15
-9.74625089034323,-11.8696511016662,1.4137955843146,0.3902,0.464763170443997,308.15
-9.74736815601512,-11.8689346792981,1.41506239763463,0.3912,0.465808292321611,308.15
-9.7484868857068,-11.8682142997597,1.41633144312737,0.3922,0.466852759601464,308.15
-9.74960705182768,-11.867489963053,1.41760272659927,0.3932,0.467896572898359,308.15
-9.75072862688716,-11.866761669227,1.41887625387666,0.3942,0.468939732826334,308.15
-9.75185158351228,-11.8660294184057,1.42015203080585,0.3952,0.469982239998654,308.15
-9.75297589445602,-11.8652932107576,1.42143006325323,0.3962,0.471024095027818,308.15
-9.75410153259613,-11.8645530465062,1.42271035710538,0.3972,0.472065298525562,308.15
-9.75522847094354,-11.8638089259391,1.42399291826916,0.3982,0.473105851102852,308.15
-9.75635668262297,-11.8630608493917,1.42527775267176,0.3992,0.474145753369894,308.15
-9.75748614083074,-11.8623088172739,1.42656486626073,0.4002,0.475185005936131,308.15
-9.75861681893006,-11.8615528300468,1.42785426500421,0.4012,0.476223609410244,308.15
-9.75974869040065,-11.8607928882195,1.42914595489098,0.4022,0.477261564400154,308.15
-9.76088172877007,-11.860028992389,1.43043994193037,0.4032,0.478298871513024,308.15
-9.76201590777071,-11.8592611431796,1.43173623215268,0.4042,0.479335531355256,308.15
-9.76315120115088,-11.8584893413098,1.43303483160889,0.4052,0.480371544532501,308.15
-9.76428758283325,-11.857713587534,1.43433574637109,0.4062,0.481406911649649,308.15
-9.76542502683518,-11.8569338826808,1.43563898253238,0.4072,0.48244163331084,308.15
-9.76656350724809,-11.8561502276434,1.43694454620697,0.4082,0.483475710119459,308.15
-9.76770299828877,-11.8553626233775,1.4382524435303,0.4092,0.484509142678139,308.15
-9.76884347429134,-11.8545710708977,1.4395626806592,0.4102,0.485541931588763,308.15
-9.76998490967611,-11.8537755712887,1.44087526377187,0.4112,0.486574077452465,308.15
-9.77112727896447,-11.8529761256961,1.44219019906803,0.4122,0.48760558086963,308.15
-9.7722705567805,-11.852172735338,1.443507492769,0.4132,0.488636442439895,308.15
-9.77341471784528,-11.8513654014944,1.44482715111781,0.4142,0.489666662762152,308.15
-9.77455973697984,-11.8505541255107,1.44614918037928,0.4152,0.490696242434548,308.15
-9.77570558909423,-11.8497389088061,1.44747358684009,0.4162,0.491725182054487,308.15
-9.77685224919074,-11.8489197528681,1.44880037680891,0.4172,0.492753482218629,308.15
-9.77799969239362,-11.8480966592442,1.45012955661655,0.4182,0.493781143522894,308.15
-9.77914789388592,-11.8472696295622,1.45146113261589,0.4192,0.494808166562461,308.15
-9.7802968289506,-11.8464386655147,1.45279511118214,0.4202,0.495834551931769,308.15
-9.78144647299197,-11.8456037688597,1.45413149871292,0.4212,0.496860300224521,308.15
-9.78259680145866,-11.8447649414404,1.45547030162821,0.4222,0.497885412033682,308.15
-9.78374778990438,-11.8439221851638,1.45681152637061,0.4232,0.498909887951483,308.15
-9.78489941397807,-11.8430755020117,1.45815517940538,0.4242,0.499933728569417,308.15
-9.78605164942669,-11.8422248940309,1.45950126722058,0.4252,0.500956934478247,308.15
-9.7872044720371,-11.8413703633653,1.46084979632702,0.4262,0.501979506268003,308.15
-9.78835785774166,-11.8405119122021,1.46220077325859,0.4272,0.503001444527982,308.15
-9.78951178250485,-11.8396495428311,1.46355420457217,0.4282,0.504022749846754,308.15
-9.79066622239149,-11.8387832576041,1.46491009684781,0.4292,0.505043422812158,308.15
-9.79182115356977,-11.8379130589533,1.46626845668887,0.4302,0.506063464011305,308.15
-9.79297655225746,-11.8370389493861,1.46762929072203,0.4312,0.507082874030582,308.15
-9.79413239473912,-11.8361609314986,1.46899260559739,0.4322,0.508101653455648,308.15
-9.79528865744767,-11.8352790079479,1.47035840798879,0.4332,0.509119802871438,308.15
-9.79644531681793,-11.8343931814826,1.47172670459357,0.4342,0.510137322862166,308.15
-9.79760234940304,-11.833503454933,1.47309750213295,0.4352,0.511154214011321,308.15
-9.79875973180333,-11.8326098312115,1.47447080735196,0.4362,0.512170476901672,308.15
-9.79991744073748,-11.831712313295,1.47584662701974,0.4372,0.513186112115269,308.15
-9.80107545295608,-11.8308109042652,1.47722496792942,0.4382,0.514201120233443,308.15
-9.80223374531356,-11.8299056072741,1.4786058368984,0.4392,0.515215501836806,308.15
-9.80339229470058,-11.8289964255659,1.47998924076831,0.4402,0.516229257505255,308.15
-9.80455107812836,-11.828083362456,1.48137518640531,0.4412,0.51724238781797,308.15
-9.80571007263515,-11.8271664213629,1.48276368070001,0.4422,0.518254893353419,308.15
-9.80686925534746,-11.8262456057795,1.48415473056768,0.4432,0.519266774689354,308.15
-9.80802860346357,-11.8253209193001,1.48554834294831,0.4442,0.520278032402818,308.15
-9.80918809424006,-11.8243923655654,1.48694452480683,0.4452,0.52128866707014,308.15
-9.81034770502823,-11.8234599483592,1.48834328313307,0.4462,0.52229867926694,308.15
-9.81150741320015,-11.8225236715306,1.48974462494191,0.4472,0.523308069568131,308.15
-9.81266719622355,-11.8215835390127,1.49114855727347,0.4482,0.524316838547914,308.15
-9.81382703165854,-11.8206395548303,1.49255508719324,0.4492,0.525324986779788,308.15
-9.81498689704948,-11.8196917231193,1.49396422179193,0.4502,0.526332514836544,308.15
-9.81614677009856,-11.8187400480772,1.49537596818602,0.4512,0.527339423290269,308.15
-9.81730662848491,-11.8177845340299,1.49679033351742,0.4522,0.528345712712346,308.15
-9.81846645001685,-11.8168251853681,1.49820732495395,0.4532,0.529351383673456,308.15
-9.81962621253106,-11.8158620065881,1.49962694968924,0.4542,0.530356436743579,308.15
-9.82078589392929,-11.8148950022885,1.50104921494292,0.4552,0.531360872491995,308.15
-9.82194547219739,-11.8139241771525,1.50247412796078,0.4562,0.532364691487284,308.15
-9.82310492533539,-11.8129495359709,1.50390169601472,0.4572,0.53336789429733,308.15
-9.82426423142258,-11.8119710836285,1.50533192640307,0.4582,0.534370481489316,308.15
-9.82542336862271,-11.8109888251142,1.50676482645062,0.4592,0.535372453629734,308.15
-9.82658231512354,-11.8100027655088,1.50820040350873,0.4602,0.536373811284378,308.15
-9.82774104917572,-11.809012910001,1.50963866495544,0.4612,0.537374555018349,308.15
-9.82889954910004,-11.8080192638762,1.51107961819564,0.4622,0.538374685396054,308.15
-9.83005779325969,-11.8070218325273,1.51252327066116,0.4632,0.539374202981213,308.15
-9.83121576005415,-11.8060206214535,1.51396962981084,0.4642,0.540373108336849,308.15
-9.83237342801077,-11.8050156362414,1.51541870313086,0.4652,0.5413714020253,308.15
-9.83353077560717,-11.8040068826126,1.51687049813451,0.4662,0.542369084608214,308.15
-9.83468778145631,-11.8029943663655,1.51832502236268,0.4672,0.543366156646553,308.15
-9.83584442419601,-11.8019780934212,1.51978228338376,0.4682,0.544362618700588,308.15
-9.83700068247865,-11.8009580698158,1.52124228879375,0.4692,0.545358471329912,308.15
-9.83815653509092,-11.7999343016759,1.52270504621663,0.4702,0.546353715093427,308.15
-9.83931196078171,-11.7989067952545,1.52417056330415,0.4712,0.547348350549356,308.15
-9.84046693841384,-11.7978755569046,1.52563884773624,0.4722,0.548342378255237,308.15
-9.84162144685891,-11.7968405931035,1.52710990722095,0.4732,0.54933579876793,308.15
-9.84277546505938,-11.7958019104342,1.52858374949469,0.4742,0.550328612643613,308.15
-9.84392897200992,-11.7947595155828,1.53006038232235,0.4752,0.551320820437783,308.15
-9.84508194672518,-11.7937134153787,1.53153981349731,0.4762,0.552312422705263,308.15
-9.84623436831075,-11.7926636167396,1.53302205084178,0.4772,0.553303420000197,308.15
-9.84738621586573,-11.7916101267206,1.53450710220669,0.4782,0.554293812876053,308.15
-9.84853746858371,-11.7905529524775,1.53599497547207,0.4792,0.555283601885623,308.15
-9.84968810567181,-11.7894921013014,1.53748567854696,0.4802,0.556272787581028,308.15
-9.85083810642175,-11.7884275805867,1.53897921936975,0.4812,0.557261370513713,308.15
-9.85198745010335,-11.78735939787,1.54047560590806,0.4822,0.558249351234454,308.15
-9.85313611608396,-11.7862875608,1.54197484615912,0.4832,0.559236730293353,308.15
-9.85428408376823,-11.7852120771404,1.54347694814983,0.4842,0.560223508239846,308.15
-9.85543133259043,-11.7841329547887,1.54498191993682,0.4852,0.561209685622697,308.15
-9.85657784202554,-11.7830502017734,1.54648976960664,0.4862,0.562195262990004,308.15
-9.85772359162939,-11.781963826229,1.548000505276,0.4872,0.563180240889197,308.15
-9.85886856093402,-11.7808738364473,1.54951413509166,0.4882,0.564164619867041,308.15
-9.86001272956401,-11.7797802408241,1.55103066723083,0.4892,0.565148400469637,308.15
-9.86115607716521,-11.7786830478992,1.55255010990115,0.4902,0.56613158324242,308.15
-9.86229858342572,-11.7775822663339,1.55407247134091,0.4912,0.567114168730166,308.15
-9.8634402280961,-11.77647790493,1.5555977598192,0.4922,0.568096157476985,308.15
-9.86458099089415,-11.7753699726207,1.55712598363584,0.4932,0.569077550026329,308.15
-9.8657208516735,-11.7742584784701,1.55865715112194,0.4942,0.570058346920991,308.15
-9.86685979027774,-11.7731434316802,1.5601912706397,0.4952,0.571038548703102,308.15
-9.8679977865755,-11.7720248415944,1.5617283505826,0.4962,0.572018155914138,308.15
-9.86913482050418,-11.7709027176865,1.5632683993757,0.4972,0.572997169094918,308.15
-9.87027087200118,-11.7697770695817,1.56481142547559,0.4982,0.573975588785606,308.15
-9.87140592108986,-11.7686479070274,1.5663574373708,0.4992,0.574953415525708,308.15
-9.87253994780054,-11.7675152399236,1.56790644358166,0.5002,0.575930649854079,308.15
-9.87367293218472,-11.7663790783228,1.56945845266057,0.5012,0.576907292308922,308.15
-9.87480485436894,-11.7652394324034,1.57101347319225,0.5022,0.577883343427785,308.15
-9.87593569449754,-11.7640963124977,1.57257151379378,0.5032,0.57885880374757,308.15
-9.87706543273943,-11.7629497290854,1.57413258311471,0.5042,0.579833673804524,308.15
-9.8781940493101,-11.7617996927929,1.57569668983733,0.5052,0.580807954134249,308.15
-9.8793215244701,-11.7606462144125,1.57726384267673,0.5062,0.581781645271698,308.15
-9.88044783844275,-11.759489304833,1.57883405038098,0.5072,0.582754747751176,308.15
-9.88157297162876,-11.7583289751591,1.58040732173145,0.5082,0.583727262106344,308.15
-9.88269690431701,-11.7571652366253,1.58198366554258,0.5092,0.584699188870217,308.15
-9.88381961690139,-11.7559981006122,1.58356309066241,0.5102,0.585670528575167,308.15
-9.88494108980873,-11.7548275786619,1.58514560597261,0.5112,0.586641281752922,308.15
-9.88606130348136,-11.7536536824699,1.58673122038858,0.5122,0.58761144893457,308.15
-9.88718023839273,-11.7524764238995,1.58831994285966,0.5132,0.588581030650554,308.15
-9.88829787504091,-11.7512958149744,1.58991178236926,0.5142,0.589550027430682,308.15
-9.88941419401528,-11.7501118678514,1.59150674793523,0.5152,0.590518439804119,308.15
-9.89052917584375,-11.7489245948955,1.59310484860957,0.5162,0.591486268299393,308.15
-9.89164280114379,-11.7477340086017,1.59470609347903,0.5172,0.592453513444397,308.15
-9.89275505055363,-11.7465401216476,1.59631049166508,0.5182,0.593420175766386,308.15
-9.89386590473886,-11.7453429468628,1.59791805232413,0.5192,0.594386255791978,308.15
-9.89497534439339,-11.7441424972619,1.5995287846476,0.5202,0.595351754047161,308.15
-9.89608335025602,-11.7429387860114,1.60114269786228,0.5212,0.596316671057285,308.15
-9.89718990305959,-11.741731826473,1.60275980123021,0.5222,0.597281007347072,308.15
-9.8982949836071,-11.7405216321556,1.60438010404917,0.5232,0.598244763440609,308.15
-9.89939857270444,-11.7393082167546,1.6060036156526,0.5242,0.599207939861355,308.15
-9.90050065120911,-11.7380915941463,1.60763034540994,0.5252,0.600170537132139,308.15
-9.90160119995607,-11.736871778382,1.60926030272659,0.5262,0.60113255577516,308.15
-9.90270019988456,-11.7356487836719,1.61089349704443,0.5272,0.602093996311991,308.15
-9.90379763191108,-11.7344226244315,1.61252993784164,0.5282,0.603054859263579,308.15
-9.90489347697108,-11.7331933152589,1.61416963463299,0.5292,0.604015145150242,308.15
-9.90598771606805,-11.7319608709091,1.61581259697018,0.5302,0.604974854491676,308.15
-9.90708033021696,-11.7307253063464,1.61745883444181,0.5312,0.605933987806953,308.15
-9.90817130043584,-11.7294866367154,1.61910835667358,0.5322,0.606892545614521,308.15
-9.90926060780786,-11.7282448773475,1.62076117332862,0.5332,0.607850528432207,308.15
-9.9103482334137,-11.7270000437627,1.6224172941075,0.5342,0.608807936777216,308.15
-9.9114341583759,-11.725752151673,1.6240767287485,0.5352,0.609764771166133,308.15
-9.91251836384336,-11.7245012169796,1.62573948702781,0.5362,0.610721032114925,308.15
-9.91360083098455,-11.7232472557936,1.6274055787596,0.5372,0.61167672013894,308.15
-9.91468154097733,-11.7219902844124,1.62907501379627,0.5382,0.612631835752908,308.15
-9.91576047508671,-11.720730319312,1.63074780202884,0.5392,0.613586379470943,308.15
-9.91683761451489,-11.7194673772083,1.63242395338664,0.5402,0.614540351806544,308.15
-9.91791294055608,-11.7182014749883,1.63410347783802,0.5412,0.615493753272595,308.15
-9.91898643454449,-11.7169326297431,1.63578638539034,0.5422,0.616446584381367,308.15
-9.92005807774531,-11.7156608587918,1.63747268608988,0.5432,0.617398845644517,308.15
-9.92112785153059,-11.7143861796428,1.63916239002252,0.5442,0.618350537573092,308.15
-9.92219573730248,-11.7131086099999,1.64085550731371,0.5452,0.619301660677525,308.15
-9.92326171643058,-11.7118281678086,1.64255204812848,0.5462,0.620252215467644,308.15
-9.92432577033766,-11.7105448712078,1.64425202267189,0.5472,0.621202202452661,308.15
-9.925387880495,-11.7092587385446,1.64595544118923,0.5482,0.622151622141188,308.15
-9.92644802834761,-11.7079697884009,1.64766231396595,0.5492,0.623100475041222,308.15
-9.92750619540772,-11.7066780395619,1.64937265132817,0.5502,0.624048761660159,308.15
-9.92856236321377,-11.7053835110282,1.65108646364276,0.5512,0.624996482504788,308.15
-9.92961651328237,-11.7040862220338,1.65280376131737,0.5522,0.625943638081291,308.15
-9.93066862720293,-11.7027861920336,1.65452455480093,0.5532,0.626890228895251,308.15
-9.93171868656314,-11.7014834407011,1.65624885458363,0.5542,0.627836255451645,308.15
-9.93276667296936,-11.7001779879483,1.65797667119719,0.5552,0.628781718254848,308.15
-9.93381256807734,-11.6988698538982,1.65970801521515,0.5562,0.629726617808636,308.15
-9.93485635354288,-11.6975590589215,1.66144289725291,0.5572,0.630670954616183,308.15
-9.9358980110653,-11.6962456236061,1.6631813279681,0.5582,0.631614729180066,308.15
-9.93693752232734,-11.6949295688048,1.66492331806058,0.5592,0.632557942002261,308.15
-9.9379748691059,-11.6936109155607,1.66666887827301,0.5602,0.633500593584149,308.15
-9.93901003312639,-11.6922896851979,1.66841801939058,0.5612,0.634442684426513,308.15
-9.94004299618928,-11.6909658992538,1.67017075224168,0.5622,0.635384215029542,308.15
-9.94107374007914,-11.6896395795321,1.67192708769772,0.5632,0.636325185892828,308.15
-9.94210224663269,-11.6883107480686,1.67368703667365,0.5642,0.637265597515372,308.15
-9.94312849771442,-11.6869794271354,1.67545061012811,0.5652,0.638205450395578,308.15
-9.9441524751879,-11.6856456392666,1.67721781906346,0.5662,0.639144745031263,308.15
-9.94517416094857,-11.6843094072572,1.67898867452618,0.5672,0.640083481919648,308.15
-9.94619353691433,-11.6829707541331,1.68076318760704,0.5682,0.641021661557367,308.15
-9.94721058504564,-11.6816297031923,1.68254136944138,0.5692,0.641959284440463,308.15
-9.94822528726916,-11.6802862779988,1.68432323120908,0.5702,0.642896351064392,308.15
-9.94923762560114,-11.6789405023492,1.68610878413521,0.5712,0.64383286192402,308.15
-9.95024758206042,-11.677592400318,1.68789803948994,0.5722,0.644768817513627,308.15
-9.95125513867925,-11.6762419962457,1.68969100858881,0.5732,0.645704218326908,308.15
-9.95226027748896,-11.6748893147417,1.69148770279293,0.5742,0.646639064856973,308.15
-9.95326298058887,-11.6735343806757,1.6932881335094,0.5752,0.647573357596345,308.15
-9.95426323010414,-11.6721772191887,1.69509231219144,0.5762,0.648507097036968,308.15
-9.95526100810467,-11.6708178557185,1.6969002503383,0.5772,0.649440283670199,308.15
-9.95625629682574,-11.6694563159244,1.69871195949632,0.5782,0.650372917986817,308.15
-9.95724907835531,-11.6680926258177,1.70052745125799,0.5792,0.651305000477019,308.15
-9.95823933492765,-11.6667268116385,1.70234673726326,0.5802,0.652236531630421,308.15
-9.95922704876091,-11.6653588999153,1.70416982919924,0.5812,0.65316751193606,308.15
-9.96021220208915,-11.6639889174864,1.70599673880046,0.5822,0.654097941882398,308.15
-9.96119477718452,-11.6626168914502,1.70782747784929,0.5832,0.655027821957316,308.15
-9.9621747563366,-11.6612428492173,1.70966205817603,0.5842,0.655957152648119,308.15
-9.96315212187776,-11.659866818467,1.71150049165927,0.5852,0.656885934441539,308.15
-9.96412685609267,-11.6584888272131,1.71334279022583,0.5862,0.65781416782373,308.15
-9.96509894138937,-11.6571089037195,1.71518896585158,0.5872,0.658741853280273,308.15
-9.96606836012717,-11.6557270765863,1.7170390305611,0.5882,0.659668991296177,308.15
-9.96703509472431,-11.6543433747021,1.71889299642831,0.5892,0.660595582355879,308.15
-9.9679991275962,-11.6529578272641,1.72075087557646,0.5902,0.661521626943242,308.15
-9.96896044120657,-11.6515704637831,1.72261268017863,0.5912,0.662447125541561,308.15
-9.96991901803665,-11.6501813140688,1.72447842245781,0.5922,0.66337207863356,308.15
-9.97087484058019,-11.6487904082518,1.72634811468719,0.5932,0.664296486701394,308.15
-9.97182789138873,-11.6473977767694,1.72822176919054,0.5942,0.665220350226652,308.15
-9.97277815296511,-11.6460034504029,1.73009939834208,0.5952,0.666143669690352,308.15
-9.97372560795781,-11.6446074602176,1.73198101456748,0.5962,0.66706644557295,308.15
-9.97467023888753,-11.64320983765,1.73386663034308,0.5972,0.667988678354333,308.15
-9.97561202845048,-11.6418106144071,1.73575625819732,0.5982,0.668910368513825,308.15
-9.97655095925193,-11.6404098225779,1.73764991070994,0.5992,0.669831516530185,308.15
-9.97748701397766,-11.6390074945594,1.73954760051295,0.6002,0.670752122881611,308.15
-9.97842017534383,-11.637603663077,1.7414493402907,0.6012,0.671672188045736,308.15
-9.97935042604194,-11.6361983612196,1.74335514277989,0.6022,0.672591712499634,308.15
-9.98027774886282,-11.6347916223912,1.74526502077038,0.6032,0.673510696719817,308.15
-9.98120212655707,-11.6333834803571,1.74717898710488,0.6042,0.674429141182238,308.15
-9.98212354195861,-11.6319739692126,1.74909705467971,0.6052,0.675347046362291,308.15
-9.98304197787571,-11.6305631234267,1.75101923644465,0.6062,0.67626441273481,308.15
-9.98395741716742,-11.6291509778012,1.75294554540355,0.6072,0.677181240774075,308.15
-9.98486984270445,-11.6277375675123,1.75487599461439,0.6082,0.678097530953808,308.15
-9.98577923741993,-11.626322928077,1.75681059718979,0.6092,0.679013283747174,308.15
-9.98668558427487,-11.6249070953618,1.7587493662972,0.6102,0.679928499626785,308.15
-9.98758886614464,-11.6234901056683,1.76069231515864,0.6112,0.680843179064699,308.15
-9.98848906612672,-11.6220719955657,1.76263945705229,0.6122,0.681757322532419,308.15
-9.98938616715295,-11.6206528020834,1.76459080531118,0.6132,0.682670930500897,308.15
-9.99028015231019,-11.6192325625756,1.76654637332481,0.6142,0.683584003440534,308.15
-9.99117100470747,-11.6178113147651,1.76850617453884,0.6152,0.684496541821179,308.15
-9.99205870739905,-11.616389096809,1.77047022245512,0.6162,0.685408546112131,308.15
-9.99294324351839,-11.6149659472067,1.77243853063253,0.6172,0.68632001678214,308.15
-9.99382459626896,-11.6135419048468,1.77441111268719,0.6182,0.687230954299408,308.15
-9.99470274878781,-11.612117009037,1.77638798229225,0.6192,0.688141359131589,308.15
-9.99557768434752,-11.6106912994368,1.77836915317902,0.6202,0.689051231745791,308.15
-9.99644938618605,-11.6092648161315,1.7803546391365,0.6212,0.689960572608575,308.15
-9.99731783755352,-11.607837599617,1.78234445401195,0.6222,0.690869382185958,308.15
-9.99818302178813,-11.6064096907712,1.78433861171147,0.6232,0.691777660943411,308.15
-9.99904492222474,-11.6049811308892,1.78633712619996,0.6242,0.692685409345863,308.15
-9.99990352226752,-11.6035519616532,1.7883400115017,0.6252,0.693592627857699,308.15
-10.0007588052679,-11.6021222252195,1.79034728170014,0.6262,0.694499316942762,308.15
-10.0016107546907,-11.6006919640965,1.79235895093897,0.6272,0.695405477064356,308.15
-10.0024593540378,-11.5992612212648,1.79437503342197,0.6282,0.696311108685241,308.15
-10.0033045867579,-11.5978300401009,1.79639554341318,0.6292,0.697216212267641,308.15
-10.0041464364233,-11.5963984644105,1.79842049523776,0.6302,0.698120788273238,308.15
-10.0049848865665,-11.5949665384588,1.80044990328167,0.6312,0.699024837163178,308.15
-10.0058199208249,-11.5935343069121,1.80248378199266,0.6322,0.699928359398069,308.15
-10.0066515228348,-11.5921018148977,1.80452214588009,0.6332,0.700831355437982,308.15
-10.0074796762179,-11.5906691080017,1.80656500951519,0.6342,0.701733825742453,308.15
-10.0083043647405,-11.5892362322167,1.80861238753214,0.6352,0.702635770770483,308.15
-10.0091255721176,-11.5878032340176,1.81066429462746,0.6362,0.703537190980539,308.15
-10.0099432821033,-11.586370160341,1.81272074556081,0.6372,0.704438086830555,308.15
-10.010757478558,-11.5849370585429,1.81478175515559,0.6382,0.70533845877793,308.15
-10.0115681452871,-11.5835039764921,1.81684733829854,0.6392,0.706238307279534,308.15
-10.0123752662069,-11.5820709624849,1.81891750994086,0.6402,0.707137632791704,308.15
-10.0131788252217,-11.5806380653139,1.82099228509796,0.6412,0.708036435770248,308.15
-10.0139788063219,-11.5792053342227,1.82307167885029,0.6422,0.708934716670445,308.15
-10.0147751934753,-11.5777728189664,1.82515570634313,0.6432,0.709832475947043,308.15
-10.0155679707093,-11.5763405697731,1.82724438278735,0.6442,0.710729714054263,308.15
-10.0163571221372,-11.5749086373294,1.82933772345989,0.6452,0.711626431445801,308.15
-10.0171426318682,-11.5734770728503,1.83143574370364,0.6462,0.712522628574822,308.15
-10.017924484064,-11.5720459280158,1.83353845892816,0.6472,0.71341830589397,308.15
-10.0187026629114,-11.570615255037,1.83564588460977,0.6482,0.714313463855361,308.15
-10.0194771526534,-11.5691851066116,1.83775803629215,0.6492,0.715208102910589,308.15
-10.0202479375762,-11.5677555359452,1.83987492958661,0.6502,0.716102223510721,308.15
-10.0210150020104,-11.566326596755,1.84199658017246,0.6512,0.716995826106306,308.15
-10.0217783303011,-11.5648983432939,1.84412300379722,0.6522,0.717888911147368,308.15
-10.0225379068899,-11.5634708303118,1.84625421627738,0.6532,0.718781479083411,308.15
-10.0232937162108,-11.5620441130972,1.84839023349831,0.6542,0.719673530363418,308.15
-10.0240457427662,-11.5606182474719,1.85053107141491,0.6552,0.720565065435854,308.15
-10.0247939711179,-11.5591932897746,1.85267674605204,0.6562,0.721456084748661,308.15
-10.0255383858483,-11.5577692969101,1.85482727350461,0.6572,0.722346588749269,308.15
-10.026278971593,-11.5563463263119,1.8569826699382,0.6582,0.723236577884585,308.15
-10.0270157130434,-11.5549244359631,1.8591429515894,0.6592,0.724126052601003,308.15
-10.0277485948985,-11.5535036844182,1.86130813476598,0.6602,0.725015013344399,308.15
-10.0284776020048,-11.5520841307464,1.86347823584794,0.6612,0.725903460560135,308.15
-10.0292027191504,-11.5506658346229,1.86565327128692,0.6622,0.726791394693058,308.15
-10.0299239311961,-11.5492488562943,1.86783325760719,0.6632,0.727678816187502,308.15
-10.030641223105,-11.5478332565397,1.87001821140622,0.6642,0.728565725487288,308.15
-10.0313545798464,-11.5464190967469,1.8722081493546,0.6652,0.729452123035724,308.15
-10.0320639864699,-11.5450064388631,1.8744030881968,0.6662,0.730338009275607,308.15
-10.0327694280534,-11.5435953454522,1.87660304475127,0.6672,0.731223384649225,308.15
-10.0334708897285,-11.5421858796477,1.87880803591105,0.6682,0.732108249598351,308.15
-10.0341683566599,-11.5407781052172,1.88101807864398,0.6692,0.732992604564256,308.15
-10.0348618141699,-11.5393720864536,1.88323318999382,0.6702,0.733876449987696,308.15
-10.0355512474711,-11.5379678883517,1.88545338707926,0.6712,0.734759786308924,308.15
-10.0362366419756,-11.536565576458,1.88767868709589,0.6722,0.735642613967682,308.15
-10.0369179831082,-11.5351652169406,1.8899091073157,0.6732,0.736524933403209,308.15
-10.0375952563094,-11.5337668766231,1.89214466508748,0.6742,0.737406745054236,308.15
-10.0382684471275,-11.5323706229352,1.89438537783775,0.6752,0.738288049358991,308.15
-10.0389375411365,-11.5309765239497,1.89663126307072,0.6762,0.739168846755197,308.15
-10.0396025240058,-11.5295846483648,1.8988823383691,0.6772,0.740049137680074,308.15
-10.0402633814486,-11.5281950655334,1.90113862139427,0.6782,0.740928922570338,308.15
-10.040920099202,-11.5268078454829,1.90340012988655,0.6792,0.741808201862205,308.15
-10.0415726631584,-11.5254230588371,1.90566688166641,0.6802,0.742686975991389,308.15
-10.0422210591666,-11.5240407769528,1.90793889463378,0.6812,0.743565245393102,308.15
-10.0428652732133,-11.5226610717975,1.91021618676951,0.6822,0.744443010502059,308.15
-10.0435052913409,-11.5212840160301,1.91249877613532,0.6832,0.745320271752474,308.15
-10.0441410996058,-11.5199096830196,1.91478668087406,0.6842,0.746197029578062,308.15
-10.0447726841961,-11.5185381467721,1.91707991921078,0.6852,0.747073284412044,308.15
-10.0454000313297,-11.5171694820103,1.91937850945264,0.6862,0.747949036687139,308.15
-10.0460231273139,-11.5158037641463,1.92168246998965,0.6872,0.748824286835574,308.15
-10.046641958495,-11.5144410693069,1.9239918192949,0.6882,0.749699035289078,308.15
-10.0472565113485,-11.5130814742919,1.92630657592549,0.6892,0.750573282478886,308.15
-10.0478667723622,-11.5117250566649,1.92862675852231,0.6902,0.75144702883574,308.15
-10.0484727280997,-11.5103718946802,1.93095238581097,0.6912,0.752320274789886,308.15
-10.0490743652519,-11.5090220673174,1.9332834766024,0.6922,0.75319302077108,308.15
-10.0496716705423,-11.5076756542976,1.93562004979293,0.6932,0.754065267208585,308.15
-10.0502646307522,-11.5063327360953,1.93796212436481,0.6942,0.754937014531172,308.15
-10.0508532327953,-11.5049933938903,1.94030971938719,0.6952,0.755808263167122,308.15
-10.0514374636268,-11.5036577096519,1.94266285401597,0.6962,0.756679013544227,308.15
-10.0520173102704,-11.5023257661039,1.94502154749456,0.6972,0.757549266089789,308.15
-10.0525927598674,-11.5009976467096,1.9473858191546,0.6982,0.758419021230621,308.15
-10.0531637996111,-11.4996734357205,1.94975568841604,0.6992,0.75928827939305,308.15
-10.0537304167826,-11.4983532181793,1.95213117478785,0.7002,0.760157041002913,308.15
-10.0542925987603,-11.4970370798844,1.95451229786864,0.7012,0.761025306485564,308.15
-10.0548503329594,-11.4957251074629,1.95689907734671,0.7022,0.761893076265869,308.15
-10.0554036069628,-11.49441738829,1.95929153300138,0.7032,0.76276035076821,308.15
-10.0559524083693,-11.4931140105963,1.96168968470256,0.7042,0.763627130416485,308.15
-10.0564967249045,-11.4918150633843,1.96409355241198,0.7052,0.764493415634107,308.15
-10.0570365443327,-11.4905206365193,1.96650315618311,0.7062,0.765359206844007,308.15
-10.057571854598,-11.4892308206308,1.96891851616253,0.7072,0.766224504468634,308.15
-10.0581026436741,-11.4879457072295,1.97133965258959,0.7082,0.767089308929956,308.15
-10.0586288996012,-11.4866653886608,1.97376658579713,0.7092,0.767953620649458,308.15
-10.0591506106032,-11.4853899581354,1.97619933621255,0.7102,0.768817440048147,308.15
-10.0596677648654,-11.484119509594,1.97863792435767,0.7112,0.769680767546549,308.15
-10.0601803508383,-11.4828541380219,1.98108237084987,0.7122,0.770543603564713,308.15
-10.060688356945,-11.4815939391702,1.983532696402,0.7132,0.771405948522208,308.15
-10.0611917717366,-11.4803390096874,1.98598892182335,0.7142,0.772267802838126,308.15
-10.0616905838818,-11.4790894470974,1.98845106802021,0.7152,0.773129166931084,308.15
-10.0621847821542,-11.4778453498132,1.99091915599631,0.7162,0.77399004121922,308.15
-10.0626743554062,-11.4766068171615,1.99339320685327,0.7172,0.774850426120199,308.15
-10.0631592926179,-11.4753739493766,1.99587324179138,0.7182,0.77571032205121,308.15
-10.0636395828892,-11.4741468475732,1.99835928211019,0.7192,0.776569729428968,308.15
-10.06411521535,-11.472925613858,2.00085134920845,0.7202,0.777428648669716,308.15
-10.0645861793592,-11.4717103511774,2.00334946458596,0.7212,0.778287080189222,308.15
-10.0650524643061,-11.470501163473,2.00585364984284,0.7222,0.779145024402783,308.15
-10.0655140596709,-11.4692981556554,2.00836392668054,0.7232,0.780002481725227,308.15
-10.0659709551387,-11.4681014335202,2.01088031690309,0.7242,0.780859452570907,308.15
-10.0664231404276,-11.4669111038814,2.01340284241661,0.7252,0.781715937353709,308.15
-10.0668706054066,-11.4657272744986,2.01593152523068,0.7262,0.782571936487048,308.15
-10.0673133400846,-11.4645500541019,2.01846638745875,0.7272,0.783427450383871,308.15
-10.0677513345347,-11.4633795524455,2.02100745131836,0.7282,0.784282479456658,308.15
-10.0681845789824,-11.4622158802477,2.02355473913226,0.7292,0.78513702411742,308.15
-10.0686130638129,-11.4610591492273,2.02610827332901,0.7302,0.785991084777702,308.15
-10.0690367794601,-11.4599094721454,2.02866807644294,0.7312,0.786844661848583,308.15
-10.0694557165467,-11.4587669627593,2.0312341711156,0.7322,0.787697755740675,308.15
-10.0698698658223,-11.4576317358524,2.03380658009602,0.7332,0.788550366864129,308.15
-10.0702792181028,-11.4565039072761,2.03638532624092,0.7342,0.789402495628628,308.15
-10.0706837644119,-11.4553835939038,2.03897043251618,0.7352,0.790254142443393,308.15
-10.0710834958536,-11.4542709136837,2.04156192199673,0.7362,0.791105307717184,308.15
-10.0714784036921,-11.4531659856216,2.04415981786764,0.7372,0.791955991858296,308.15
-10.071868479348,-11.4520689297751,2.04676414342476,0.7382,0.792806195274564,308.15
-10.0722537143595,-11.4509798673153,2.04937492207506,0.7392,0.793655918373363,308.15
-10.0726341003913,-11.4498989205037,2.05199217733735,0.7402,0.794505161561606,308.15
-10.0730096292368,-11.448826212719,2.05461593284294,0.7412,0.795353925245747,308.15
-10.0733802929082,-11.4477618684047,2.05724621233687,0.7422,0.796202209831782,308.15
-10.0737460835143,-11.4467060131525,2.05988303967779,0.7432,0.797050015725249,308.15
-10.0741069932772,-11.4456587737091,2.06252643883867,0.7442,0.797897343331228,308.15
-10.0744630146515,-11.4446202779171,2.06517643390828,0.7452,0.79874419305434,308.15
-10.0748141402054,-11.4435906547954,2.06783304909105,0.7462,0.799590565298752,308.15
-10.0751603625963,-11.4425700345483,2.07049630870762,0.7472,0.800436460468177,308.15
-10.0755016747771,-11.4415585484764,2.07316623719686,0.7482,0.801281878965868,308.15
-10.075838069733,-11.4405563291359,2.07584285911477,0.7492,0.802126821194629,308.15
-10.0761695406915,-11.4395635102198,2.07852619913659,0.7502,0.802971287556806,308.15
-10.0764960809921,-11.4385802266674,2.0812162820566,0.7512,0.803815278454295,308.15
-10.0768176841639,-11.4376066145915,2.08391313278936,0.7522,0.804658794288538,308.15
-10.0771343438751,-11.4366428113569,2.08661677637004,0.7532,0.805501835460526,308.15
-10.0774460540468,-11.4356889554996,2.08932723795594,0.7542,0.806344402370798,308.15
-10.0777528086452,-11.4347451868909,2.09204454282564,0.7552,0.807186495419442,308.15
-10.0780546018991,-11.4338116465824,2.0947687163814,0.7562,0.808028115006099,308.15
-10.0783514282155,-11.4328884768948,2.09749978414915,0.7572,0.808869261529957,308.15
-10.0786432821454,-11.4319758214478,2.10023777177902,0.7582,0.809709935389757,308.15
-10.0789301583782,-11.4310738251626,2.10298270504601,0.7592,0.810550136983793,308.15
-10.07921205193,-11.4301826341761,2.10573460985206,0.7602,0.811389866709911,308.15
-10.0794889578301,-11.4293023960318,2.10849351222458,0.7612,0.812229124965509,308.15
-10.0797608713987,-11.4284332595304,2.11125943831908,0.7622,0.81306791214754,308.15
-10.0800277881525,-11.4275753747989,2.11403241441937,0.7632,0.813906228652511,308.15
-10.0802897037536,-11.426728893325,2.11681246693783,0.7642,0.814744074876486,308.15
-10.080546614091,-11.4258939679448,2.11959962241679,0.7652,0.815581451215082,308.15
-10.0807985152248,-11.4250707528585,2.1223939075289,0.7662,0.816418358063474,308.15
-10.0810454034342,-11.4242594036336,2.12519534907824,0.7672,0.817254795816393,308.15
-10.0812872751722,-11.4234600772492,2.12800397400069,0.7682,0.818090764868129,308.15
-10.081524127177,-11.4226729320125,2.13081980936565,0.7692,0.818926265612529,308.15
-10.0817559563014,-11.421898127737,2.13364288237539,0.7702,0.819761298443,308.15
-10.0819827596741,-11.4211358255718,2.13647322036723,0.7712,0.820595863752507,308.15
-10.0822045345928,-11.4203861881612,2.13931085081335,0.7722,0.821429961933576,308.15
-10.0824212785888,-11.4196493795694,2.14215580132217,0.7732,0.822263593378295,308.15
-10.082632989428,-11.4189255653148,2.14500809963912,0.7742,0.82309675847831,308.15
-10.0828396650761,-11.4182149123984,2.14786777364718,0.7752,0.823929457624832,308.15
-10.0830413037426,-11.4175175892899,2.15073485136807,0.7762,0.824761691208633,308.15
-10.0832379038492,-11.4168337659681,2.15360936096275,0.7772,0.825593459620048,308.15
-10.0834294640407,-11.4161636139249,2.15649133073236,0.7782,0.826424763248978,308.15
-10.0836159832143,-11.4155073061621,2.15938078911929,0.7792,0.827255602484885,308.15
-10.0837974605299,-11.4148650171864,2.16227776470809,0.7802,0.828085977716799,308.15
-10.0839738953329,-11.4142369230995,2.16518228622564,0.7812,0.828915889333314,308.15
-10.0841452872153,-11.4136232015613,2.16809438254253,0.7822,0.829745337722591,308.15
-10.0843116360541,-11.4130240317752,2.17101408267422,0.7832,0.830574323272355,308.15
-10.0844729419463,-11.4124395945402,2.17394141578133,0.7842,0.831402846369904,308.15
-10.0846292052437,-11.4118700722681,2.17687641117082,0.7852,0.832230907402098,308.15
-10.0847804265906,-11.4113156489519,2.17981909829712,0.7862,0.83305850675537,308.15
-10.0849266068119,-11.4107765102542,2.18276950676213,0.7872,0.83388564481572,308.15
-10.0850677470724,-11.4102528434498,2.18572766631735,0.7882,0.834712321968719,308.15
-10.0852038487552,-11.4097448374764,2.1886936068638,0.7892,0.835538538599507,308.15
-10.0853349135112,-11.4092526829477,2.1916673584533,0.7902,0.836364295092796,308.15
-10.0854609433177,-11.4087765721241,2.19464895128986,0.7912,0.837189591832869,308.15
-10.0855819403348,-11.4083166990251,2.19763841572937,0.7922,0.838014429203583,308.15
-10.0856979071008,-11.4078732593021,2.20063578228213,0.7932,0.838838807588365,308.15
-10.0858088463651,-11.4074464503938,2.20364108161239,0.7942,0.839662727370218,308.15
-10.0859147611738,-11.4070364714696,2.20665434453993,0.7952,0.840486188931717,308.15
-10.0860156548967,-11.4066435234205,2.20967560204128,0.7962,0.841309192655013,308.15
-10.0861115311465,-11.4062678089393,2.21270488524993,0.7972,0.842131738921831,308.15
-10.0862023938893,-11.4059095324759,2.21574222545816,0.7982,0.842953828113473,308.15
-10.0862882473554,-11.4055689002864,2.21878765411733,0.7992,0.843775460610816,308.15
-10.0863690960601,-11.4052461204707,2.22184120283887,0.8002,0.844596636794316,308.15
-10.0864449448705,-11.4049414029123,2.22490290339591,0.8012,0.845417357044003,308.15
-10.0865157989426,-11.4046549593571,2.22797278772367,0.8022,0.846237621739489,308.15
-10.0865816637203,-11.4043870034293,2.2310508879204,0.8032,0.847057431259962,308.15
-10.0866425450228,-11.4041377505917,2.23413723624909,0.8042,0.847876785984191,308.15
-10.0866984489826,-11.4039074182108,2.23723186513793,0.8052,0.848695686290524,308.15
-10.0867493820473,-11.4036962255432,2.24033480718139,0.8062,0.849514132556889,308.15
-10.0867953509414,-11.4035043938245,2.24344609514075,0.8072,0.850332125160796,308.15
-10.0868363627841,-11.4033321461922,2.24656576194615,0.8082,0.851149664479337,308.15
-10.0868724250651,-11.4031797076986,2.24969384069748,0.8092,0.851966750889184,308.15
-10.0869035455351,-11.4030473054262,2.25283036466434,0.8102,0.852783384766594,308.15
-10.0869297323286,-11.4029351684223,2.25597536728815,0.8112,0.853599566487406,308.15
-10.0869509939763,-11.4028435277114,2.25912888218329,0.8122,0.854415296427045,308.15
-10.0869673392899,-11.4027726163853,2.26229094313713,0.8132,0.855230574960516,308.15
-10.0869787774822,-11.4027226695409,2.26546158411211,0.8142,0.856045402462415,308.15
-10.0869853181498,-11.4026939243115,2.26864083924666,0.8152,0.856859779306919,308.15
-10.0869869712073,-11.402686619938,2.27182874285564,0.8162,0.857673705867794,308.15
-10.0869837469647,-11.4027009977462,2.27502532943205,0.8172,0.85848718251839,308.15
-10.0869756561476,-11.4027373011183,2.27823063364837,0.8182,0.859300209631648,308.15
-10.086962709823,-11.4027957756095,2.28144469035687,0.8192,0.860112787580093,308.15
-10.0869449194489,-11.4028766688818,2.28466753459127,0.8202,0.860924916735843,308.15
-10.0869222968524,-11.4029802308028,2.28789920156739,0.8212,0.8617365974706,308.15
-10.0868948543376,-11.4031067133253,2.29113972668553,0.8222,0.862547830155659,308.15
-10.0868626045687,-11.4032563706463,2.29438914553024,0.8232,0.863358615161905,308.15
-10.0868255605409,-11.4034294592198,2.29764749387128,0.8242,0.864168952859813,308.15
-10.0867837357882,-11.4036262376379,2.30091480766663,0.8252,0.864978843619449,308.15
-10.0867371441979,-11.4038469667648,2.30419112306196,0.8262,0.865788287810472,308.15
-10.0866858000384,-11.4040919098027,2.30747647639182,0.8272,0.866597285802132,308.15
-10.0866297181353,-11.4043613320755,2.31077090418272,0.8282,0.867405837963274,308.15
-10.0865689135653,-11.4046555014013,2.31407444315108,0.8292,0.868213944662334,308.15
-10.0865034019766,-11.4049746877812,2.31738713020764,0.8302,0.869021606267345,308.15
-10.0864331994429,-11.4053191635881,2.32070900245709,0.8312,0.869828823145933,308.15
-10.0863583224637,-11.4056892035506,2.32404009719936,0.8322,0.870635595665318,308.15
-10.0862787879665,-11.406085084796,2.3273804519307,0.8332,0.871441924192319,308.15
-10.0861946133711,-11.4065070868395,2.33073010434548,0.8342,0.87224780909335,308.15
-10.0861058165405,-11.4069554915948,2.33408909233705,0.8352,0.87305325073442,308.15
-10.0860124158385,-11.4074305834061,2.3374574539993,0.8362,0.873858249481138,308.15
-10.085914430058,-11.4079326491098,2.34083522762725,0.8372,0.87466280569871,308.15
-10.0858118785548,-11.4084619779321,2.34422245171961,0.8382,0.875466919751941,308.15
-10.0857047810602,-11.4090188616893,2.34761916497811,0.8392,0.876270592005235,308.15
-10.0855931578833,-11.4096035946474,2.35102540631065,0.8402,0.877073822822595,308.15
-10.0854770298032,-11.4102164736032,2.35444121483166,0.8412,0.877876612567625,308.15
-10.0853564180693,-11.4108577979758,2.35786662986303,0.8422,0.87867896160353,308.15
-10.0852313444987,-11.4115278696674,2.36130169093669,0.8432,0.879480870293115,308.15
-10.0851018313786,-11.4122269932183,2.36474643779466,0.8442,0.880282338998789,308.15
-10.0849679015736,-11.4129554757552,2.36820091039138,0.8452,0.881083368082561,308.15
-10.0848295784056,-11.4137136270887,2.37166514889387,0.8462,0.881883957906044,308.15
-10.0846868858102,-11.4145017596159,2.37513919368455,0.8472,0.882684108830456,308.15
-10.0845398481547,-11.4153201884833,2.37862308536071,0.8482,0.883483821216617,308.15
-10.084388490434,-11.4161692314833,2.38211686473774,0.8492,0.884283095424953,308.15
-10.0842328382318,-11.4170492091013,2.38562057285002,0.8502,0.885081931815493,308.15
-10.0840729175584,-11.4179604446724,2.38913425095062,0.8512,0.885880330747874,308.15
-10.0839087551695,-11.4189032641078,2.39265794051598,0.8522,0.886678292581339,308.15
-10.0837403782206,-11.4198779962863,2.39619168324345,0.8532,0.887475817674736,308.15
-10.0835678145284,-11.4208849727949,2.39973552105551,0.8542,0.888272906386522,308.15
-10.0833910925172,-11.4219245280419,2.40328949610047,0.8552,0.889069559074762,308.15
-10.0832102411574,-11.4229969993051,2.40685365075325,0.8562,0.889865776097127,308.15
-10.0830252900672,-11.4241027266984,2.41042802761771,0.8572,0.8906615578109,308.15
-10.0828362693903,-11.4252420532845,2.4140126695268,0.8582,0.891456904572972,308.15
-10.0826432099922,-11.4264153249638,2.41760761954595,0.8592,0.892251816739842,308.15
-10.0824461432715,-11.427622890623,2.42121292097254,0.8602,0.893046294667624,308.15
-10.0822451013066,-11.4288651020713,2.42482861733873,0.8612,0.893840338712039,308.15
-10.0820401167899,-11.4301423141131,2.42845475241226,0.8622,0.894633949228421,308.15
-10.0818312230506,-11.431454884552,2.43209137019803,0.8632,0.895427126571717,308.15
-10.081618454058,-11.432803174231,2.43573851493957,0.8642,0.896219871096485,308.15
-10.0814018444944,-11.4341875469877,2.43939623112128,0.8652,0.897012183156898,308.15
-10.081181429652,-11.4356083697534,2.44306456346875,0.8662,0.89780406310674,308.15
-10.0809572455083,-11.437066012576,2.44674355695088,0.8672,0.898595511299412,308.15
-10.0807293287551,-11.4385608485601,2.45043325678185,0.8682,0.899386528087929,308.15
-10.0804977166928,-11.4400932540272,2.45413370842124,0.8692,0.90017711382492,308.15
-10.0802624474107,-11.441663608353,2.45784495757766,0.8702,0.900967268862631,308.15
-10.0800235596892,-11.4432722941441,2.46156705020892,0.8712,0.901756993552924,308.15
-10.0797810929112,-11.4449196972719,2.46530003252268,0.8722,0.902546288247278,308.15
-10.0795350873009,-11.4466062067518,2.46904395098055,0.8732,0.903335153296788,308.15
-10.0792855837827,-11.4483322148636,2.47279885229804,0.8742,0.904123589052169,308.15
-10.0790326239834,-11.4500981171932,2.47656478344601,0.8752,0.904911595863753,308.15
-10.0787762503083,-11.4519043125982,2.48034179165311,0.8762,0.905699174081491,308.15
-10.078516505887,-11.453751203267,2.48412992440671,0.8772,0.906486324054955,308.15
-10.0782534346444,-11.4556391947295,2.48792922945512,0.8782,0.907273046133334,308.15
-10.077987081222,-11.4575686959051,2.4917397548083,0.8792,0.908059340665441,308.15
-10.0777174911109,-11.4595401190484,2.49556154874101,0.8802,0.908845207999706,308.15
-10.0774447105236,-11.4615538799027,2.49939465979266,0.8812,0.909630648484184,308.15
-10.0771687865066,-11.4636103975781,2.50323913677049,0.8822,0.91041566246655,308.15
-10.0768897669272,-11.465710094683,2.50709502875063,0.8832,0.911200250294103,308.15
-10.0766077003838,-11.4678533973364,2.51096238507893,0.8842,0.911984412313764,308.15
-10.0763226363826,-11.4700407351245,2.51484125537441,0.8852,0.912768148872076,308.15
-10.0760346252604,-11.4722725411509,2.51873168953009,0.8862,0.91355146031521,308.15
-10.0757437181212,-11.4745492521399,2.52263373771372,0.8872,0.914334346988958,308.15
-10.075449966986,-11.4768713083658,2.52654745037117,0.8882,0.91511680923874,308.15
-10.0751534247071,-11.4792391536815,2.5304728782272,0.8892,0.915898847409597,308.15
-10.0748541450181,-11.4816532355897,2.53441007228747,0.8902,0.916680461846202,308.15
-10.0745521825278,-11.4841140052563,2.53835908384012,0.8912,0.91746165289285,308.15
-10.0742475927331,-11.4866219174715,2.5423199644578,0.8922,0.918242420893465,308.15
-10.0739404319843,-11.4891774308319,2.54629276599844,0.8932,0.919022766191599,308.15
-10.0736307576418,-11.4917810074981,2.55027754060938,0.8942,0.919802689130431,308.15
-10.073318627883,-11.4944331135331,2.55427434072607,0.8952,0.92058219005277,308.15
-10.0730041018584,-11.497134218658,2.55828321907622,0.8962,0.921361269301051,308.15
-10.0726872396388,-11.4998847964471,2.56230422868041,0.8972,0.922139927217343,308.15
-10.0723681022623,-11.5026853242503,2.56633742285454,0.8982,0.922918164143342,308.15
-10.0720467517089,-11.5055362832904,2.57038285521112,0.8992,0.923695980420376,308.15
-10.0717232509066,-11.5084381586517,2.57444057966112,0.9002,0.924473376389403,308.15
-10.071397663812,-11.511391439244,2.57851065041671,0.9012,0.925250352391013,308.15
-10.0710700553735,-11.5143966179236,2.58259312199233,0.9022,0.92602690876543,308.15
-10.0707404914151,-11.5174541915575,2.58668804920505,0.9032,0.926803045852507,308.15
-10.070409038949,-11.5205646608019,2.59079548718038,0.9042,0.927578763991733,308.15
-10.0700757658536,-11.5237285304343,2.59491549134967,0.9052,0.928354063522231,308.15
-10.069740741164,-11.5269463091284,2.59904811745569,0.9062,0.929128944782754,308.15
-10.0694040348535,-11.5302185096501,2.60319342155153,0.9072,0.929903408111695,308.15
-10.0690657179834,-11.5335456487872,2.60735146000431,0.9082,0.930677453847077,308.15
-10.0687258627324,-11.5369282473316,2.61152228949733,0.9092,0.931451082326563,308.15
-10.0683845422395,-11.540366830288,2.61570596702959,0.9102,0.93222429388745,308.15
-10.0680418308677,-11.5438619266201,2.61990254992136,0.9112,0.93299708886667,308.15
-10.0676978039473,-11.54741406953,2.62411209581228,0.9122,0.933769467600795,308.15
-10.0673525380095,-11.5510237963076,2.62833466266632,0.9132,0.934541430426033,308.15
-10.0670061106481,-11.554691648454,2.63257030877172,0.9142,0.93531297767823,308.15
-10.0666586006178,-11.5584181716347,2.63681909274408,0.9152,0.936084109692871,308.15
-10.0663100877983,-11.5622039157276,2.64108107352774,0.9162,0.936854826805079,308.15
-10.0659606532198,-11.5660494348778,2.64535631039769,0.9172,0.937625129349617,308.15
-10.0656103791237,-11.5699552873835,2.64964486296261,0.9182,0.938395017660889,308.15
-10.0652593488742,-11.5739220359172,2.65394679116498,0.9192,0.939164492072939,308.15
-10.0649076470167,-11.5779502474121,2.65826215528401,0.9202,0.93993355291945,308.15
-10.0645553593718,-11.5820404930552,2.66259101593864,0.9212,0.940702200533749,308.15
-10.0642025728988,-11.5861933484268,2.66693343408744,0.9222,0.941470435248804,308.15
-10.0638493758054,-11.5904093934,2.67128947103209,0.9232,0.942238257397224,308.15
-10.063495857543,-11.5946892122347,2.67565918841889,0.9242,0.943005667311262,308.15
-10.0631421088124,-11.5990333935571,2.68004264824085,0.9252,0.943772665322816,308.15
-10.0627882215682,-11.6034425303918,2.68443991283949,0.9262,0.944539251763425,308.15
-10.0624342890454,-11.6079172201587,2.68885104490712,0.9272,0.945305426964273,308.15
-10.0620804057488,-11.6124580647181,2.69327610748846,0.9282,0.946071191256191,308.15
-10.0617266675149,-11.6170656703435,2.69771516398332,0.9292,0.946836544969651,308.15
-10.0613731714284,-11.6217406478035,2.70216827814731,0.9302,0.947601488434775,308.15
-10.0610200159801,-11.6264836122924,2.7066355140958,0.9312,0.948366021981329,308.15
-10.0606673009326,-11.6312951835034,2.71111693630403,0.9322,0.949130145938726,308.15
-10.0603151274199,-11.6361759856275,2.71561260961016,0.9332,0.949893860636025,308.15
-10.059963597919,-11.6411266473609,2.72012259921684,0.9342,0.950657166401936,308.15
-10.0596128163214,-11.646147801881,2.72464697069405,0.9352,0.951420063564813,308.15
-10.0592628878841,-11.6512400869222,2.7291857899801,0.9362,0.95218255245266,308.15
-10.0589139192379,-11.6564041447533,2.73373912338376,0.9372,0.952944633393133,308.15
-10.0585660184342,-11.6616406222112,2.73830703758653,0.9382,0.953706306713532,308.15
-10.0582192949931,-11.6669501706132,2.7428895996455,0.9392,0.954467572740812,308.15
-10.0578738597841,-11.6723334459331,2.74748687699309,0.9402,0.955228431801575,308.15
-10.0575298252594,-11.6777911086093,2.75209893744244,0.9412,0.955988884222076,308.15
-10.0571873051882,-11.6833238237481,2.75672584918536,0.9422,0.95674893032822,308.15
-10.0568464149408,-11.6889322609524,2.76136768079824,0.9432,0.957508570445564,308.15
-10.0565072712612,-11.6946170944957,2.76602450124045,0.9442,0.958267804899319,308.15
-10.0561699924872,-11.7003790031624,2.77069637985955,0.9452,0.959026634014347,308.15
-10.0558346984312,-11.7062186703562,2.77538338639118,0.9462,0.959785058115162,308.15
-10.0555015104305,-11.7121367840723,2.78008559096165,0.9472,0.960543077525936,308.15
-10.0551705513983,-11.7181340368668,2.78480306409045,0.9482,0.96130069257049,308.15
-10.0548419457212,-11.7242111259573,2.78953587669042,0.9492,0.962057903572304,308.15
-10.0545158194588,-11.7303687530483,2.79428410007269,0.9502,0.96281471085451,308.15
-10.0541923001779,-11.7366076245004,2.79904780594573,0.9512,0.963571114739897,308.15
-10.0538715170474,-11.7429284512287,2.80382706641865,0.9522,0.964327115550909,308.15
-10.0535536008451,-11.749331948741,2.8086219540029,0.9532,0.965082713609648,308.15
-10.0532386839867,-11.7558188370989,2.81343254161452,0.9542,0.965837909237872,308.15
-10.0529269005031,-11.7623898409246,2.8182589025755,0.9552,0.966592702756996,308.15
-10.0526183860339,-11.7690456894531,2.82310111061517,0.9562,0.967347094488093,308.15
-10.052313277961,-11.775787116356,2.82795923987436,0.9572,0.968101084751895,308.15
-10.0520117152246,-11.7826148599753,2.83283336490361,0.9582,0.968854673868791,308.15
-10.0517138385002,-11.7895296631441,2.83772356066784,0.9592,0.969607862158832,308.15
-10.0514197902097,-11.7965322731019,2.84262990254859,0.9602,0.970360649941725,308.15
-10.0511297143717,-11.8036234417575,2.84755246634233,0.9612,0.97111303753684,308.15
-10.0508437567967,-11.8108039254414,2.85249132826574,0.9622,0.971865025263207,308.15
-10.0505620650137,-11.818074484951,2.85744656495608,0.9632,0.972616613439516,308.15
-10.0502847882474,-11.8254358856209,2.86241825347207,0.9642,0.973367802384119,308.15
-10.0500120775143,-11.8328888972229,2.86740647129704,0.9652,0.97411859241503,308.15
-10.0497440856137,-11.8404342939531,2.87241129634043,0.9662,0.974868983849925,308.15
-10.0494809670959,-11.8480728544786,2.87743280693851,0.9672,0.975618977006143,308.15
-10.0492228782788,-11.8558053619413,2.88247108185605,0.9682,0.976368572200686,308.15
-10.0489699772732,-11.863632603909,2.88752620028822,0.9692,0.977117769750221,308.15
-10.0487224240867,-11.8715553723323,2.89259824186369,0.9702,0.977866569971076,308.15
-10.0484803804269,-11.8795744636942,2.89768728664254,0.9712,0.978614973179248,308.15
-10.04824400988,-11.8876906789365,2.90279341512045,0.9722,0.979362979690394,308.15
-10.0480134779216,-11.8959048234014,2.90791670823055,0.9732,0.98011058981984,308.15
-10.0477889517944,-11.904217707056,2.91305724734199,0.9742,0.980857803882578,308.15
-10.0475706006477,-11.9126301443976,2.91821511426381,0.9752,0.981604622193264,308.15
-10.0473585955022,-11.9211429545803,2.92339039124537,0.9762,0.982351045066223,308.15
-10.0471531092385,-11.9297569615004,2.92858316097725,0.9772,0.983097072815445,308.15
-10.0469543166141,-11.9384729939524,2.93379350659249,0.9782,0.983842705754589,308.15
-10.0467623942828,-11.94729188583,2.93902151166774,0.9792,0.984587944196984,308.15
-10.046577520846,-11.9562144762208,2.94426726022571,0.9802,0.985332788455623,308.15
-10.0463998767792,-11.9652416099259,2.94953083673386,0.9812,0.986077238843172,308.15
-10.0462296444511,-11.9743741377934,2.95481232610608,0.9822,0.986821295671964,308.15
-10.0460670082209,-11.9836129172082,2.9601118137053,0.9832,0.987564959254004,308.15
-10.0459121542938,-11.9929588130735,2.96542938534089,0.9842,0.988308229900966,308.15
-10.0457652708961,-12.0024126986315,2.97076512727321,0.9852,0.989051107924193,308.15
-10.0456265481393,-12.0119754570868,2.97611912621124,0.9862,0.989793593634703,308.15
-10.0454961780985,-12.0216479835987,2.98149146931453,0.9872,0.990535687343183,308.15
-10.0453743547932,-12.0314311881896,2.98688224419343,0.9882,0.991277389359992,308.15
-10.0452612742243,-12.0413260000421,2.99229153890978,0.9892,0.992018699995162,308.15
-10.0451571342924,-12.0513333739132,2.99771944197601,0.9902,0.992759619558399,308.15
-10.0450621349233,-12.0614543000426,3.00316604235731,0.9912,0.99350014835908,308.15
-10.044976477961,-12.0716898202591,3.00863142946983,0.9922,0.994240286706258,308.15
-10.0449003672226,-12.0820410551616,3.01411569318165,0.9932,0.994980034908659,308.15
-10.0448340085057,-12.0925092532801,3.01961892381279,0.9942,0.995719393274684,308.15
-10.044777609526,-12.1030958873424,3.02514121213391,0.9952,0.996458362112407,308.15
-10.0447313800064,-12.1138028647347,3.03068264936744,0.9962,0.997196941729582,308.15
-10.0446955316042,-12.124633066458,3.0362433271861,0.9972,0.997935132433635,308.15
-10.0446702779354,-12.1355921223639,3.04182333771223,0.9982,0.998672934531669,308.15
