-12.9546038229867,-11.8985232684721,1.04665207651769,0.0002,0.00027138438633377,308.15
-11.9394974494846,-11.8990897895057,1.04735179660493,0.0012,0.00162772523095156,308.15
-11.5980409516683,-11.8996539341296,1.04805244400009,0.0022,0.00298309835723694,308.15
-11.3880858529696,-11.9002156974569,1.04875402052913,0.0032,0.00433750480048812,308.15
-11.2365170241776,-11.9007750746004,1.04945652802276,0.0042,0.005690945594527,308.15
-11.1181071209607,-11.9013320606672,1.05015996831645,0.0052,0.00704342177170186,308.15
-11.0211083088818,-11.9018866507662,1.05086434325044,0.0062,0.00839493436288998,308.15
-10.9390862080472,-11.9024388399992,1.05156965466974,0.0072,0.0097454843975002,308.15
-10.8681315377479,-11.9029886234721,1.05227590442416,0.0082,0.0110950729034756,308.15
-10.8056904260809,-11.9035359962816,1.05298309436834,0.0092,0.0124437009072962,308.15
-10.7500022411076,-11.9040809535289,1.05369122636172,0.0102,0.0137913694339811,308.15
-10.699801685876,-11.9046234903058,1.05440030226862,0.0112,0.0151380795070919,308.15
-10.6541488166532,-11.905163601709,1.0551103239582,0.0122,0.0164838321487345,308.15
-10.6123262491696,-11.9057012828275,1.0558212933045,0.0132,0.017828628379562,308.15
-10.573774006102,-11.9062365287509,1.05653321218644,0.0142,0.0191724692187775,308.15
-10.5380465883498,-11.9067693345662,1.05724608248788,0.0152,0.0205153556841363,308.15
-10.504783751443,-11.907299695357,1.05795990609758,0.0162,0.0218572887919485,308.15
-10.4736900502549,-11.9078276062077,1.05867468490923,0.0172,0.023198269557082,308.15
-10.4445201729282,-11.9083530621975,1.05939042082151,0.0182,0.0245382989929646,308.15
-10.417068202762,-11.9088760584045,1.06010711573804,0.0192,0.0258773781115865,308.15
-10.3911596095659,-11.9093965899058,1.06082477156744,0.0202,0.0272155079235035,308.15
-10.3666451780646,-11.9099146517743,1.06154339022334,0.0212,0.0285526894378386,308.15
-10.3433963369789,-11.910430239082,1.06226297362438,0.0222,0.0298889236622854,308.15
-10.3213015180726,-11.9109433469006,1.06298352369425,0.0232,0.03122421160311,308.15
-10.300263284104,-11.9114539702956,1.06370504236168,0.0242,0.032558554265154,308.15
-10.280196038699,-11.9119621043348,1.06442753156048,0.0252,0.0338919526518368,308.15
-10.2610241821455,-11.9124677440817,1.06515099322953,0.0262,0.0352244077651578,308.15
-10.2426806128188,-11.9129708845978,1.06587542931283,0.0272,0.0365559206056996,308.15
-10.2251054992935,-11.9134715209439,1.06660084175949,0.0282,0.03788649217263,308.15
-10.2082452665261,-11.9139696481764,1.06732723252377,0.0292,0.0392161234637046,308.15
-10.1920517528185,-11.9144652613526,1.06805460356507,0.0302,0.0405448154752694,308.15
-10.1764815041548,-11.9149583555272,1.06878295684795,0.0312,0.0418725692022631,308.15
-10.1614951799098,-11.9154489257508,1.06951229434218,0.0322,0.0431993856382199,308.15
-10.1470570494757,-11.9159369670761,1.07024261802272,0.0332,0.0445252657752716,308.15
-10.1331345635957,-11.9164224745496,1.07097392986975,0.0342,0.0458502106041502,308.15
-10.1196979875155,-11.9169054432192,1.0717062318687,0.0352,0.0471742211141907,308.15
-10.106720085512,-11.9173858681292,1.07243952601024,0.0362,0.0484972982933331,308.15
-10.0941758484314,-11.917863744323,1.07317381429031,0.0372,0.0498194431281249,308.15
-10.0820422573767,-11.9183390668414,1.07390909871017,0.0382,0.051140656603724,308.15
-10.0702980779379,-11.9188118307249,1.07464538127634,0.0392,0.0524609397039006,308.15
-10.0589236803354,-11.9192820310112,1.07538266400071,0.0402,0.05378029341104,308.15
-10.0479008816805,-11.9197496627346,1.07612094890047,0.0412,0.0550987187061449,308.15
-10.0372128071508,-11.920214720932,1.07686023799821,0.0422,0.0564162165688377,308.15
-10.0268437674212,-11.9206772006349,1.07760053332186,0.0432,0.0577327879773634,308.15
-10.0167791501252,-11.9211370968748,1.07834183690478,0.0442,0.0590484339085913,308.15
-10.007005323465,-11.9215944046815,1.07908415078571,0.0452,0.0603631553380182,308.15
-9.99750955036337,-11.9220491190809,1.07982747700884,0.0462,0.0616769532397701,308.15
-9.98827991181341,-11.9225012351007,1.0805718176238,0.0472,0.062989828586605,308.15
-9.97930523826334,-11.9229507477657,1.0813171746857,0.0482,0.0643017823499154,308.15
-9.97057504804818,-11.9233976520991,1.08206355025511,0.0492,0.0656128154997305,308.15
-9.96207949201503,-11.9238419431212,1.08281094639814,0.0502,0.0669229290047183,308.15
-9.95380930361338,-11.9242836158538,1.08355936518637,0.0512,0.0682321238321887,308.15
-9.94575575380671,-11.9247226653137,1.08430880869696,0.0522,0.0695404009480952,308.15
-9.93791061028036,-11.9251590865189,1.08505927901262,0.0532,0.0708477613170378,308.15
-9.9302661004191,-11.9255928744864,1.08581077822161,0.0542,0.0721542059022649,308.15
-9.92281487769853,-11.9260240242277,1.08656330841783,0.0552,0.073459735665676,308.15
-9.91554999107209,-11.9264525307574,1.08731687170075,0.0562,0.0747643515678239,308.15
-9.90846485707939,-11.9268783890867,1.0880714701755,0.0572,0.0760680545679173,308.15
-9.90155323433961,-11.9273015942272,1.08882710595284,0.0582,0.0773708456238227,308.15
-9.89480920025764,-11.927722141186,1.08958378114921,0.0592,0.0786727256920672,308.15
-9.88822712965945,-11.92814002497,1.09034149788674,0.0602,0.0799736957278405,308.15
-9.88180167517299,-11.9285552405867,1.09110025829326,0.0612,0.0812737566849975,308.15
-9.87552774923643,-11.9289677830429,1.09186006450233,0.0622,0.0825729095160605,308.15
-9.86940050750489,-11.9293776473385,1.09262091865325,0.0632,0.0838711551722215,308.15
-9.86341533359121,-11.9297848284799,1.09338282289111,0.0642,0.0851684946033445,308.15
-9.85756782495961,-11.9301893214655,1.09414577936674,0.0652,0.0864649287579681,308.15
-9.85185377990054,-11.9305911212977,1.0949097902368,0.0662,0.0877604585833073,308.15
-9.84626918550189,-11.9309902229766,1.09567485766377,0.0672,0.0890550850252564,308.15
-9.84081020647773,-11.9313866214985,1.09644098381596,0.0682,0.0903488090283907,308.15
-9.83547317482931,-11.9317803118615,1.09720817086757,0.0692,0.0916416315359694,308.15
-9.83025458024266,-11.93217128906,1.09797642099865,0.0702,0.0929335534899373,308.15
-9.82515106117243,-11.9325595480922,1.09874573639516,0.0712,0.0942245758309276,308.15
-9.82015939653343,-11.9329450839508,1.09951611924898,0.0722,0.0955146994982638,308.15
-9.81527649797196,-11.9333278916272,1.10028757175795,0.0732,0.0968039254299623,308.15
-9.81049940266442,-11.9337079661175,1.10106009612583,0.0742,0.0980922545627344,308.15
-9.80582526659643,-11.9340853024087,1.1018336945624,0.0752,0.0993796878319887,308.15
-9.80125135827478,-11.9344598954957,1.10260836928342,0.0762,0.100666226171833,308.15
-9.79677505286642,-11.9348317403659,1.10338412251068,0.0772,0.101951870515078,308.15
-9.79239382670713,-11.9352008320086,1.10416095647199,0.0782,0.103236621793238,308.15
-9.78810525215542,-11.9355671654131,1.10493887340125,0.0792,0.104520480936532,308.15
-9.78390699277165,-11.9359307355654,1.10571787553843,0.0802,0.105803448873889,308.15
-9.77979679879981,-11.9362915374535,1.1064979651296,0.0812,0.10708552653295,308.15
-9.77577250292677,-11.9366495660623,1.10727914442695,0.0822,0.108366714840066,308.15
-9.7718320162809,-11.9370048163777,1.10806141568882,0.0832,0.109647014720307,308.15
-9.76797332469292,-11.9373572833868,1.10884478117971,0.0842,0.110926427097457,308.15
-9.764194485172,-11.9377069620697,1.10962924317031,0.0852,0.112204952894021,308.15
-9.76049362257024,-11.9380538474149,1.11041480393751,0.0862,0.113482593031227,308.15
-9.75686892645735,-11.938397934402,1.11120146576444,0.0872,0.114759348429025,308.15
-9.75331864817499,-11.9387392180167,1.11198923094046,0.0882,0.116035220006094,308.15
-9.74984109804009,-11.9390776932397,1.11277810176122,0.0892,0.117310208679839,308.15
-9.74643464272162,-11.9394133550538,1.11356808052864,0.0902,0.118584315366398,308.15
-9.74309770275187,-11.9397461984414,1.11435916955096,0.0912,0.11985754098064,308.15
-9.73982875017939,-11.9400762183821,1.11515137114277,0.0922,0.12112988643617,308.15
-9.7366263063372,-11.9404034098577,1.11594468762499,0.0932,0.12240135264533,308.15
-9.73348893975185,-11.9407277678506,1.11673912132493,0.0942,0.123671940519202,308.15
-9.7304152641362,-11.9410492873378,1.1175346745763,0.0952,0.12494165096761,308.15
-9.72740393651237,-11.9413679633039,1.11833134971922,0.0962,0.126210484899121,308.15
-9.72445365540922,-11.9416837907275,1.11912914910026,0.0972,0.127478443221047,308.15
-9.72156315916901,-11.9419967645875,1.11992807507247,0.0982,0.128745526839452,308.15
-9.71873122432436,-11.9423068798653,1.12072812999535,0.0992,0.130011736659145,308.15
-9.71595666408923,-11.9426141315428,1.12152931623494,0.1002,0.131277073583693,308.15
-9.71323832687111,-11.9429185145961,1.12233163616379,0.1012,0.132541538515412,308.15
-9.71057509490261,-11.9432200240078,1.12313509216103,0.1022,0.133805132355381,308.15
-9.70796588292495,-11.9435186547581,1.12393968661233,0.1032,0.135067856003432,308.15
-9.70540963692625,-11.9438144018286,1.12474542190999,0.1042,0.136329710358162,308.15
-9.70290533296077,-11.9441072601973,1.12555230045291,0.1052,0.137590696316929,308.15
-9.70045197599219,-11.9443972248464,1.12636032464665,0.1062,0.138850814775858,308.15
-9.69804859881106,-11.9446842907569,1.12716949690342,0.1072,0.14011006662984,308.15
-9.69569426102766,-11.9449684529104,1.12797981964213,0.1082,0.141368452772537,308.15
-9.693388048046,-11.9452497062875,1.1287912952884,0.1092,0.142625974096381,308.15
-9.69112907016337,-11.9455280458702,1.12960392627459,0.1102,0.14388263149258,308.15
-9.68891646162564,-11.9458034666428,1.1304177150398,0.1112,0.145138425851115,308.15
-9.68674937981229,-11.9460759635878,1.13123266402993,0.1122,0.146393358060747,308.15
-9.68462700438437,-11.9463455316865,1.13204877569769,0.1132,0.147647429009017,308.15
-9.682548536512,-11.9466121659255,1.1328660525026,0.1142,0.148900639582248,308.15
-9.68051319814061,-11.9468758612879,1.13368449691105,0.1152,0.150152990665546,308.15
-9.67852023122827,-11.9471366127591,1.13450411139629,0.1162,0.151404483142805,308.15
-9.67656889710598,-11.9473944153253,1.13532489843849,0.1172,0.152655117896707,308.15
-9.67465847579476,-11.9476492639734,1.13614686052471,0.1182,0.153904895808725,308.15
-9.67278826537305,-11.9479011536917,1.13697000014899,0.1192,0.155153817759122,308.15
-9.67095758139322,-11.9481500794661,1.13779431981234,0.1202,0.15640188462696,308.15
-9.66916575627701,-11.9483960362874,1.13861982202275,0.1212,0.157649097290093,308.15
-9.66741213877829,-11.9486390191456,1.13944650929523,0.1222,0.158895456625177,308.15
-9.66569609344462,-11.9488790230314,1.14027438415185,0.1232,0.160140963507668,308.15
-9.66401700010309,-11.9491160429369,1.14110344912174,0.1242,0.161385618811825,308.15
-9.66237425337976,-11.9493500738555,1.14193370674113,0.1252,0.162629423410711,308.15
-9.66076726221456,-11.9495811107817,1.14276515955335,0.1262,0.163872378176196,308.15
-9.65919544942387,-11.9498091487091,1.14359781010889,0.1272,0.165114483978961,308.15
-9.65765825124067,-11.9500341826374,1.1444316609654,0.1282,0.166355741688496,308.15
-9.65615511694763,-11.9502562075632,1.14526671468774,0.1292,0.167596152173104,308.15
-9.65468550839607,-11.9504752184858,1.14610297384797,0.1302,0.168835716299905,308.15
-9.65324889971137,-11.9506912104042,1.14694044102539,0.1312,0.170074434934833,308.15
-9.6518447768401,-11.9509041783225,1.14777911880658,0.1322,0.171312308942645,308.15
-9.65047263725298,-11.9511141172449,1.14861900978541,0.1332,0.172549339186915,308.15
-9.64913198955162,-11.951321022174,1.14946011656307,0.1342,0.173785526530044,308.15
-9.64782235318212,-11.9515248881171,1.15030244174811,0.1352,0.175020871833256,308.15
-9.64654325807577,-11.9517257100841,1.15114598795641,0.1362,0.176255375956601,308.15
-9.64529424437559,-11.9519234830839,1.15199075781129,0.1372,0.177489039758961,308.15
-9.64407486211719,-11.9521182021284,1.15283675394348,0.1382,0.178721864098048,308.15
-9.64288467094029,-11.9523098622304,1.15368397899114,0.1392,0.179953849830405,308.15
-9.64172323983512,-11.9524984584077,1.15453243559993,0.1402,0.181184997811414,308.15
-9.64059014686397,-11.9526839856749,1.15538212642299,0.1412,0.182415308895291,308.15
-9.63948497889412,-11.9528664390532,1.15623305412101,0.1422,0.183644783935092,308.15
-9.63840733137628,-11.9530458135632,1.15708522136221,0.1432,0.184873423782714,308.15
-9.63735680807248,-11.9532221042289,1.15793863082241,0.1442,0.186101229288898,308.15
-9.63633302086006,-11.9533953060766,1.15879328518502,0.1452,0.187328201303228,308.15
-9.63533558949098,-11.953565414132,1.15964918714111,0.1462,0.188554340674137,308.15
-9.63436414136054,-11.9537324234278,1.16050633938939,0.1472,0.189779648248905,308.15
-9.63341831134642,-11.9538963289946,1.16136474463625,0.1482,0.191004124873663,308.15
-9.63249774154876,-11.9540571258693,1.16222440559583,0.1492,0.192227771393397,308.15
-9.6316020811549,-11.9542148090868,1.16308532498998,0.1502,0.193450588651945,308.15
-9.6307309861976,-11.9543693736889,1.16394750554832,0.1512,0.194672577492004,308.15
-9.62988411942166,-11.9545208147185,1.16481095000831,0.1522,0.195893738755127,308.15
-9.62906115006832,-11.9546691272186,1.16567566111518,0.1532,0.197114073281729,308.15
-9.62826175372378,-11.9548143062404,1.16654164162203,0.1542,0.198333581911088,308.15
-9.6274856121683,-11.954956346831,1.16740889428988,0.1552,0.199552265481346,308.15
-9.62673241319657,-11.9550952440468,1.1682774218876,0.1562,0.20077012482951,308.15
-9.6260018504673,-11.9552309929426,1.16914722719204,0.1572,0.201987160791457,308.15
-9.6252936233521,-11.9553635885776,1.17001831298799,0.1582,0.203203374201933,308.15
-9.6246074368087,-11.9554930260162,1.17089068206825,0.1592,0.204418765894557,308.15
-9.62394300120809,-11.9556193003241,1.17176433723363,0.1602,0.20563333670182,308.15
-9.62330003224793,-11.9557424065663,1.172639281293,0.1612,0.206847087455091,308.15
-9.62267825077008,-11.9558623398208,1.1735155170633,0.1622,0.208060018984616,308.15
-9.62207738266325,-11.9559790951583,1.17439304736959,0.1632,0.20927213211952,308.15
-9.62149715872539,-11.9560926676621,1.17527187504505,0.1642,0.21048342768781,308.15
-9.62093731456909,-11.9562030524086,1.17615200293105,0.1652,0.211693906516377,308.15
-9.62039759046047,-11.9563102444885,1.17703343387714,0.1662,0.212903569430997,308.15
-9.61987773125166,-11.9564142389906,1.17791617074109,0.1672,0.214112417256332,308.15
-9.61937748624752,-11.9565150310072,1.17880021638893,0.1682,0.215320450815934,308.15
-9.61889660911045,-11.9566126156361,1.17968557369499,0.1692,0.216527670932245,308.15
-9.61843485774952,-11.9567069879772,1.18057224554188,0.1702,0.217734078426603,308.15
-9.61799199421049,-11.956798143136,1.18146023482059,0.1712,0.218939674119236,308.15
-9.61756778460994,-11.9568860762212,1.18234954443045,0.1722,0.220144458829271,308.15
-9.6171619990227,-11.9569707823459,1.18324017727923,0.1732,0.221348433374734,308.15
-9.61677441137359,-11.9570522566263,1.18413213628309,0.1742,0.222551598572549,308.15
-9.61640479937386,-11.9571304941848,1.18502542436669,0.1752,0.223753955238545,308.15
-9.61605294444156,-11.9572054901447,1.18592004446318,0.1762,0.224955504187451,308.15
-9.61571863158089,-11.9572772396408,1.1868159995142,0.1772,0.226156246232906,308.15
-9.61540164932897,-11.9573457378043,1.18771329247,0.1782,0.227356182187453,308.15
-9.6151017896782,-11.9574109797734,1.18861192628937,0.1792,0.228555312862546,308.15
-9.61481884798483,-11.9574729606927,1.18951190393975,0.1802,0.22975363906855,308.15
-9.61455262290598,-11.9575316757125,1.19041322839721,0.1812,0.230951161614745,308.15
-9.61430291631509,-11.9575871199823,1.19131590264652,0.1822,0.232147881309321,308.15
-9.61406953323768,-11.9576392886629,1.19221992968113,0.1832,0.233343798959391,308.15
-9.61385228178492,-11.9576881769168,1.19312531250327,0.1842,0.23453891537098,308.15
-9.61365097307859,-11.9577337799133,1.19403205412391,0.1852,0.235733231349039,308.15
-9.61346542120749,-11.9577760928235,1.19494015756285,0.1862,0.236926747697437,308.15
-9.61329544312822,-11.9578151108269,1.19584962584874,0.1872,0.23811946521897,308.15
-9.61314085863436,-11.9578508291078,1.19676046201906,0.1882,0.239311384715358,308.15
-9.61300149027445,-11.9578832428562,1.19767266912022,0.1892,0.240502506987248,308.15
-9.61287716331307,-11.9579123472644,1.19858625020757,0.1902,0.241692832834218,308.15
-9.61276770565542,-11.9579381375356,1.19950120834542,0.1912,0.242882363054776,308.15
-9.61267294782184,-11.9579606088738,1.20041754660709,0.1922,0.244071098446363,308.15
-9.6125927228368,-11.9579797564922,1.2013352680749,0.1932,0.245259039805355,308.15
-9.61252686624654,-11.9579955756087,1.20225437584029,0.1942,0.246446187927064,308.15
-9.61247521602709,-11.958008061445,1.20317487300376,0.1952,0.247632543605741,308.15
-9.61243761249774,-11.9580172092344,1.20409676267494,0.1962,0.248818107634577,308.15
-9.61241389839306,-11.9580230142079,1.20502004797266,0.1972,0.250002880805704,308.15
-9.61240391865562,-11.9580254716125,1.20594473202493,0.1982,0.251186863910197,308.15
-9.6124075205329,-11.9580245766957,1.20687081796899,0.1992,0.252370057738078,308.15
-9.6124245534279,-11.958020324711,1.20779830895134,0.2002,0.253552463078314,308.15
-9.6124548689321,-11.9580127109212,1.20872720812781,0.2012,0.254734080718824,308.15
-9.61249832072589,-11.9580017305928,1.20965751866355,0.2022,0.255914911446474,308.15
-9.61255476455443,-11.9579873790037,1.21058924373306,0.2032,0.257094956047084,308.15
-9.61262405820559,-11.957969651434,1.21152238652028,0.2042,0.258274215305429,308.15
-9.61270606145237,-11.9579485431729,1.21245695021857,0.2052,0.259452690005237,308.15
-9.61280063601516,-11.9579240495163,1.21339293803076,0.2062,0.260630380929197,308.15
-9.61290764551952,-11.9578961657677,1.2143303531692,0.2072,0.261807288858953,308.15
-9.61302695547296,-11.9578648872364,1.21526919885577,0.2082,0.262983414575115,308.15
-9.61315843321966,-11.9578302092408,1.21620947832194,0.2092,0.264158758857252,308.15
-9.61330194790243,-11.9577921271076,1.21715119480878,0.2102,0.265333322483898,308.15
-9.61345737043837,-11.9577506361663,1.21809435156705,0.2112,0.266507106232555,308.15
-9.61362457347776,-11.95770573176,1.21903895185714,0.2122,0.26768011087969,308.15
-9.61380343135594,-11.9576574092374,1.21998499894918,0.2132,0.268852337200742,308.15
-9.61399382010609,-11.9576056639517,1.22093249612309,0.2142,0.270023785970121,308.15
-9.6141956173815,-11.9575504912713,1.22188144666854,0.2152,0.271194457961209,308.15
-9.61440870244774,-11.9574918865663,1.22283185388506,0.2162,0.272364353946362,308.15
-9.61463295614032,-11.9574298452188,1.22378372108202,0.2172,0.273533474696916,308.15
-9.61486826086148,-11.9573643626161,1.22473705157871,0.2182,0.27470182098318,308.15
-9.61511450050698,-11.9572954341566,1.22569184870435,0.2192,0.275869393574447,308.15
-9.61537156048635,-11.9572230552489,1.22664811579815,0.2202,0.277036193238988,308.15
-9.61563932766322,-11.9571472213054,1.22760585620932,0.2212,0.278202220744062,308.15
-9.61591769034245,-11.9570679277518,1.22856507329713,0.2222,0.279367476855907,308.15
-9.61620653824272,-11.9569851700189,1.22952577043093,0.2232,0.280531962339752,308.15
-9.61650576246879,-11.9568989435493,1.23048795099021,0.2242,0.281695677959812,308.15
-9.61681525546875,-11.9568092437973,1.23145161836461,0.2252,0.282858624479292,308.15
-9.61713491105436,-11.9567160662198,1.23241677595397,0.2262,0.284020802660389,308.15
-9.61746462434268,-11.9566194062866,1.23338342716839,0.2272,0.285182213264294,308.15
-9.61780429171771,-11.956519259481,1.23435157542821,0.2282,0.286342857051191,308.15
-9.61815381087054,-11.9564156212879,1.23532122416414,0.2292,0.287502734780262,308.15
-9.61851308069401,-11.9563084872118,1.23629237681719,0.2302,0.288661847209686,308.15
-9.61888200135301,-11.9561978527555,1.23726503683882,0.2312,0.289820195096643,308.15
-9.61926047415406,-11.9560837134455,1.23823920769086,0.2322,0.290977779197314,308.15
-9.61964840163213,-11.9559660648068,1.23921489284567,0.2332,0.292134600266883,308.15
-9.62004568745669,-11.9558449023807,1.24019209578609,0.2342,0.293290659059539,308.15
-9.62045223645896,-11.9557202217181,1.24117082000552,0.2352,0.294445956328476,308.15
-9.62086795456611,-11.9555920183793,1.24215106900795,0.2362,0.295600492825899,308.15
-9.62129274882382,-11.9554602879364,1.243132846308,0.2372,0.296754269303019,308.15
-9.62172652734601,-11.9553250259726,1.24411615543096,0.2382,0.297907286510061,308.15
-9.6221691993345,-11.95518622808,1.24510099991284,0.2392,0.299059545196263,308.15
-9.6226206750028,-11.9550438898678,1.24608738330037,0.2402,0.300211046109876,308.15
-9.62308086561259,-11.9548980069507,1.24707530915112,0.2412,0.301361789998167,308.15
-9.62354968345399,-11.954748574955,1.24806478103347,0.2422,0.302511777607422,308.15
-9.62402704177045,-11.9545955895209,1.24905580252666,0.2432,0.303661009682947,308.15
-9.62451285481306,-11.9544390463025,1.25004837722086,0.2442,0.304809486969067,308.15
-9.62500703778822,-11.9542789409605,1.25104250871719,0.2452,0.305957210209131,308.15
-9.62550950684641,-11.9541152691708,1.25203820062779,0.2462,0.307104180145511,308.15
-9.62602017905881,-11.9539480266207,1.25303545657581,0.2472,0.308250397519606,308.15
-9.62653897242668,-11.95377720901,1.25403428019549,0.2482,0.309395863071843,308.15
-9.6270658058343,-11.9536028120546,1.2550346751322,0.2492,0.310540577541676,308.15
-9.62760059906666,-11.9534248314754,1.25603664504248,0.2502,0.31168454166759,308.15
-9.6281432727563,-11.9532432630125,1.25704019359405,0.2512,0.312827756187105,308.15
-9.62869374844226,-11.9530581024157,1.25804532446593,0.2522,0.31397022183677,308.15
-9.62925194843993,-11.9528693454506,1.25905204134839,0.2532,0.315111939352174,308.15
-9.62981779593535,-11.9526769878942,1.26006034794305,0.2542,0.316252909467939,308.15
-9.63039121492523,-11.9524810255363,1.26107024796293,0.2552,0.317393132917729,308.15
-9.63097213019833,-11.952281454183,1.26208174513245,0.2562,0.318532610434246,308.15
-9.63156046735057,-11.9520782696498,1.2630948431875,0.2572,0.319671342749233,308.15
-9.63215615273388,-11.9518714677733,1.26410954587549,0.2582,0.320809330593478,308.15
-9.63275911346718,-11.9516610443976,1.26512585695538,0.2592,0.321946574696814,308.15
-9.63336927745036,-11.9514469953822,1.26614378019774,0.2602,0.323083075788119,308.15
-9.63398657329087,-11.9512293166045,1.26716331938476,0.2612,0.324218834595318,308.15
-9.63461093036162,-11.9510080039509,1.26818447831036,0.2622,0.325353851845387,308.15
-9.63524227870671,-11.9507830533297,1.26920726078014,0.2632,0.326488128264355,308.15
-9.63588054911635,-11.9505544606562,1.27023167061152,0.2642,0.327621664577298,308.15
-9.63652567306606,-11.9503222218677,1.27125771163374,0.2652,0.328754461508352,308.15
-9.63717758270668,-11.9500863329132,1.27228538768789,0.2662,0.329886519780705,308.15
-9.63783621087518,-11.9498467897594,1.27331470262698,0.2672,0.331017840116603,308.15
-9.63850149108642,-11.9496035883847,1.27434566031601,0.2682,0.332148423237352,308.15
-9.63917335745996,-11.9493567247875,1.27537826463194,0.2692,0.333278269863315,308.15
-9.63985174483092,-11.9491061949799,1.27641251946383,0.2702,0.334407380713921,308.15
-9.640536588607,-11.9488519949912,1.27744842871281,0.2712,0.335535756507659,308.15
-9.641227824853,-11.9485941208675,1.27848599629215,0.2722,0.336663397962085,308.15
-9.64192539023881,-11.9483325686699,1.27952522612735,0.2732,0.33779030579382,308.15
-9.64262922206381,-11.9480673344735,1.28056612215615,0.2742,0.338916480718552,308.15
-9.64333925816855,-11.947798414383,1.28160868832851,0.2752,0.340041923451041,308.15
-9.64405543706081,-11.9475258045032,1.28265292860682,0.2762,0.341166634705117,308.15
-9.64477769776343,-11.947249500966,1.28369884696579,0.2772,0.342290615193681,308.15
-9.64550597989981,-11.94696949992,1.28474644739259,0.2782,0.343413865628708,308.15
-9.64624022363297,-11.9466857975304,1.28579573388686,0.2792,0.344536386721251,308.15
-9.64698036971531,-11.9463983899818,1.28684671046077,0.2802,0.345658179181437,308.15
-9.64772635943285,-11.9461072734711,1.28789938113909,0.2812,0.346779243718472,308.15
-9.64847813458556,-11.94581244422,1.28895374995919,0.2822,0.347899581040644,308.15
-9.64923563753264,-11.9455138984691,1.29000982097112,0.2832,0.34901919185532,308.15
-9.64999881113495,-11.9452116324745,1.29106759823765,0.2842,0.350138076868951,308.15
-9.65076759879485,-11.9449056425083,1.29212708583436,0.2852,0.351256236787071,308.15
-9.6515419444051,-11.9445959248674,1.29318828784962,0.2862,0.352373672314303,308.15
-9.65232179233815,-11.944282475869,1.29425120838468,0.2872,0.353490384154353,308.15
-9.65310708750077,-11.9439652918429,1.29531585155373,0.2882,0.354606373010019,308.15
-9.65389777526545,-11.9436443691434,1.29638222148393,0.2892,0.355721639583189,308.15
-9.65469380147546,-11.9433197041466,1.29745032231547,0.2902,0.356836184574841,308.15
-9.65549511245684,-11.9429912932433,1.2985201582016,0.2912,0.357950008685048,308.15
-9.65630165500191,-11.9426591328453,1.29959173330873,0.2922,0.359063112612977,308.15
-9.65711337637105,-11.9423232193942,1.30066505181645,0.2932,0.360175497056891,308.15
-9.65793022423958,-11.9419835493424,1.30174011791753,0.2942,0.36128716271415,308.15
-9.65875214677305,-11.9416401191637,1.3028169358181,0.2952,0.362398110281215,308.15
-9.65957909255358,-11.9412929253581,1.30389550973759,0.2962,0.363508340453646,308.15
-9.66041101060351,-11.940941964445,1.30497584390881,0.2972,0.364617853926105,308.15
-9.66124785035369,-11.9405872329665,1.30605794257802,0.2982,0.365726651392358,308.15
-9.66208956168203,-11.9402287274872,1.30714181000499,0.2992,0.366834733545276,308.15
-9.66293609488664,-11.9398664445862,1.30822745046306,0.3002,0.367942101076835,308.15
-9.66378740064396,-11.9395003808766,1.30931486823911,0.3012,0.369048754678121,308.15
-9.66464343006332,-11.9391305329859,1.31040406763373,0.3022,0.370154695039326,308.15
-9.6655041346224,-11.9387568975719,1.31149505296118,0.3032,0.371259922849756,308.15
-9.66636946622566,-11.9383794713065,1.31258782854954,0.3042,0.372364438797827,308.15
-9.66723937714664,-11.9379982508941,1.31368239874065,0.3052,0.373468243571069,308.15
-9.66811382005011,-11.9376132330516,1.31477876789028,0.3062,0.374571337856127,308.15
-9.66899274796003,-11.9372244145337,1.31587694036808,0.3072,0.375673722338763,308.15
-9.66987611428488,-11.9368317921103,1.31697692055772,0.3082,0.376775397703855,308.15
-9.67076387281493,-11.936435362573,1.3180787128569,0.3092,0.377876364635401,308.15
-9.67165597767446,-11.9360351227459,1.31918232167741,0.3102,0.378976623816521,308.15
-9.67255238335595,-11.9356310694745,1.3202877514452,0.3112,0.380076175929455,308.15
-9.67345304470203,-11.9352231996315,1.32139500660042,0.3122,0.381175021655568,308.15
-9.6743579169128,-11.9348115101108,1.32250409159751,0.3132,0.382273161675348,308.15
-9.67526695552102,-11.9343959978341,1.3236150109052,0.3142,0.383370596668411,308.15
-9.67618011640236,-11.93397665975,1.32472776900664,0.3152,0.3844673273135,308.15
-9.67709735575837,-11.9335534928323,1.32584237039938,0.3162,0.385563354288486,308.15
-9.67801863012229,-11.9331264940819,1.32695881959547,0.3172,0.386658678270372,308.15
-9.67894389636497,-11.9326956605265,1.32807712112155,0.3182,0.387753299935292,308.15
-9.67987311166079,-11.9322609892167,1.32919727951884,0.3192,0.388847219958513,308.15
-9.68080623350557,-11.9318224772412,1.33031929934322,0.3202,0.389940439014439,308.15
-9.68174321970915,-11.9313801217038,1.33144318516534,0.3212,0.391032957776605,308.15
-9.68268402839741,-11.9309339197418,1.33256894157061,0.3222,0.392124776917688,308.15
-9.68362861796936,-11.9304838685236,1.33369657315928,0.3232,0.393215897109502,308.15
-9.68457694716098,-11.930029965241,1.33482608454654,0.3242,0.394306319023002,308.15
-9.68552897499044,-11.9295722071119,1.33595748036254,0.3252,0.395396043328281,308.15
-9.68648466075332,-11.9291105913954,1.33709076525242,0.3262,0.396485070694581,308.15
-9.68744396404321,-11.928645115371,1.33822594387644,0.3272,0.397573401790282,308.15
-9.68840684475989,-11.9281757763434,1.33936302091005,0.3282,0.398661037282914,308.15
-9.68937326303856,-11.9277025716565,1.34050200104383,0.3292,0.399747977839152,308.15
-9.6903431793489,-11.9272254986776,1.34164288898371,0.3302,0.400834224124819,308.15
-9.69131655437816,-11.9267445548106,1.34278568945089,0.3312,0.40191977680489,308.15
-9.69229334909512,-11.9262597374899,1.34393040718198,0.3322,0.403004636543488,308.15
-9.69327352477343,-11.9257710441709,1.3450770469291,0.3332,0.404088804003891,308.15
-9.69425704290275,-11.9252784723564,1.34622561345983,0.3342,0.405172279848529,308.15
-9.6952438652788,-11.9247820195608,1.3473761115574,0.3352,0.406255064738988,308.15
-9.69623395389467,-11.9242816833519,1.34852854602061,0.3362,0.407337159336011,308.15
-9.69722727105142,-11.9237774613165,1.34968292166403,0.3372,0.408418564299496,308.15
-9.69822377925649,-11.9232693510756,1.35083924331798,0.3382,0.409499280288504,308.15
-9.69922344131285,-11.9227573502868,1.35199751582865,0.3392,0.410579307961254,308.15
-9.70022622020701,-11.9222414566397,1.35315774405808,0.3402,0.411658647975128,308.15
-9.70123207922336,-11.9217216678552,1.35431993288435,0.3412,0.41273730098667,308.15
-9.70224098184895,-11.9211979816895,1.35548408720153,0.3422,0.413815267651588,308.15
-9.70325289178613,-11.9206703959425,1.35665021191976,0.3432,0.41489254862476,308.15
-9.70426777302615,-11.9201389084298,1.35781831196543,0.3442,0.415969144560225,308.15
-9.70528558976292,-11.9196035170119,1.35898839228112,0.3452,0.417045056111195,308.15
-9.70630630638762,-11.919064219589,1.36016045782569,0.3462,0.41812028393005,308.15
-9.70732988755328,-11.9185210140915,1.36133451357439,0.3472,0.419194828668341,308.15
-9.70835629809811,-11.917973898488,1.36251056451889,0.3482,0.420268690976793,308.15
-9.70938550310368,-11.9174228707828,1.36368861566736,0.3492,0.421341871505303,308.15
-9.71041746787473,-11.9168679290128,1.3648686720446,0.3502,0.422414370902942,308.15
-9.71145215789011,-11.9163090712591,1.36605073869194,0.3512,0.423486189817961,308.15
-9.71248953885001,-11.9157462956391,1.36723482066746,0.3522,0.424557328897786,308.15
-9.7135295766842,-11.9151796003022,1.36842092304606,0.3532,0.425627788789022,308.15
-9.71457223751207,-11.9146089834369,1.36960905091944,0.3542,0.426697570137455,308.15
-9.71561748764946,-11.9140344432801,1.37079920939621,0.3552,0.427766673588053,308.15
-9.71666529360369,-11.9134559780962,1.37199140360197,0.3562,0.428835099784965,308.15
-9.7177156220994,-11.9128735861955,1.37318563867937,0.3572,0.429902849371526,308.15
-9.71876844005252,-11.9122872659185,1.37438191978822,0.3582,0.430969922990257,308.15
-9.71982371453439,-11.9116970156619,1.37558025210543,0.3592,0.432036321282862,308.15
-9.72088141286738,-11.9111028338459,1.37678064082531,0.3602,0.433102044890238,308.15
-9.72194150249078,-11.9105047189469,1.37798309115937,0.3612,0.434167094452467,308.15
-9.72300395110188,-11.9099026694678,1.37918760833666,0.3622,0.435231470608825,308.15
-9.72406872650229,-11.9092966839655,1.38039419760357,0.3632,0.436295173997777,308.15
-9.72513579674825,-11.9086867610283,1.38160286422419,0.3642,0.437358205256982,308.15
-9.7262051300141,-11.908072899297,1.38281361348011,0.3652,0.438420565023296,308.15
-9.72727669468563,-11.9074550974482,1.38402645067071,0.3662,0.439482253932767,308.15
-9.72835045929921,-11.9068333542043,1.3852413811131,0.3672,0.440543272620641,308.15
-9.72942639259866,-11.9062076683278,1.38645841014227,0.3682,0.441603621721363,308.15
-9.73050446343618,-11.9055780386332,1.38767754311107,0.3692,0.442663301868579,308.15
-9.73158464090795,-11.9049444639666,1.38889878539046,0.3702,0.443722313695131,308.15
-9.73266689418875,-11.9043069432376,1.39012214236932,0.3712,0.444780657833068,308.15
-9.7337511927064,-11.9036654753798,1.39134761945484,0.3722,0.445838334913639,308.15
-9.73483750596984,-11.9030200593881,1.39257522207231,0.3732,0.446895345567299,308.15
-9.73592580371191,-11.9023706942964,1.3938049556654,0.3742,0.447951690423709,308.15
-9.73701605577083,-11.9017173791881,1.39503682569611,0.3752,0.449007370111736,308.15
-9.7381082321809,-11.9010601131877,1.39627083764493,0.3762,0.450062385259456,308.15
-9.7392023030817,-11.9003988954817,1.39750699701083,0.3772,0.451116736494154,308.15
-9.74029823882532,-11.8997337252875,1.39874530931147,0.3782,0.452170424442326,308.15
-9.7413960098505,-11.8990646018834,1.3999857800831,0.3792,0.45322344972968,308.15
-9.74249558680004,-11.8983915245846,1.40122841488085,0.3802,0.454275812981137,308.15
-9.74359694044504,-11.8977144927633,1.40247321927863,0.3812,0.455327514820833,308.15
-9.7447000416788,-11.8970335058396,1.40372019886928,0.3822,0.45637855587212,308.15
-9.74580486154802,-11.8963485632901,1.40496935926463,0.3832,0.457428936757565,308.15
-9.74691137125709,-11.8956596646295,1.40622070609566,0.3842,0.458478658098956,308.15
-9.74801954213829,-11.8949668094329,1.40747424501247,0.3852,0.459527720517298,308.15
-9.74912934562641,-11.8942699973318,1.40872998168435,0.3862,0.460576124632818,308.15
-9.75024075337531,-11.8935692279883,1.40998792180008,0.3872,0.461623871064964,308.15
-9.75135373709863,-11.8928645011393,1.41124807106772,0.3882,0.462670960432408,308.15
-9.75246826868928,-11.8921558165594,1.41251043521489,0.3892,0.463717393353045,308.15
-9.75358432010706,-11.8914431740976,1.4137750199887,0.3902,0.464763170443997,308.15
-9.75470186352576,-11.8907265736304,1.41504183115603,0.3912,0.465808292321611,308.15
-9.75582087117578,-11.8900060151094,1.41631087450343,0.3922,0.466852759601464,308.15
-9.75694131546483,-11.8892814985262,1.41758215583733,0.3932,0.467896572898359,308.15
-9.75806316889471,-11.8885530239399,1.41885568098404,0.3942,0.468939732826334,308.15
-9.75918640410813,-11.8878205914569,1.42013145578987,0.3952,0.469982239998654,308.15
-9.76031099384957,-11.8870842012496,1.42140948612122,0.3962,0.471024095027818,308.15
-9.76143691100631,-11.8863438535365,1.42268977786465,0.3972,0.472065298525562,308.15
-9.76256412856711,-11.8855995486027,1.42397233692699,0.3982,0.473105851102852,308.15
-9.76369261964544,-11.8848512867811,1.42525716923541,0.3992,0.474145753369894,308.15
-9.76482235749203,-11.8840990684829,1.42654428073751,0.4002,0.475185005936131,308.15
-9.76595331542344,-11.883342894155,1.42783367740138,0.4012,0.476223609410244,308.15
-9.7670854669216,-11.8825827643132,1.42912536521576,0.4022,0.477261564400154,308.15
-9.768218785552,-11.8818186795378,1.43041935019006,0.4032,0.478298871513024,308.15
-9.76935324497775,-11.8810506404704,1.43171563835444,0.4042,0.479335531355256,308.15
-9.77048881901481,-11.8802786478046,1.43301423576,0.4052,0.480371544532501,308.15
-9.77162548155723,-11.879502702305,1.43431514847875,0.4062,0.481406911649649,308.15
-9.77276320660004,-11.8787228047984,1.43561838260376,0.4072,0.48244163331084,308.15
-9.7739019682643,-11.877938956166,1.43692394424926,0.4082,0.483475710119459,308.15
-9.7750417407563,-11.8771511573639,1.43823183955068,0.4092,0.484509142678139,308.15
-9.77618249841896,-11.8763594093987,1.43954207466485,0.4102,0.485541931588763,308.15
-9.77732421564219,-11.8755637133628,1.44085465576989,0.4112,0.486574077452465,308.15
-9.77846686698757,-11.8747640703893,1.4421695890656,0.4122,0.48760558086963,308.15
-9.77961042704646,-11.8739604816961,1.44348688077323,0.4132,0.488636442439895,308.15
-9.78075487054026,-11.8731529485616,1.44480653713578,0.4142,0.489666662762152,308.15
-9.78190017231054,-11.8723414723264,1.44612856441811,0.4152,0.490696242434548,308.15
-9.78304630724319,-11.8715260544032,1.44745296890683,0.4162,0.491725182054487,308.15
-9.78419325037334,-11.8707066962771,1.44877975691068,0.4172,0.492753482218629,308.15
-9.78534097679232,-11.8698833994931,1.45010893476037,0.4182,0.493781143522894,308.15
-9.78648946169327,-11.8690561656778,1.4514405088088,0.4192,0.494808166562461,308.15
-9.78763868036726,-11.8682249965122,1.4527744854312,0.4202,0.495834551931769,308.15
-9.78878860818951,-11.8673898937668,1.45411087102508,0.4212,0.496860300224521,308.15
-9.78993922063646,-11.8665508592665,1.45544967201049,0.4222,0.497885412033682,308.15
-9.79109049325185,-11.8657078949206,1.45679089482999,0.4232,0.498909887951483,308.15
-9.79224240168348,-11.8648610027067,1.45813454594883,0.4242,0.499933728569417,308.15
-9.79339492166774,-11.8640101846728,1.45948063185501,0.4252,0.500956934478247,308.15
-9.79454802901941,-11.8631554429441,1.4608291590594,0.4262,0.501979506268003,308.15
-9.79570169964167,-11.8622967797199,1.46218013409583,0.4272,0.503001444527982,308.15
-9.79685590950798,-11.8614341972831,1.46353356352116,0.4282,0.504022749846754,308.15
-9.79801063468148,-11.8605676979788,1.46488945391543,0.4292,0.505043422812158,308.15
-9.79916585132952,-11.8596972842353,1.46624781188198,0.4302,0.506063464011305,308.15
-9.80032153565964,-11.8588229585633,1.46760864404745,0.4312,0.507082874030582,308.15
-9.80147766399663,-11.8579447235406,1.46897195706202,0.4322,0.508101653455648,308.15
-9.80263421269772,-11.8570625818389,1.47033775759934,0.4332,0.509119802871438,308.15
-9.80379115827406,-11.8561765361904,1.4717060523569,0.4342,0.510137322862166,308.15
-9.80494847723316,-11.8552865894285,1.47307684805581,0.4352,0.511154214011321,308.15
-9.80610614619563,-11.8543927444541,1.47445015144113,0.4362,0.512170476901672,308.15
-9.80726414183775,-11.8534950042562,1.47582596928189,0.4372,0.513186112115269,308.15
-9.80842244097299,-11.8525933718941,1.47720430837132,0.4382,0.514201120233443,308.15
-9.80958102041101,-11.8516878505257,1.47858517552672,0.4392,0.515215501836806,308.15
-9.81073985706396,-11.8507784433864,1.47996857758976,0.4402,0.516229257505255,308.15
-9.81189892791074,-11.8498651538015,1.4813545214265,0.4412,0.51724238781797,308.15
-9.8130582100192,-11.8489479851704,1.48274301392759,0.4422,0.518254893353419,308.15
-9.81421768049508,-11.8480269409932,1.48413406200824,0.4432,0.519266774689354,308.15
-9.81537731657384,-11.8471020248349,1.48552767260853,0.4442,0.520278032402818,308.15
-9.81653709546938,-11.8461732403816,1.4869238526932,0.4452,0.52128866707014,308.15
-9.81769699453004,-11.8452405913738,1.48832260925213,0.4462,0.52229867926694,308.15
-9.8188569911537,-11.8443040816659,1.48972394930021,0.4472,0.523308069568131,308.15
-9.82001706280733,-11.8433637151875,1.49112787987754,0.4482,0.524316838547914,308.15
-9.82117718701746,-11.8424194959676,1.49253440804951,0.4492,0.525324986779788,308.15
-9.82233734135917,-11.8414714281292,1.49394354090689,0.4502,0.526332514836544,308.15
-9.82349750351279,-11.8405195158711,1.49535528556608,0.4512,0.527339423290269,308.15
-9.82465765118825,-11.8395637635065,1.49676964916903,0.4522,0.528345712712346,308.15
-9.82581776216074,-11.838604175432,1.49818663888348,0.4532,0.529351383673456,308.15
-9.82697781427805,-11.8376407561395,1.49960626190306,0.4542,0.530356436743579,308.15
-9.82813778545066,-11.8366735102171,1.50102852544739,0.4552,0.531360872491995,308.15
-9.82929765362923,-11.8357024423529,1.50245343676215,0.4562,0.532364691487284,308.15
-9.83045739683719,-11.8347275573314,1.5038810031193,0.4572,0.53336789429733,308.15
-9.83161699317507,-11.833748860029,1.50531123181716,0.4582,0.534370481489316,308.15
-9.83277642076917,-11.8327663554295,1.50674413018045,0.4592,0.535372453629734,308.15
-9.83393565781998,-11.8317800486155,1.5081797055605,0.4602,0.536373811284378,308.15
-9.83509468257701,-11.830789944771,1.50961796533533,0.4612,0.537374555018349,308.15
-9.83625347336012,-11.8297960491782,1.51105891690982,0.4622,0.538374685396054,308.15
-9.83741200851892,-11.8287983672245,1.51250256771573,0.4632,0.539374202981213,308.15
-9.83857026649834,-11.8277969043988,1.51394892521199,0.4642,0.540373108336849,308.15
-9.83972822575584,-11.8267916662972,1.51539799688459,0.4652,0.5413714020253,308.15
-9.84088586481431,-11.8257826586279,1.51684979024689,0.4662,0.542369084608214,308.15
-9.84204316228464,-11.8247698871843,1.51830431283975,0.4672,0.543366156646553,308.15
-9.84320009677086,-11.8237533578946,1.51976157223147,0.4682,0.544362618700588,308.15
-9.84435664696776,-11.8227330767749,1.52122157601811,0.4692,0.545358471329912,308.15
-9.84551279161717,-11.8217090499633,1.52268433182353,0.4702,0.546353715093427,308.15
-9.8466685095118,-11.8206812836948,1.52414984729954,0.4712,0.547348350549356,308.15
-9.84782377945736,-11.8196497843363,1.52561813012592,0.4722,0.548342378255237,308.15
-9.84897858039082,-11.8186145583396,1.52708918801083,0.4732,0.54933579876793,308.15
-9.85013289120876,-11.8175756122952,1.52856302869057,0.4742,0.550328612643613,308.15
-9.8512866909061,-11.8165329528901,1.53003965992998,0.4752,0.551320820437783,308.15
-9.85243995854038,-11.8154865869322,1.53151908952252,0.4762,0.552312422705263,308.15
-9.8535926731485,-11.8144365213572,1.53300132529021,0.4772,0.553303420000197,308.15
-9.85474481387341,-11.8133827632014,1.53448637508405,0.4782,0.554293812876053,308.15
-9.85589635990916,-11.8123253196198,1.53597424678404,0.4792,0.555283601885623,308.15
-9.85704729043567,-11.8112641978993,1.53746494829914,0.4802,0.556272787581028,308.15
-9.85819758473548,-11.8101994054415,1.53895848756767,0.4812,0.557261370513713,308.15
-9.85934722212202,-11.8091309497612,1.54045487255732,0.4822,0.558249351234454,308.15
-9.86049618194871,-11.8080588385048,1.54195411126527,0.4832,0.559236730293353,308.15
-9.86164444359735,-11.8069830794418,1.54345621171833,0.4842,0.560223508239846,308.15
-9.86279198651275,-11.8059036804614,1.54496118197312,0.4852,0.561209685622697,308.15
-9.86393879018011,-11.8048206495841,1.54646903011619,0.4862,0.562195262990004,308.15
-9.86508483411842,-11.8037339949498,1.54797976426412,0.4872,0.563180240889197,308.15
-9.86623009789421,-11.802643724836,1.54949339256372,0.4882,0.564164619867041,308.15
-9.86737456113092,-11.8015498476362,1.55100992319217,0.4892,0.565148400469637,308.15
-9.86851820344932,-11.8004523718895,1.55252936435701,0.4902,0.56613158324242,308.15
-9.86966100453723,-11.7993513062571,1.55405172429649,0.4912,0.567114168730166,308.15
-9.87080294415356,-11.7982466595258,1.5555770112797,0.4922,0.568096157476985,308.15
-9.8719440020431,-11.797138440632,1.55710523360648,0.4932,0.569077550026329,308.15
-9.87308415803007,-11.7960266586281,1.55863639960784,0.4942,0.570058346920991,308.15
-9.87422339193468,-11.7949113227239,1.56017051764586,0.4952,0.571038548703102,308.15
-9.87536168366042,-11.7937924422485,1.56170759611411,0.4962,0.572018155914138,308.15
-9.87649901311906,-11.7926700266783,1.56324764343753,0.4972,0.572997169094918,308.15
-9.87763536028235,-11.7915440856225,1.56479066807278,0.4982,0.573975588785606,308.15
-9.87877070513651,-11.7904146288335,1.56633667850821,0.4992,0.574953415525708,308.15
-9.87990502772481,-11.7892816662099,1.56788568326419,0.5002,0.575930649854079,308.15
-9.88103830810668,-11.7881452077887,1.56943769089309,0.5012,0.576907292308922,308.15
-9.88217052638435,-11.7870052637551,1.57099270997954,0.5022,0.577883343427785,308.15
-9.88330166270152,-11.7858618444367,1.57255074914054,0.5032,0.57885880374757,308.15
-9.88443169724935,-11.7847149603012,1.5741118170257,0.5042,0.579833673804524,308.15
-9.88556061022926,-11.7835646219711,1.57567592231721,0.5052,0.580807954134249,308.15
-9.88668838188492,-11.7824108402274,1.57724307373013,0.5062,0.581781645271698,308.15
-9.88781499248948,-11.7812536259895,1.5788132800125,0.5072,0.582754747751176,308.15
-9.88894042237805,-11.7800929903227,1.58038654994559,0.5082,0.583727262106344,308.15
-9.89006465189115,-11.7789289444592,1.58196289234389,0.5092,0.584699188870217,308.15
-9.89118766138692,-11.7777614997878,1.58354231605531,0.5102,0.585670528575167,308.15
-9.89230943130129,-11.7765906678381,1.5851248299615,0.5112,0.586641281752922,308.15
-9.89342994207658,-11.7754164603069,1.58671044297783,0.5122,0.58761144893457,308.15
-9.89454917418471,-11.7742388890513,1.58829916405358,0.5132,0.588581030650554,308.15
-9.89566710813197,-11.7730579660791,1.58989100217215,0.5142,0.589550027430682,308.15
-9.89678372447449,-11.7718737035659,1.59148596635123,0.5152,0.590518439804119,308.15
-9.89789900375995,-11.7706861138589,1.59308406564285,0.5162,0.591486268299393,308.15
-9.89901292662968,-11.7694952094391,1.59468530913378,0.5172,0.592453513444397,308.15
-9.90012547368415,-11.7683010029936,1.59628970594535,0.5182,0.593420175766386,308.15
-9.90123662559979,-11.767103507343,1.59789726523392,0.5192,0.594386255791978,308.15
-9.90234636306894,-11.7659027354974,1.59950799619091,0.5202,0.595351754047161,308.15
-9.90345466682934,-11.764698700619,1.60112190804301,0.5212,0.596316671057285,308.15
-9.90456151762347,-11.763491416058,1.60273901005228,0.5222,0.597281007347072,308.15
-9.90566689621778,-11.7622808953333,1.60435931151632,0.5232,0.598244763440609,308.15
-9.90677078345512,-11.7610671521305,1.60598282176865,0.5242,0.599207939861355,308.15
-9.90787316016088,-11.7598502003102,1.60760955017856,0.5252,0.600170537132139,308.15
-9.9089740072233,-11.758630053919,1.60923950615156,0.5262,0.60113255577516,308.15
-9.91007330550601,-11.7574067271864,1.61087269912924,0.5272,0.602093996311991,308.15
-9.91117103597179,-11.7561802345005,1.6125091385899,0.5282,0.603054859263579,308.15
-9.91226717954146,-11.7549505904577,1.61414883404819,0.5292,0.604015145150242,308.15
-9.91336171722022,-11.7537178098174,1.61579179505577,0.5302,0.604974854491676,308.15
-9.91445463000654,-11.7524819075344,1.61743803120114,0.5312,0.605933987806953,308.15
-9.91554589895548,-11.7512428987411,1.61908755211007,0.5322,0.606892545614521,308.15
-9.9166355051106,-11.7500007987723,1.62074036744552,0.5332,0.607850528432207,308.15
-9.91772342956491,-11.7487556231449,1.62239648690802,0.5342,0.608807936777216,308.15
-9.9188096534376,-11.7475073875592,1.62405592023582,0.5352,0.609764771166133,308.15
-9.91989415787854,-11.7462561079184,1.62571867720502,0.5362,0.610721032114925,308.15
-9.92097692405279,-11.745001800324,1.62738476762976,0.5372,0.61167672013894,308.15
-9.92205793314796,-11.7437444810605,1.62905420136242,0.5382,0.612631835752908,308.15
-9.92313716639475,-11.7424841666252,1.63072698829382,0.5392,0.613586379470943,308.15
-9.92421460504033,-11.7412208737006,1.63240313835341,0.5402,0.614540351806544,308.15
-9.92529023034106,-11.7399546191877,1.63408266150933,0.5412,0.615493753272595,308.15
-9.92636402362708,-11.7386854201632,1.63576556776893,0.5422,0.616446584381367,308.15
-9.9274359661795,-11.7374132939512,1.63745186717842,0.5432,0.617398845644517,308.15
-9.92850603940131,-11.7361382580281,1.63914156982375,0.5442,0.618350537573092,308.15
-9.92957422462233,-11.7348603301307,1.64083468583008,0.5452,0.619301660677525,308.15
-9.93064050325786,-11.7335795281738,1.64253122536253,0.5462,0.620252215467644,308.15
-9.93170485672862,-11.7322958702899,1.64423119862611,0.5472,0.621202202452661,308.15
-9.93276726647147,-11.731009374849,1.64593461586589,0.5482,0.622151622141188,308.15
-9.93382771397562,-11.7297200603942,1.64764148736744,0.5492,0.623100475041222,308.15
-9.93488618070073,-11.7284279457265,1.64935182345665,0.5502,0.624048761660159,308.15
-9.93594264822491,-11.7271330498346,1.65106563450044,0.5512,0.624996482504788,308.15
-9.93699709806227,-11.7258353919438,1.6527829309064,0.5522,0.625943638081291,308.15
-9.93804951177289,-11.7245349915076,1.65450372312331,0.5532,0.626890228895251,308.15
-9.9390998709461,-11.723231868203,1.65622802164129,0.5542,0.627836255451645,308.15
-9.94014815722267,-11.7219260419172,1.65795583699211,0.5552,0.628781718254848,308.15
-9.9411943522196,-11.7206175327852,1.65968717974912,0.5562,0.629726617808636,308.15
-9.94223843757871,-11.7193063611774,1.66142206052761,0.5572,0.630670954616183,308.15
-9.94328039506152,-11.7179925476551,1.66316048998535,0.5582,0.631614729180066,308.15
-9.94432020629546,-11.7166761130745,1.66490247882195,0.5592,0.632557942002261,308.15
-9.94535785307209,-11.7153570784811,1.66664803778005,0.5602,0.633500593584149,308.15
-9.94639331711327,-11.7140354651862,1.66839717764477,0.5612,0.634442684426513,308.15
-9.94742658020687,-11.7127112947339,1.67014990924437,0.5622,0.635384215029542,308.15
-9.9484576241587,-11.7113845889034,1.67190624345029,0.5632,0.636325185892828,308.15
-9.9494864308168,-11.710055369722,1.67366619117745,0.5642,0.637265597515372,308.15
-9.95051298198238,-11.7087236594874,1.67542976338417,0.5652,0.638205450395578,308.15
-9.9515372595811,-11.7073894807025,1.67719697107298,0.5662,0.639144745031263,308.15
-9.95255924545274,-11.7060528561703,1.67896782529009,0.5672,0.640083481919648,308.15
-9.95357892155694,-11.7047138089094,1.68074233712634,0.5682,0.641021661557367,308.15
-9.95459626982167,-11.7033723622083,1.68252051771689,0.5692,0.641959284440463,308.15
-9.95561127219908,-11.7020285396184,1.68430237824165,0.5702,0.642896351064392,308.15
-9.95662391070581,-11.700682364938,1.68608792992558,0.5712,0.64383286192402,308.15
-9.9576341673437,-11.6993338622341,1.68787718403876,0.5722,0.644768817513627,308.15
-9.9586420241068,-11.6979830558639,1.68967015189648,0.5732,0.645704218326908,308.15
-9.95964746310054,-11.6966299703952,1.69146684486007,0.5742,0.646639064856973,308.15
-9.96065046637057,-11.6952746307124,1.69326727433636,0.5752,0.647573357596345,308.15
-9.96165101604178,-11.6939170619534,1.69507145177847,0.5762,0.648507097036968,308.15
-9.96264909422037,-11.692557289536,1.69687938868572,0.5772,0.649440283670199,308.15
-9.96364468307589,-11.6911953391398,1.69869109660413,0.5782,0.650372917986817,308.15
-9.96463776478349,-11.6898312367287,1.70050658712642,0.5792,0.651305000477019,308.15
-9.96562832148614,-11.6884650085789,1.70232587189215,0.5802,0.652236531630421,308.15
-9.96661633545369,-11.6870966811962,1.70414896258851,0.5812,0.65316751193606,308.15
-9.96760178891551,-11.6857262814028,1.70597587094997,0.5822,0.654097941882398,308.15
-9.96858466411853,-11.6843538363121,1.70780660875869,0.5832,0.655027821957316,308.15
-9.96956494337371,-11.6829793733089,1.70964118784498,0.5842,0.655957152648119,308.15
-9.97054260897591,-11.6816029200919,1.71147962008722,0.5852,0.656885934441539,308.15
-9.97151764325741,-11.6802245046411,1.7133219174123,0.5862,0.65781416782373,308.15
-9.9724900285868,-11.6788441552344,1.71516809179588,0.5872,0.658741853280273,308.15
-9.97345974732199,-11.677461900469,1.71701815526243,0.5882,0.659668991296177,308.15
-9.97442678189123,-11.6760777692172,1.71887211988583,0.5892,0.660595582355879,308.15
-9.97539111473587,-11.6746917906615,1.72072999778936,0.5902,0.661521626943242,308.15
-9.97635272827669,-11.6733039943229,1.72259180114581,0.5912,0.662447125541561,308.15
-9.97731160500589,-11.6719144099968,1.72445754217817,0.5922,0.66337207863356,308.15
-9.9782677274172,-11.6705230678118,1.72632723315952,0.5932,0.664296486701394,308.15
-9.97922107804689,-11.6691299982066,1.72820088641346,0.5942,0.665220350226652,308.15
-9.9801716394499,-11.6677352319347,1.73007851431436,0.5952,0.666143669690352,308.15
-9.98111939417645,-11.6663388000874,1.73196012928739,0.5962,0.66706644557295,308.15
-9.98206432484093,-11.6649407340609,1.73384574380918,0.5972,0.667988678354333,308.15
-9.98300641408515,-11.6635410655808,1.73573537040785,0.5982,0.668910368513825,308.15
-9.9839456445235,-11.6621398267198,1.7376290216631,0.5992,0.669831516530185,308.15
-9.98488199884233,-11.660737049873,1.73952671020683,0.6002,0.670752122881611,308.15
-9.98581545975424,-11.6593327677582,1.74142844872329,0.6012,0.671672188045736,308.15
-9.98674600995103,-11.6579270134627,1.74333424994909,0.6022,0.672591712499634,308.15
-9.9876736322318,-11.6565198203693,1.74524412667402,0.6032,0.673510696719817,308.15
-9.98859830931968,-11.655111222253,1.74715809174058,0.6042,0.674429141182238,308.15
-9.98952002404816,-11.653701253206,1.74907615804499,0.6052,0.675347046362291,308.15
-9.99043875926246,-11.6522899476711,1.7509983385371,0.6062,0.67626441273481,308.15
-9.99135449776607,-11.6508773404687,1.75292464622041,0.6072,0.677181240774075,308.15
-9.99226722248278,-11.6494634667464,1.75485509415301,0.6082,0.678097530953808,308.15
-9.99317691630041,-11.6480483620247,1.75678969544727,0.6092,0.679013283747174,308.15
-9.99408356217013,-11.6466320621855,1.75872846327047,0.6102,0.679928499626785,308.15
-9.99498714305411,-11.645214603469,1.76067141084488,0.6112,0.680843179064699,308.15
-9.99588764190184,-11.6437960225089,1.76261855144797,0.6122,0.681757322532419,308.15
-9.9967850417782,-11.6423763562668,1.76456989841324,0.6132,0.682670930500897,308.15
-9.99767932570038,-11.6409556421226,1.76652546512975,0.6142,0.683584003440534,308.15
-9.99857047677551,-11.639533917792,1.76848526504308,0.6152,0.684496541821179,308.15
-9.99945847809641,-11.6381112214075,1.77044931165512,0.6162,0.685408546112131,308.15
-10.0003433127543,-11.636687591481,1.77241761852446,0.6172,0.68632001678214,308.15
-10.0012249639493,-11.6352630668908,1.77439019926712,0.6182,0.687230954299408,308.15
-10.0021034148723,-11.6338376869207,1.77636706755635,0.6192,0.688141359131589,308.15
-10.0029786487119,-11.6324114912551,1.77834823712298,0.6202,0.689051231745791,308.15
-10.0038506487451,-11.6309845199596,1.78033372175607,0.6212,0.689960572608575,308.15
-10.0047193982464,-11.6295568135043,1.78232353530289,0.6222,0.690869382185958,308.15
-10.0055848805122,-11.6281284127847,1.78431769166924,0.6232,0.691777660943411,308.15
-10.0064470788878,-11.6266993590801,1.78631620481993,0.6242,0.692685409345863,308.15
-10.0073059767643,-11.6252696940797,1.78831908877908,0.6252,0.693592627857699,308.15
-10.0081615575279,-11.6238394599027,1.79032635763018,0.6262,0.694499316942762,308.15
-10.0090138046203,-11.6224086990796,1.79233802551666,0.6272,0.695405477064356,308.15
-10.0098627015036,-11.6209774545688,1.7943541066421,0.6282,0.696311108685241,308.15
-10.0107082316875,-11.6195457697381,1.79637461527062,0.6292,0.697216212267641,308.15
-10.0115503786731,-11.6181136884188,1.79839956572693,0.6302,0.698120788273238,308.15
-10.0123891260859,-11.6166812548183,1.80042897239731,0.6312,0.699024837163178,308.15
-10.0132244574781,-11.6152485136343,1.80246284972901,0.6322,0.699928359398069,308.15
-10.014056356483,-11.6138155099853,1.80450121223124,0.6332,0.700831355437982,308.15
-10.014884806792,-11.6123822894277,1.80654407447541,0.6342,0.701733825742453,308.15
-10.0157097921258,-11.6109488979567,1.80859145109538,0.6352,0.702635770770483,308.15
-10.0165312961701,-11.6095153820577,1.81064335678743,0.6362,0.703537190980539,308.15
-10.0173493027188,-11.6080817886406,1.81269980631123,0.6372,0.704438086830555,308.15
-10.0181637956155,-11.6066481650608,1.81476081449,0.6382,0.70533845877793,308.15
-10.0189747586643,-11.6052145591808,1.81682639621035,0.6392,0.706238307279534,308.15
-10.0197821757644,-11.6037810192941,1.81889656642325,0.6402,0.707137632791704,308.15
-10.0205860308757,-11.6023475941664,1.82097134014424,0.6412,0.708036435770248,308.15
-10.0213863078867,-11.6009143330708,1.82305073245318,0.6422,0.708934716670445,308.15
-10.0221829908496,-11.5994812857287,1.82513475849557,0.6432,0.709832475947043,308.15
-10.0229760637715,-11.5980485023523,1.82722343348209,0.6442,0.710729714054263,308.15
-10.0237655107399,-11.5966160336481,1.82931677268939,0.6452,0.711626431445801,308.15
-10.0245513158855,-11.5951839307988,1.83141479146035,0.6462,0.712522628574822,308.15
-10.0253334633161,-11.593752245515,1.83351750520411,0.6472,0.71341830589397,308.15
-10.0261119372971,-11.5923210299508,1.83562492939725,0.6482,0.714313463855361,308.15
-10.0268867220017,-11.5908903368414,1.83773707958293,0.6492,0.715208102910589,308.15
-10.0276578017681,-11.5894602193471,1.83985397137262,0.6502,0.716102223510721,308.15
-10.0284251608833,-11.5880307312019,1.84197562044525,0.6512,0.716995826106306,308.15
-10.0291887837194,-11.5866019266428,1.84410204254832,0.6522,0.717888911147368,308.15
-10.0299486546715,-11.5851738604256,1.84623325349796,0.6532,0.718781479083411,308.15
-10.0307047582148,-11.5837465878143,1.84836926917957,0.6542,0.719673530363418,308.15
-10.0314570788353,-11.5823201646292,1.85051010554785,0.6552,0.720565065435854,308.15
-10.0322056011079,-11.5808946472009,1.85265577862754,0.6562,0.721456084748661,308.15
-10.0329503095685,-11.5794700924391,1.8548063045132,0.6572,0.722346588749269,308.15
-10.0336911888927,-11.5780465577494,1.85696169937045,0.6582,0.723236577884585,308.15
-10.0344282237575,-11.5766241011207,1.85912197943564,0.6592,0.724126052601003,308.15
-10.0351613988725,-11.5752027810885,1.86128716101644,0.6602,0.725015013344399,308.15
-10.0358906990249,-11.5737826567423,1.8634572604924,0.6612,0.725903460560135,308.15
-10.0366161090724,-11.5723637877157,1.86563229431535,0.6622,0.726791394693058,308.15
-10.0373376138581,-11.570946234253,1.86781227900932,0.6632,0.727678816187502,308.15
-10.0380551983154,-11.5695300571415,1.86999723117146,0.6642,0.728565725487288,308.15
-10.0387688474392,-11.5681153177466,1.87218716747232,0.6652,0.729452123035724,308.15
-10.0394785462495,-11.5667020780227,1.87438210465606,0.6662,0.730338009275607,308.15
-10.0401842798218,-11.5652904005283,1.87658205954096,0.6672,0.731223384649225,308.15
-10.0408860332984,-11.5638803483778,1.87878704901994,0.6682,0.732108249598351,308.15
-10.0415837918703,-11.5624719853168,1.88099709006081,0.6692,0.732992604564256,308.15
-10.0422775408005,-11.5610653756577,1.88321219970687,0.6702,0.733876449987696,308.15
-10.0429672653584,-11.5596605843665,1.88543239507691,0.6712,0.734759786308924,308.15
-10.0436529509219,-11.5582576769857,1.88765769336617,0.6722,0.735642613967682,308.15
-10.0443345829015,-11.5568567196893,1.8898881118464,0.6732,0.736524933403209,308.15
-10.0450121467349,-11.5554577792926,1.89212366786621,0.6742,0.737406745054236,308.15
-10.0456856279962,-11.5540609231998,1.89436437885205,0.6752,0.738288049358991,308.15
-10.0463550122429,-11.5526662194833,1.89661026230789,0.6762,0.739168846755197,308.15
-10.0470202851421,-11.5512737368354,1.89886133581625,0.6772,0.740049137680074,308.15
-10.0476814324184,-11.5498835446387,1.90111761703825,0.6782,0.740928922570338,308.15
-10.0483384397801,-11.5484957127878,1.90337912371423,0.6792,0.741808201862205,308.15
-10.0489912931009,-11.5471103120461,1.90564587366404,0.6802,0.742686975991389,308.15
-10.0496399782949,-11.5457274136652,1.9079178847879,0.6812,0.743565245393102,308.15
-10.0502844813003,-11.5443470896653,1.91019517506614,0.6822,0.744443010502059,308.15
-10.0509247881622,-11.5429694126646,1.91247776256039,0.6832,0.745320271752474,308.15
-10.0515608849202,-11.5415944560295,1.91476566541319,0.6842,0.746197029578062,308.15
-10.0521927578069,-11.5402222937467,1.91705890184962,0.6852,0.747073284412044,308.15
-10.0528203929791,-11.5388530005578,1.91935749017633,0.6862,0.747949036687139,308.15
-10.0534437767979,-11.5374866518301,1.92166144878344,0.6872,0.748824286835574,308.15
-10.0540628955653,-11.5361233237107,1.92397079614357,0.6882,0.749699035289078,308.15
-10.054677735769,-11.5347630929825,1.9262855508137,0.6892,0.750573282478886,308.15
-10.0552882838778,-11.5334060372032,1.92860573143442,0.6902,0.75144702883574,308.15
-10.0558945264999,-11.5320522346046,1.93093135673137,0.6912,0.752320274789886,308.15
-10.0564964502762,-11.5307017641698,1.93326244551503,0.6922,0.75319302077108,308.15
-10.057094041945,-11.5293547056096,1.93559901668157,0.6932,0.754065267208585,308.15
-10.0576872882986,-11.5280111393807,1.9379410892131,0.6942,0.754937014531172,308.15
-10.0582761762043,-11.5266711466755,1.94028868217831,0.6952,0.755808263167122,308.15
-10.0588606926464,-11.5253348094472,1.94264181473303,0.6962,0.756679013544227,308.15
-10.0594408246846,-11.5240022103707,1.94500050612071,0.6972,0.757549266089789,308.15
-10.0600165593757,-11.5226734329624,1.94736477567224,0.6982,0.758419021230621,308.15
-10.0605878839671,-11.5213485614298,1.94973464280768,0.6992,0.75928827939305,308.15
-10.0611547857058,-11.520027680816,1.9521101270356,0.7002,0.760157041002913,308.15
-10.0617172519993,-11.518710876899,1.95449124795454,0.7012,0.761025306485564,308.15
-10.0622752702604,-11.5173982362986,1.95687802525256,0.7022,0.761893076265869,308.15
-10.0628288280395,-11.5160898463942,1.95927047870857,0.7032,0.76276035076821,308.15
-10.0633779129317,-11.514785795403,1.96166862819225,0.7042,0.763627130416485,308.15
-10.0639225126918,-11.5134861723094,1.96407249366524,0.7052,0.764493415634107,308.15
-10.0644626150947,-11.5121910669574,1.96648209518085,0.7062,0.765359206844007,308.15
-10.0649982080073,-11.5109005700041,1.96889745288501,0.7072,0.766224504468634,308.15
-10.0655292794613,-11.5096147729216,1.97131858701712,0.7082,0.767089308929956,308.15
-10.0660558174801,-11.5083337680575,1.97374551790972,0.7092,0.767953620649458,308.15
-10.0665778102705,-11.5070576485691,1.97617826598997,0.7102,0.768817440048147,308.15
-10.0670952460687,-11.5057865084916,1.97861685177942,0.7112,0.769680767546549,308.15
-10.0676081132428,-11.5045204427241,1.98106129589502,0.7122,0.770543603564713,308.15
-10.0681164002516,-11.5032595470144,1.98351161904952,0.7132,0.771405948522208,308.15
-10.0686200956601,-11.5020039179977,1.98596784205203,0.7142,0.772267802838126,308.15
-10.0691191881331,-11.5007536531857,1.98842998580856,0.7152,0.773129166931084,308.15
-10.0696136664004,-11.4995088510154,1.99089807132232,0.7162,0.77399004121922,308.15
-10.0701035193676,-11.4982696107605,1.99337211969502,0.7172,0.774850426120199,308.15
-10.0705887359839,-11.4970360326639,1.99585215212648,0.7182,0.77571032205121,308.15
-10.071069305302,-11.4958082178587,1.99833818991571,0.7192,0.776569729428968,308.15
-10.071545216552,-11.4945862683755,2.00083025446182,0.7202,0.777428648669716,308.15
-10.0720164589881,-11.4933702872177,2.00332836726368,0.7212,0.778287080189222,308.15
-10.0724830220422,-11.4921603782921,2.00583254992143,0.7222,0.779145024402783,308.15
-10.0729448952319,-11.4909566464608,2.00834282413648,0.7232,0.780002481725227,308.15
-10.0734020681543,-11.4897591975709,2.01085921171203,0.7242,0.780859452570907,308.15
-10.0738545305833,-11.4885681383879,2.01338173455429,0.7252,0.781715937353709,308.15
-10.0743022723843,-11.4873835766587,2.01591041467252,0.7262,0.782571936487048,308.15
-10.0747452835204,-11.486205621135,2.01844527417963,0.7272,0.783427450383871,308.15
-10.0751835540904,-11.485034381537,2.02098633529302,0.7282,0.784282479456658,308.15
-10.075617074348,-11.4838699685581,2.02353362033534,0.7292,0.78513702411742,308.15
-10.0760458346297,-11.4827124939282,2.02608715173456,0.7302,0.785991084777702,308.15
-10.0764698253983,-11.4815620703863,2.02864695202489,0.7312,0.786844661848583,308.15
-10.0768890372266,-11.4804188116987,2.0312130438473,0.7322,0.787697755740675,308.15
-10.0773034609066,-11.4792828326101,2.03378544995079,0.7332,0.788550366864129,308.15
-10.0777130872397,-11.478154248981,2.03636419319164,0.7342,0.789402495628628,308.15
-10.0781179072279,-11.4770331776706,2.03894929653535,0.7352,0.790254142443393,308.15
-10.0785179120195,-11.4759197365932,2.04154078305682,0.7362,0.791105307717184,308.15
-10.0789130928443,-11.4748140447573,2.04413867594059,0.7372,0.791955991858296,308.15
-10.0793034410922,-11.4737162222348,2.04674299848198,0.7382,0.792806195274564,308.15
-10.0796889483418,-11.472626390151,2.04935377408794,0.7392,0.793655918373363,308.15
-10.0800696062255,-11.4715446707775,2.05197102627675,0.7402,0.794505161561606,308.15
-10.0804454065796,-11.4704711874528,2.05459477867967,0.7412,0.795353925245747,308.15
-10.080816341382,-11.4694060646235,2.05722505504123,0.7422,0.796202209831782,308.15
-10.0811824027107,-11.4683494278957,2.05986187921951,0.7432,0.797050015725249,308.15
-10.081543582843,-11.4673014039602,2.06250527518754,0.7442,0.797897343331228,308.15
-10.0818998741715,-11.4662621206878,2.06515526703335,0.7452,0.79874419305434,308.15
-10.0822512692909,-11.4652317070645,2.06781187896122,0.7462,0.799590565298752,308.15
-10.082597760902,-11.4642102932563,2.07047513529175,0.7472,0.800436460468177,308.15
-10.0829393418641,-11.4631980106081,2.07314506046282,0.7482,0.801281878965868,308.15
-10.083276005233,-11.4621949916108,2.0758216790306,0.7492,0.802126821194629,308.15
-10.0836077441769,-11.4612013699946,2.07850501566954,0.7502,0.802971287556806,308.15
-10.0839345520737,-11.4602172806452,2.08119509517387,0.7512,0.803815278454295,308.15
-10.084256422421,-11.4592428596873,2.08389194245758,0.7522,0.804658794288538,308.15
-10.0845733489436,-11.4582782444317,2.08659558255588,0.7532,0.805501835460526,308.15
-10.0848853254711,-11.4573235734657,2.08930604062504,0.7542,0.806344402370798,308.15
-10.0851923460248,-11.4563789866041,2.09202334194371,0.7552,0.807186495419442,308.15
-10.085494404834,-11.4554446248898,2.09474751191375,0.7562,0.808028115006099,308.15
-10.0857914962545,-11.4545206306565,2.0974785760604,0.7572,0.808869261529957,308.15
-10.0860836148625,-11.4536071474829,2.10021656003358,0.7582,0.809709935389757,308.15
-10.0863707553931,-11.4527043202581,2.10296148960826,0.7592,0.810550136983793,308.15
-10.0866529127541,-11.4518122951743,2.1057133906852,0.7602,0.811389866709911,308.15
-10.0869300820761,-11.450931219689,2.10847228929215,0.7612,0.812229124965509,308.15
-10.0872022586311,-11.4500612426199,2.11123821158393,0.7622,0.81306791214754,308.15
-10.0874694379019,-11.4492025140972,2.11401118384368,0.7632,0.813906228652511,308.15
-10.0877316156107,-11.4483551855643,2.11679123248383,0.7642,0.814744074876486,308.15
-10.0879887875779,-11.4475194098667,2.11957838404584,0.7652,0.815581451215082,308.15
-10.0882409499094,-11.4466953411732,2.12237266520228,0.7662,0.816418358063474,308.15
-10.0884880988676,-11.4458831350469,2.12517410275667,0.7672,0.817254795816393,308.15
-10.0887302309136,-11.4450829484341,2.1279827236446,0.7682,0.818090764868129,308.15
-10.0889673427412,-11.444294939671,2.13079855493468,0.7692,0.818926265612529,308.15
-10.089199431241,-11.4435192685093,2.13362162382909,0.7702,0.819761298443,308.15
-10.0894264935286,-11.4427560961125,2.13645195766459,0.7712,0.820595863752507,308.15
-10.0896485268947,-11.4420055850944,2.13928958391291,0.7722,0.821429961933576,308.15
-10.0898655288693,-11.441267899515,2.14213453018202,0.7732,0.822263593378295,308.15
-10.0900774972133,-11.4405432048688,2.14498682421689,0.7742,0.82309675847831,308.15
-10.0902844298913,-11.4398316681492,2.14784649390006,0.7752,0.823929457624832,308.15
-10.0904863251094,-11.4391334578085,2.15071356725276,0.7762,0.824761691208633,308.15
-10.0906831812685,-11.4384487438154,2.15358807243537,0.7772,0.825593459620048,308.15
-10.0908749970584,-11.4377776976197,2.15647003774894,0.7782,0.826424763248978,308.15
-10.0910617713426,-11.4371204922296,2.1593594916351,0.7792,0.827255602484885,308.15
-10.091243503261,-11.4364773021443,2.16225646267782,0.7802,0.828085977716799,308.15
-10.0914201921424,-11.4358483034631,2.16516097960337,0.7812,0.828915889333314,308.15
-10.0915918376508,-11.4352336737742,2.16807307128246,0.7822,0.829745337722591,308.15
-10.0917584395966,-11.4346335923014,2.17099276672955,0.7832,0.830574323272355,308.15
-10.0919199980932,-11.4340482398298,2.17392009510489,0.7842,0.831402846369904,308.15
-10.0920765135023,-11.4334777987364,2.17685508571506,0.7852,0.832230907402098,308.15
-10.0922279864187,-11.4329224530303,2.17979776801359,0.7862,0.83305850675537,308.15
-10.0923744177104,-11.4323823883279,2.18274817160226,0.7872,0.83388564481572,308.15
-10.0925158085227,-11.4318577918921,2.18570632623189,0.7882,0.834712321968719,308.15
-10.0926521602226,-11.4313488526646,2.18867226180287,0.7892,0.835538538599507,308.15
-10.0927834745149,-11.4308557611824,2.19164600836701,0.7902,0.836364295092796,308.15
-10.092909753286,-11.4303787097729,2.19462759612699,0.7912,0.837189591832869,308.15
-10.0930309987484,-11.4299178923745,2.19761705543866,0.7922,0.838014429203583,308.15
-10.0931472134281,-11.4294735046522,2.20061441681167,0.7932,0.838838807588365,308.15
-10.0932584000679,-11.4290457440163,2.2036197109097,0.7942,0.839662727370218,308.15
-10.0933645617102,-11.4286348096175,2.20663296855198,0.7952,0.840486188931717,308.15
-10.0934657017215,-11.4282409023296,2.20965422071446,0.7962,0.841309192655013,308.15
-10.0935618237114,-11.4278642248298,2.21268349853006,0.7972,0.842131738921831,308.15
-10.0936529316576,-11.427504981533,2.21572083329064,0.7982,0.842953828113473,308.15
-10.0937390297274,-11.4271633787339,2.2187662564464,0.7992,0.843775460610816,308.15
-10.0938201225071,-11.4268396244448,2.22181979960888,0.8002,0.844596636794316,308.15
-10.0938962148446,-11.4265339285423,2.22488149455048,0.8012,0.845417357044003,308.15
-10.0939673118487,-11.4262465027948,2.22795137320541,0.8022,0.846237621739489,308.15
-10.0940334190206,-11.4259775607593,2.23102946767184,0.8032,0.847057431259962,308.15
-10.0940945421296,-11.4257273179126,2.23411581021175,0.8042,0.847876785984191,308.15
-10.0941506873323,-11.4254959915698,2.23721043325299,0.8052,0.848695686290524,308.15
-10.0942018610156,-11.4252838010281,2.24031336938885,0.8062,0.849514132556889,308.15
-10.0942480699918,-11.4250909674292,2.24342465138079,0.8072,0.850332125160796,308.15
-10.0942893213146,-11.4249177139367,2.24654431215777,0.8082,0.851149664479337,308.15
-10.0943256224667,-11.4247642655709,2.24967238481902,0.8092,0.851966750889184,308.15
-10.0943569812318,-11.4246308493904,2.25280890263377,0.8102,0.852783384766594,308.15
-10.0943834057535,-11.4245176943998,2.25595389904293,0.8112,0.853599566487406,308.15
-10.0944049044815,-11.4244250316615,2.25910740765951,0.8122,0.854415296427045,308.15
-10.0944214862845,-11.4243530941975,2.26226946227074,0.8132,0.855230574960516,308.15
-10.0944331603729,-11.4243021170834,2.26544009683842,0.8142,0.856045402462415,308.15
-10.0944399362937,-11.424272337472,2.26861934549984,0.8152,0.856859779306919,308.15
-10.0944418240031,-11.4242639945411,2.2718072425696,0.8162,0.857673705867794,308.15
-10.0944388338088,-11.424277329598,2.27500382253998,0.8172,0.85848718251839,308.15
-10.0944309763847,-11.4243125860394,2.27820912008234,0.8182,0.859300209631648,308.15
-10.0944182628395,-11.4243700093535,2.28142317004866,0.8192,0.860112787580093,308.15
-10.0944007045987,-11.4244498472138,2.28464600747162,0.8202,0.860924916735843,308.15
-10.094378313546,-11.4245523494079,2.28787766756692,0.8212,0.8617365974706,308.15
-10.0943511019093,-11.4246777679457,2.29111818573335,0.8222,0.862547830155659,308.15
-10.0943190823555,-11.4248263569615,2.29436759755489,0.8232,0.863358615161905,308.15
-10.0942822679136,-11.4249983728796,2.29762593880081,0.8242,0.864168952859813,308.15
-10.0942406721096,-11.4251940742566,2.30089324542835,0.8252,0.864978843619449,308.15
-10.0941943087837,-11.4254137219819,2.30416955358194,0.8262,0.865788287810472,308.15
-10.0941431922598,-11.4256575791708,2.30745489959593,0.8272,0.866597285802132,308.15
-10.0940873372987,-11.4259259111822,2.31074931999546,0.8282,0.867405837963274,308.15
-10.0940267590231,-11.4262189857782,2.31405285149659,0.8292,0.868213944662334,308.15
-10.0939614730708,-11.4265370729152,2.31736553100925,0.8302,0.869021606267345,308.15
-10.093891495484,-11.4268804449787,2.32068739563702,0.8312,0.869828823145933,308.15
-10.0938168427566,-11.4272493766684,2.32401848267897,0.8322,0.870635595665318,308.15
-10.0937375318315,-11.4276441450822,2.32735882963069,0.8332,0.871441924192319,308.15
-10.0936535801485,-11.4280650296624,2.33070847418601,0.8342,0.87224780909335,308.15
-10.0935650055266,-11.4285123123569,2.33406745423694,0.8352,0.87305325073442,308.15
-10.0934718263373,-11.4289862774578,2.33743580787667,0.8362,0.873858249481138,308.15
-10.0933740613702,-11.4294872117773,2.34081357339935,0.8372,0.87466280569871,308.15
-10.0932717299764,-11.4300154045142,2.3442007893028,0.8382,0.875466919751941,308.15
-10.0931648518837,-11.4305711474568,2.34759749428784,0.8392,0.876270592005235,308.15
-10.0930534473985,-11.4311547348494,2.35100372726148,0.8402,0.877073822822595,308.15
-10.0929375372624,-11.431766463481,2.3544195273369,0.8412,0.877876612567625,308.15
-10.0928171428127,-11.4324066326586,2.35784493383603,0.8422,0.87867896160353,308.15
-10.092692285769,-11.4330755443349,2.3612799862889,0.8432,0.879480870293115,308.15
-10.0925629884505,-11.4337735030115,2.36472472443688,0.8442,0.880282338998789,308.15
-10.0924292737128,-11.4345008157714,2.36817918823348,0.8452,0.881083368082561,308.15
-10.0922911648734,-11.4352577923948,2.37164341784473,0.8462,0.881883957906044,308.15
-10.0921486858464,-11.4360447452592,2.37511745365191,0.8472,0.882684108830456,308.15
-10.0920018610286,-11.43686198946,2.37860133625164,0.8482,0.883483821216617,308.15
-10.0918507154146,-11.4377098427714,2.38209510645829,0.8492,0.884283095424953,308.15
-10.0916952745276,-11.438588625662,2.38559880530476,0.8502,0.885081931815493,308.15
-10.0915355644571,-11.4394986613834,2.38911247404388,0.8512,0.885880330747874,308.15
-10.0913716118587,-11.4404402758914,2.39263615415009,0.8522,0.886678292581339,308.15
-10.0912034439312,-11.4414137979954,2.39616988732014,0.8532,0.887475817674736,308.15
-10.0910310885328,-11.442419559205,2.39971371547598,0.8542,0.888272906386522,308.15
-10.0908545739885,-11.4434578939778,2.40326768076381,0.8552,0.889069559074762,308.15
-10.0906739293288,-11.4445291395062,2.40683182555813,0.8562,0.889865776097127,308.15
-10.0904891841331,-11.4456336358937,2.41040619246137,0.8572,0.8906615578109,308.15
-10.0903003686242,-11.4467717261113,2.41399082430621,0.8582,0.891456904572972,308.15
-10.0901075135282,-11.4479437561126,2.41758576415557,0.8592,0.892251816739842,308.15
-10.0899106503263,-11.4491500747054,2.42119105530652,0.8602,0.893046294667624,308.15
-10.0897098110702,-11.4503910336562,2.42480674128994,0.8612,0.893840338712039,308.15
-10.0895050284345,-11.4516669877602,2.42843286587215,0.8622,0.894633949228421,308.15
-10.0892963357591,-11.4529782947695,2.43206947305709,0.8632,0.895427126571717,308.15
-10.0890837670239,-11.4543253154731,2.43571660708723,0.8642,0.896219871096485,308.15
-10.0888673568847,-11.4557084136714,2.43937431244559,0.8652,0.897012183156898,308.15
-10.0886471406419,-11.4571279562947,2.44304263385652,0.8662,0.89780406310674,308.15
-10.088423154255,-11.4585843133171,2.44672161628766,0.8672,0.898595511299412,308.15
-10.0881954344166,-11.4600778578197,2.45041130495194,0.8682,0.899386528087929,308.15
-10.0879640184346,-11.461608966062,2.45411174530783,0.8692,0.90017711382492,308.15
-10.0877289443659,-11.4631780174222,2.45782298306228,0.8702,0.900967268862631,308.15
-10.0874902509818,-11.4647853944572,2.46154506417177,0.8712,0.901756993552924,308.15
-10.0872479777087,-11.4664314829557,2.4652780348432,0.8722,0.902546288247278,308.15
-10.0870021647186,-11.4681166719389,2.46902194153626,0.8732,0.903335153296788,308.15
-10.0867528529606,-11.4698413536098,2.47277683096547,0.8742,0.904123589052169,308.15
-10.0865000840256,-11.4716059235462,2.47654275009995,0.8752,0.904911595863753,308.15
-10.0862439003125,-11.4734107805599,2.48031974616694,0.8762,0.905699174081491,308.15
-10.0859843449774,-11.4752563267681,2.48410786665275,0.8772,0.906486324054955,308.15
-10.0857214619074,-11.477142967683,2.48790715930388,0.8782,0.907273046133334,308.15
-10.0854552957859,-11.4790711121383,2.49171767212942,0.8792,0.908059340665441,308.15
-10.0851858920518,-11.4810411723884,2.49553945340206,0.8802,0.908845207999706,308.15
-10.0849132969105,-11.4830535641268,2.49937255165973,0.8812,0.909630648484184,308.15
-10.0846375574516,-11.4851087063795,2.50321701570873,0.8822,0.91041566246655,308.15
-10.084358721486,-11.4872070217408,2.50707289462308,0.8832,0.911200250294103,308.15
-10.0840768376264,-11.4893489362831,2.51094023774725,0.8842,0.911984412313764,308.15
-10.0837919553868,-11.4915348795209,2.51481909469891,0.8852,0.912768148872076,308.15
-10.0835041250342,-11.4937652845673,2.51870951536866,0.8862,0.91355146031521,308.15
-10.0832133977621,-11.4960405880119,2.52261154992384,0.8872,0.914334346988958,308.15
-10.0829198255329,-11.4983612301068,2.52652524880809,0.8882,0.91511680923874,308.15
-10.0826234611691,-11.5007276547086,2.5304506627441,0.8892,0.915898847409597,308.15
-10.082324358459,-11.5031403092018,2.53438784273665,0.8902,0.916680461846202,308.15
-10.0820225719355,-11.5055996447417,2.53833684007136,0.8912,0.91746165289285,308.15
-10.0817181571467,-11.5081061160502,2.54229770631975,0.8922,0.918242420893465,308.15
-10.0814111704268,-11.5106601816412,2.54627049333803,0.8932,0.919022766191599,308.15
-10.0811016690902,-11.5132623036904,2.55025525327111,0.8942,0.919802689130431,308.15
-10.0807897113328,-11.515912948156,2.55425203855306,0.8952,0.92058219005277,308.15
-10.0804753563143,-11.5186125846896,2.55826090190999,0.8962,0.921361269301051,308.15
-10.080158664106,-11.5213616868255,2.56228189636059,0.8972,0.922139927217343,308.15
-10.0798396957029,-11.524160731878,2.56631507521849,0.8982,0.922918164143342,308.15
-10.079518513074,-11.5270102009976,2.57036049209428,0.8992,0.923695980420376,308.15
-10.0791951791914,-11.5299105791712,2.57441820089765,0.9002,0.924473376389403,308.15
-10.0788697579773,-11.5328623552974,2.57848825583837,0.9012,0.925250352391013,308.15
-10.0785423143344,-11.5358660221771,2.58257071142846,0.9022,0.92602690876543,308.15
-10.0782129141462,-11.5389220765658,2.58666562248385,0.9032,0.926803045852507,308.15
-10.0778816243505,-11.5420310191074,2.59077304412714,0.9042,0.927578763991733,308.15
-10.0775485128743,-11.5451933544944,2.59489303178824,0.9052,0.928354063522231,308.15
-10.0772136487202,-11.5484095913238,2.5990256412076,0.9062,0.929128944782754,308.15
-10.0768771018552,-11.5516802422998,2.60317092843621,0.9072,0.929903408111695,308.15
-10.0765389433527,-11.5550058241406,2.6073289498392,0.9082,0.930677453847077,308.15
-10.0761992453214,-11.5583868576348,2.61149976209682,0.9092,0.931451082326563,308.15
-10.075858080999,-11.5618238675959,2.61568342220739,0.9102,0.93222429388745,308.15
-10.0755155246279,-11.5653173830233,2.61987998748734,0.9112,0.93299708886667,308.15
-10.0751716515972,-11.5688679369973,2.62408951557494,0.9122,0.933769467600795,308.15
-10.0748265384172,-11.5724760667575,2.62831206443159,0.9132,0.934541430426033,308.15
-10.0744802626656,-11.576142313713,2.63254769234316,0.9142,0.93531297767823,308.15
-10.0741329030955,-11.5798672234724,2.63679645792287,0.9152,0.936084109692871,308.15
-10.0737845395739,-11.5836513458268,2.6410584201126,0.9162,0.936854826805079,308.15
-10.0734352531368,-11.5874952348234,2.64533363818513,0.9172,0.937625129349617,308.15
-10.0730851259758,-11.5913994487519,2.64962217174592,0.9182,0.938395017660889,308.15
-10.0727342415061,-11.5953645501923,2.65392408073555,0.9192,0.939164492072939,308.15
-10.0723826841985,-11.5993911058709,2.65823942543057,0.9202,0.93993355291945,308.15
-10.072030539913,-11.603479687032,2.66256826644714,0.9212,0.940702200533749,308.15
-10.0716778955856,-11.6076308691315,2.66691066474121,0.9222,0.941470435248804,308.15
-10.0713248394146,-11.6118452319625,2.67126668161176,0.9232,0.942238257397224,308.15
-10.0709714608587,-11.6161233596826,2.67563637870258,0.9242,0.943005667311262,308.15
-10.0706178505744,-11.6204658408546,2.68001981800341,0.9252,0.943772665322816,308.15
-10.0702641005067,-11.6248732684185,2.68441706185295,0.9262,0.944539251763425,308.15
-10.0699103039121,-11.6293462396701,2.68882817294109,0.9272,0.945305426964273,308.15
-10.0695565552886,-11.6338853563868,2.69325321430963,0.9282,0.946071191256191,308.15
-10.0692029503968,-11.6384912248083,2.69769224935445,0.9292,0.946836544969651,308.15
-10.0688495864235,-11.6431644555006,2.70214534182985,0.9302,0.947601488434775,308.15
-10.068496561735,-11.647905663668,2.7066125558464,0.9312,0.948366021981329,308.15
-10.0681439761335,-11.6527154688658,2.71109395587698,0.9322,0.949130145938726,308.15
-10.0677919307718,-11.6575944951436,2.71558960675708,0.9332,0.949893860636025,308.15
-10.0674405280865,-11.6625433711401,2.72009957368565,0.9342,0.950657166401936,308.15
-10.0670898719413,-11.6675627299438,2.72462392222912,0.9352,0.951420063564813,308.15
-10.0667400675808,-11.6726532091817,2.72916271832248,0.9362,0.95218255245266,308.15
-10.0663912216569,-11.6778154509873,2.73371602827165,0.9372,0.952944633393133,308.15
-10.0660434422069,-11.6830501020823,2.7382839187547,0.9382,0.953706306713532,308.15
-10.0656968386942,-11.6883578137329,2.74286645682446,0.9392,0.954467572740812,308.15
-10.065351522045,-11.6937392417498,2.74746370991081,0.9402,0.955228431801575,308.15
-10.0650076046218,-11.6991950464866,2.75207574582227,0.9412,0.955988884222076,308.15
-10.0646652002557,-11.7047258928976,2.75670263274803,0.9422,0.95674893032822,308.15
-10.0643244242415,-11.7103324505354,2.76134443925968,0.9432,0.957508570445564,308.15
-10.0639853933507,-11.7160153934865,2.76600123431363,0.9442,0.958267804899319,308.15
-10.0636482258955,-11.72177540044,2.77067308725328,0.9452,0.959026634014347,308.15
-10.0633130416765,-11.7276131546793,2.77536006781037,0.9462,0.959785058115162,308.15
-10.0629799620152,-11.7335293440677,2.7800622461072,0.9472,0.960543077525936,308.15
-10.0626491097998,-11.7395246610653,2.78477969265895,0.9482,0.96130069257049,308.15
-10.0623206094584,-11.7455998026648,2.78951247837543,0.9492,0.962057903572304,308.15
-10.0619945869628,-11.7517554705445,2.7942606745622,0.9502,0.96281471085451,308.15
-10.061671169877,-11.7579923708966,2.79902435292373,0.9512,0.963571114739897,308.15
-10.0613504873956,-11.7643112144936,2.8038035855653,0.9522,0.964327115550909,308.15
-10.0610326702722,-11.7707127166743,2.80859844499399,0.9532,0.965082713609648,308.15
-10.0607178508803,-11.7771975974085,2.81340900412073,0.9542,0.965837909237872,308.15
-10.0604061632128,-11.7837665811706,2.81823533626269,0.9552,0.966592702756996,308.15
-10.0600977429833,-11.7904203969911,2.82307751514591,0.9562,0.967347094488093,308.15
-10.0597927274692,-11.7971597784509,2.82793561490507,0.9572,0.968101084751895,308.15
-10.0594912556632,-11.8039854636842,2.83280971008702,0.9582,0.968854673868791,308.15
-10.0591934681896,-11.8108981953983,2.83769987565117,0.9592,0.969607862158832,308.15
-10.0588995074231,-11.8178987207095,2.84260618697348,0.9602,0.970360649941725,308.15
-10.0586095174112,-11.8249877913089,2.84752871984618,0.9612,0.97111303753684,308.15
-10.0583236439275,-11.8321661633698,2.85246755048047,0.9622,0.971865025263207,308.15
-10.0580420344739,-11.8394345975599,2.857422755508,0.9632,0.972616613439516,308.15
-10.057764838288,-11.8467938590004,2.86239441198269,0.9642,0.973367802384119,308.15
-10.0574922063644,-11.8542447172828,2.86738259738239,0.9652,0.97411859241503,308.15
-10.0572242914481,-11.8617879464494,2.87238738961035,0.9662,0.974868983849925,308.15
-10.0569612480944,-11.8694243249922,2.87740886699741,0.9672,0.975618977006143,308.15
-10.0567032325759,-11.8771546358555,2.88244710830224,0.9682,0.976368572200686,308.15
-10.0564504030419,-11.8849796663984,2.88750219271499,0.9692,0.977117769750221,308.15
-10.0562029194208,-11.892900208399,2.89257419985739,0.9702,0.977866569971076,308.15
-10.0559609434067,-11.9009170581673,2.89766320978334,0.9712,0.978614973179248,308.15
-10.0557246386088,-11.9090310163786,2.90276930298319,0.9722,0.979362979690394,308.15
-10.055494170417,-11.9172428882417,2.90789256038243,0.9732,0.98011058981984,308.15
-10.0552697061159,-11.925553483446,2.91303306334494,0.9742,0.980857803882578,308.15
-10.0550514148004,-11.9339636163113,2.91819089367249,0.9752,0.981604622193264,308.15
-10.0548394674199,-11.9424741057612,2.92336613360704,0.9762,0.982351045066223,308.15
-10.0546340369236,-11.9510857755449,2.92855886583308,0.9772,0.983097072815445,308.15
-10.0544352979891,-11.9597994541369,2.93376917347641,0.9782,0.983842705754589,308.15
-10.0542434272656,-11.9686159751904,2.93899714010678,0.9792,0.984587944196984,308.15
-10.0540586032939,-11.9775361776454,2.94424284973854,0.9802,0.985332788455623,308.15
-10.0538810065631,-11.9865609059869,2.94950638683267,0.9812,0.986077238843172,308.15
-10.0537108194178,-11.9956910108197,2.9547878362954,0.9822,0.986821295671964,308.15
-10.0535482261405,-12.0049273493272,2.96008728348085,0.9832,0.987564959254004,308.15
-10.053393412976,-12.0142707860927,2.96540481419176,0.9842,0.988308229900966,308.15
-10.0532465680563,-12.0237221941606,2.97074051467902,0.9852,0.989051107924193,308.15
-10.0531078815113,-12.0332824564113,2.97609447164431,0.9862,0.989793593634703,308.15
-10.0529775453722,-12.042952467752,2.98146677223836,0.9872,0.990535687343183,308.15
-10.0528557536442,-12.0527331379057,2.9868575040632,0.9882,0.991277389359992,308.15
-10.0527427022433,-12.0626253958058,2.99226675517082,0.9892,0.992018699995162,308.15
-10.0526385890965,-12.0726301958905,2.99769461406561,0.9902,0.992759619558399,308.15
-10.0525436140772,-12.0827485281042,3.0031411697032,0.9912,0.99350014835908,308.15
-10.0524579789947,-12.0929814339671,3.00860651149031,0.9922,0.994240286706258,308.15
-10.0523818876327,-12.1033300337667,3.01409072928539,0.9932,0.994980034908659,308.15
-10.0523155457524,-12.1137955757038,3.01959391339861,0.9942,0.995719393274684,308.15
-10.0522591610389,-12.1243795321943,3.02511615459056,0.9952,0.996458362112407,308.15
-10.0522129431737,-12.1350838102743,3.03065754407339,0.9962,0.997196941729582,308.15
-10.0521771037654,-12.1459112906336,3.03621817350891,0.9972,0.997935132433635,308.15
-10.0521518564211,-12.1568676027271,3.04179813500947,0.9982,0.998672934531669,308.15
