-12.95251439368,-11.8922298277257,1.04665761686345,0.0002,0.00027138438633377,308.15
-11.9374079669782,-11.8927963487967,1.04735733826396,0.0012,0.00162772523095156,308.15
-11.5959514159047,-11.8933604935111,1.04805798697131,0.0022,0.00298309835723694,308.15
-11.3859962638925,-11.8939222569833,1.04875956481148,0.0032,0.00433750480048812,308.15
-11.2344273817296,-11.8944816343241,1.04946207361519,0.0042,0.005690945594527,308.15
-11.1160174250843,-11.8950386206433,1.05016551521787,0.0052,0.00704342177170186,308.15
-11.0190185595198,-11.8955932110489,1.05086989145978,0.0062,0.00839493436288998,308.15
-10.9369964051422,-11.8961454006429,1.05157520418591,0.0072,0.0097454843975002,308.15
-10.8660416812418,-11.8966951845318,1.05228145524608,0.0082,0.0110950729034756,308.15
-10.8036005159165,-11.8972425578135,1.05298864649492,0.0092,0.0124437009072962,308.15
-10.7479122772262,-11.8977875155862,1.05369677979188,0.0102,0.0137913694339811,308.15
-10.6977116682197,-11.8983300529447,1.05440585700125,0.0112,0.0151380795070919,308.15
-10.6520587451643,-11.8988701649847,1.0551158799922,0.0122,0.0164838321487345,308.15
-10.6102361237887,-11.8994078467961,1.05582685063876,0.0132,0.017828628379562,308.15
-10.5716838267717,-11.8999430934693,1.05653877081986,0.0142,0.0191724692187775,308.15
-10.5359563550122,-11.9004759000902,1.05725164241934,0.0152,0.0205153556841363,308.15
-10.5026934640388,-11.901006261744,1.05796546732596,0.0162,0.0218572887919485,308.15
-10.4715997087244,-11.9015341735138,1.05868024743341,0.0172,0.023198269557082,308.15
-10.4424297772132,-11.9020596304799,1.05939598464036,0.0182,0.0245382989929646,308.15
-10.4149777528037,-11.9025826277213,1.06011268085043,0.0192,0.0258773781115865,308.15
-10.3890691053047,-11.9031031603132,1.06083033797225,0.0202,0.0272155079235035,308.15
-10.3645546194417,-11.9036212233304,1.06154895791942,0.0212,0.0285526894378386,308.15
-10.341305723933,-11.9041368118453,1.06226854261058,0.0222,0.0298889236622854,308.15
-10.3192108505463,-11.9046499209293,1.06298909396943,0.0232,0.03122421160311,308.15
-10.2981725620371,-11.9051605456489,1.06371061392469,0.0242,0.032558554265154,308.15
-10.2781052620318,-11.9056686810708,1.06443310441015,0.0252,0.0338919526518368,308.15
-10.2589333508189,-11.9061743222602,1.06515656736471,0.0262,0.0352244077651578,308.15
-10.2405897267698,-11.9066774642768,1.06588100473236,0.0272,0.0365559206056996,308.15
-10.2230145584648,-11.9071781021832,1.06660641846221,0.0282,0.03788649217263,308.15
-10.2061542708575,-11.9076762310365,1.06733281050849,0.0292,0.0392161234637046,308.15
-10.1899607022485,-11.9081718458932,1.06806018283062,0.0302,0.0405448154752694,308.15
-10.1743903986224,-11.9086649418092,1.06878853739315,0.0312,0.0418725692022631,308.15
-10.1594040193558,-11.9091555138338,1.06951787616584,0.0322,0.0431993856382199,308.15
-10.1449658338364,-11.9096435570206,1.07024820112365,0.0332,0.0445252657752716,308.15
-10.1310432928132,-11.9101290664167,1.07097951424677,0.0342,0.0458502106041502,308.15
-10.1176066615293,-11.9106120370714,1.0717118175206,0.0352,0.0471742211141907,308.15
-10.1046287042586,-11.9110924640278,1.07244511293582,0.0362,0.0484972982933331,308.15
-10.0920844118516,-11.9115703423292,1.07317940248837,0.0372,0.0498194431281249,308.15
-10.0799507654083,-11.912045667017,1.07391468817948,0.0382,0.051140656603724,308.15
-10.0682065305184,-11.9125184331331,1.07465097201571,0.0392,0.0524609397039006,308.15
-10.0568320774025,-11.9129886357134,1.0753882560089,0.0402,0.05378029341104,308.15
-10.0458092231762,-11.913456269796,1.07612654217627,0.0412,0.0550987187061449,308.15
-10.0351210930109,-11.9139213304143,1.07686583254039,0.0422,0.0564162165688377,308.15
-10.0247519975842,-11.9143838126017,1.07760612912919,0.0432,0.0577327879773634,308.15
-10.0146873245294,-11.9148437113896,1.07834743397602,0.0442,0.0590484339085913,308.15
-10.004913442048,-11.9153010218084,1.07908974911962,0.0452,0.0603631553380182,308.15
-9.99541761306286,-11.9157557388841,1.07983307660418,0.0462,0.0616769532397701,308.15
-9.98618791856671,-11.9162078576444,1.08057741847933,0.0472,0.062989828586605,308.15
-9.97721318900984,-11.9166573731147,1.08132277680015,0.0482,0.0643017823499154,308.15
-9.96848294272172,-11.9171042803182,1.08206915362724,0.0492,0.0656128154997305,308.15
-9.95998733055505,-11.9175485742759,1.08281655102667,0.0502,0.0669229290047183,308.15
-9.95171708595512,-11.9179902500108,1.08356497107005,0.0512,0.0682321238321887,308.15
-9.94366347989053,-11.918429302537,1.08431441583451,0.0522,0.0695404009480952,308.15
-9.93581828004182,-11.9188657268762,1.08506488740277,0.0532,0.0708477613170378,308.15
-9.92817371379459,-11.9192995180428,1.08581638786309,0.0542,0.0721542059022649,308.15
-9.92072243462509,-11.9197306710512,1.08656891930934,0.0552,0.073459735665676,308.15
-9.91345749148968,-11.9201591809143,1.08732248384102,0.0562,0.0747643515678239,308.15
-9.90637230091587,-11.9205850426446,1.08807708356323,0.0572,0.0760680545679173,308.15
-9.89946062153627,-11.9210082512522,1.08883272058673,0.0582,0.0773708456238227,308.15
-9.89271653075289,-11.9214288017473,1.08958939702797,0.0592,0.0786727256920672,308.15
-9.88613440338774,-11.9218466891359,1.09034711500907,0.0602,0.0799736957278405,308.15
-9.87970889207222,-11.922261908425,1.09110587665784,0.0612,0.0812737566849975,308.15
-9.87343490923647,-11.9226744546223,1.09186568410786,0.0622,0.0825729095160605,308.15
-9.8673076105493,-11.9230843227275,1.09262653949842,0.0632,0.0838711551722215,308.15
-9.8613223796124,-11.9234915077488,1.09338844497457,0.0642,0.0851684946033445,308.15
-9.85547481388901,-11.9238960046845,1.09415140268719,0.0652,0.0864649287579681,308.15
-9.84976071167996,-11.9242978085362,1.0949154147929,0.0662,0.0877604585833073,308.15
-9.84417606006412,-11.9246969143036,1.09568048345419,0.0672,0.0890550850252564,308.15
-9.83871702375838,-11.9250933169848,1.09644661083937,0.0682,0.0903488090283907,308.15
-9.83337993476314,-11.9254870115775,1.09721379912262,0.0692,0.0916416315359694,308.15
-9.82816128276329,-11.9258779930783,1.09798205048399,0.0702,0.0929335534899373,308.15
-9.82305770621867,-11.9262662564829,1.09875136710945,0.0712,0.0942245758309276,308.15
-9.81806598404025,-11.9266517967858,1.09952175119086,0.0722,0.0955146994982638,308.15
-9.81318302787,-11.9270346089789,1.10029320492606,0.0732,0.0968039254299623,308.15
-9.80840587489072,-11.927414688058,1.10106573051881,0.0742,0.0980922545627344,308.15
-9.80373168108534,-11.927792029011,1.10183933017888,0.0752,0.0993796878319887,308.15
-9.79915771495852,-11.9281666268316,1.10261400612203,0.0762,0.100666226171833,308.15
-9.79468135168127,-11.9285384765092,1.10338976057004,0.0772,0.101951870515078,308.15
-9.79030006758982,-11.9289075730323,1.10416659575073,0.0782,0.103236621793238,308.15
-9.7860114350377,-11.9292739113901,1.10494451389798,0.0792,0.104520480936532,308.15
-9.78181311758575,-11.9296374865723,1.10572351725176,0.0802,0.105803448873889,308.15
-9.77770286548406,-11.9299982935638,1.10650360805813,0.0812,0.10708552653295,308.15
-9.77367851141273,-11.9303563273497,1.10728478856929,0.0822,0.108366714840066,308.15
-9.76973796650237,-11.9307115829184,1.10806706104357,0.0832,0.109647014720307,308.15
-9.76587921658563,-11.9310640552544,1.10885042774546,0.0842,0.110926427097457,308.15
-9.76210031866526,-11.9314137393426,1.10963489094566,0.0852,0.112204952894021,308.15
-9.7583993975968,-11.9317606301669,1.11042045292104,0.0862,0.113482593031227,308.15
-9.75477464295632,-11.9321047227113,1.11120711595473,0.0872,0.114759348429025,308.15
-9.75122430607664,-11.9324460119586,1.1119948823361,0.0882,0.116035220006094,308.15
-9.7477466972777,-11.9327844928918,1.11278375436076,0.0892,0.117310208679839,308.15
-9.7443401832282,-11.9331201604929,1.11357373433067,0.0902,0.118584315366398,308.15
-9.74100318446077,-11.9334530097455,1.11436482455404,0.0912,0.11985754098064,308.15
-9.7377341730231,-11.933783035629,1.11515702734545,0.0922,0.12112988643617,308.15
-9.73453167024842,-11.9341102331261,1.11595034502583,0.0932,0.12240135264533,308.15
-9.73139424466325,-11.9344345972179,1.11674477992249,0.0942,0.123671940519202,308.15
-9.72832050998412,-11.9347561228854,1.11754033436912,0.0952,0.12494165096761,308.15
-9.72530912322269,-11.9350748051093,1.11833701070584,0.0962,0.126210484899121,308.15
-9.72235878291722,-11.9353906388699,1.11913481127923,0.0972,0.127478443221047,308.15
-9.71946822740451,-11.9357036191481,1.11993373844232,0.0982,0.128745526839452,308.15
-9.71663623322512,-11.9360137409234,1.12073379455461,0.0992,0.130011736659145,308.15
-9.71386161358162,-11.9363209991793,1.12153498198213,0.1002,0.131277073583693,308.15
-9.71114321688725,-11.9366253888929,1.12233730309745,0.1012,0.132541538515412,308.15
-9.70847992538034,-11.9369269050462,1.12314076027966,0.1022,0.133805132355381,308.15
-9.70587065379603,-11.9372255426181,1.12394535591446,0.1032,0.135067856003432,308.15
-9.70331434811952,-11.9375212965928,1.12475109239412,0.1042,0.136329710358162,308.15
-9.70080998440803,-11.937814161949,1.12555797211755,0.1052,0.137590696316929,308.15
-9.69835656762496,-11.9381041336678,1.1263659974903,0.1062,0.138850814775858,308.15
-9.69595313056413,-11.9383912067317,1.12717517092457,0.1072,0.14011006662984,308.15
-9.6935987328225,-11.9386753761206,1.12798549483928,0.1082,0.141368452772537,308.15
-9.69129245982694,-11.9389566368172,1.12879697166004,0.1092,0.142625974096381,308.15
-9.68903342185236,-11.9392349838052,1.1296096038192,0.1102,0.14388263149258,308.15
-9.68682075315316,-11.9395104120653,1.13042339375586,0.1112,0.145138425851115,308.15
-9.68465361111334,-11.9397829165836,1.13123834391592,0.1122,0.146393358060747,308.15
-9.68253117538939,-11.9400524923406,1.13205445675208,0.1132,0.147647429009017,308.15
-9.68045264715921,-11.9403191343242,1.13287173472386,0.1142,0.148900639582248,308.15
-9.67841724835039,-11.940582837517,1.13369018029764,0.1152,0.150152990665546,308.15
-9.67642422093085,-11.9408435969031,1.13450979594667,0.1162,0.151404483142805,308.15
-9.67447282623627,-11.9411014074735,1.1353305841511,0.1172,0.152655117896707,308.15
-9.67256234428621,-11.9413562642109,1.13615254739802,0.1182,0.153904895808725,308.15
-9.67069207315616,-11.9416081621048,1.13697568818145,0.1192,0.155153817759122,308.15
-9.66886132839553,-11.9418570961455,1.13780000900238,0.1202,0.15640188462696,308.15
-9.66706944242112,-11.9421030613192,1.13862551236881,0.1212,0.157649097290093,308.15
-9.66531576400535,-11.9423460526192,1.13945220079575,0.1222,0.158895456625177,308.15
-9.66359965768083,-11.9425860650347,1.14028007680526,0.1232,0.160140963507668,308.15
-9.66192050327915,-11.94282309356,1.14110914292647,0.1242,0.161385618811825,308.15
-9.6602776954287,-11.9430571331867,1.14193940169559,0.1252,0.162629423410711,308.15
-9.65867064306263,-11.9432881789115,1.14277085565596,0.1262,0.163872378176196,308.15
-9.65709876899433,-11.9435162257296,1.14360350735806,0.1272,0.165114483978961,308.15
-9.65556150948161,-11.943741268638,1.14443735935956,0.1282,0.166355741688496,308.15
-9.65405831376568,-11.9439633026345,1.14527241422527,0.1292,0.167596152173104,308.15
-9.65258864374024,-11.9441823227188,1.14610867452728,0.1302,0.168835716299905,308.15
-9.65115197349986,-11.9443983238928,1.14694614284488,0.1312,0.170074434934833,308.15
-9.64974778900594,-11.9446113011575,1.14778482176464,0.1322,0.171312308942645,308.15
-9.64837558772121,-11.9448212495179,1.14862471388043,0.1332,0.172549339186915,308.15
-9.64703487825999,-11.9450281639796,1.14946582179344,0.1342,0.173785526530044,308.15
-9.6457251800559,-11.9452320395484,1.15030814811219,0.1352,0.175020871833256,308.15
-9.64444602304788,-11.9454328712345,1.1511516954526,0.1362,0.176255375956601,308.15
-9.64319694736756,-11.9456306540491,1.15199646643795,0.1372,0.177489039758961,308.15
-9.64197750305754,-11.9458253830012,1.15284246369898,0.1382,0.178721864098048,308.15
-9.64078724976663,-11.9460170531072,1.15368968987384,0.1392,0.179953849830405,308.15
-9.63962575647164,-11.9462056593827,1.15453814760819,0.1402,0.181184997811414,308.15
-9.63849260123595,-11.9463911968456,1.15538783955518,0.1412,0.182415308895291,308.15
-9.63738737094218,-11.9465736605137,1.15623876837546,0.1422,0.183644783935092,308.15
-9.63630966101332,-11.946753045412,1.15709093673728,0.1432,0.184873423782714,308.15
-9.63525907523888,-11.9469293465618,1.15794434731645,0.1442,0.186101229288898,308.15
-9.63423522548428,-11.9471025589899,1.15879900279636,0.1452,0.187328201303228,308.15
-9.63323773149303,-11.9472726777244,1.15965490586809,0.1462,0.188554340674137,308.15
-9.63226622067777,-11.9474396977976,1.16051205923033,0.1472,0.189779648248905,308.15
-9.6313203278985,-11.9476036142416,1.1613704655895,0.1482,0.191004124873663,308.15
-9.63039969527274,-11.9477644220908,1.16223012765969,0.1492,0.192227771393397,308.15
-9.6295039719744,-11.9479221163823,1.16309104816278,0.1502,0.193450588651945,308.15
-9.62863281403679,-11.9480766921611,1.16395322982838,0.1512,0.194672577492004,308.15
-9.62778588420795,-11.9482281444647,1.16481667539392,0.1522,0.195893738755127,308.15
-9.62696285173455,-11.9483764683411,1.16568138760466,0.1532,0.197114073281729,308.15
-9.6261633922064,-11.9485216588374,1.1665473692137,0.1542,0.198333581911088,308.15
-9.62538718738725,-11.948663711008,1.16741462298202,0.1552,0.199552265481346,308.15
-9.62463392507855,-11.9488026199022,1.16828315167851,0.1562,0.20077012482951,308.15
-9.62390329893644,-11.9489383805815,1.16915295808001,0.1572,0.201987160791457,308.15
-9.62319500834034,-11.9490709881017,1.1700240449713,0.1582,0.203203374201933,308.15
-9.62250875824355,-11.9492004375285,1.17089641514519,0.1592,0.204418765894557,308.15
-9.62184425902143,-11.9493267239269,1.17177007140248,0.1602,0.20563333670182,308.15
-9.62120122635957,-11.9494498423683,1.17264501655203,0.1612,0.206847087455091,308.15
-9.6205793811107,-11.9495697879225,1.17352125341079,0.1622,0.208060018984616,308.15
-9.61997844916102,-11.9496865556662,1.1743987848038,0.1632,0.20927213211952,308.15
-9.61939816131162,-11.9498001406794,1.17527761356425,0.1642,0.21048342768781,308.15
-9.6188382531575,-11.9499105380442,1.1761577425335,0.1652,0.211693906516377,308.15
-9.61829846499269,-11.9500177428474,1.17703917456109,0.1662,0.212903569430997,308.15
-9.61777854164992,-11.9501217501791,1.17792191250479,0.1672,0.214112417256332,308.15
-9.61727823244398,-11.9502225551327,1.17880595923064,0.1682,0.215320450815934,308.15
-9.6167972910225,-11.9503201528065,1.17969131761294,0.1692,0.216527670932245,308.15
-9.61633547530871,-11.9504145383,1.18057799053432,0.1702,0.217734078426603,308.15
-9.6158925473491,-11.9505057067197,1.18146598088575,0.1712,0.218939674119236,308.15
-9.61546827324521,-11.9505936531756,1.18235529156656,0.1722,0.220144458829271,308.15
-9.61506242308597,-11.9506783727787,1.18324592548452,0.1732,0.221348433374734,308.15
-9.61467477078761,-11.9507598606501,1.18413788555579,0.1742,0.222551598572549,308.15
-9.61430509407472,-11.9508381119078,1.18503117470502,0.1752,0.223753955238545,308.15
-9.61395317434649,-11.9509131216794,1.18592579586534,0.1762,0.224955504187451,308.15
-9.61361879662078,-11.9509848850949,1.18682175197842,0.1772,0.226156246232906,308.15
-9.61330174943117,-11.951053397292,1.18771904599448,0.1782,0.227356182187453,308.15
-9.61300182477417,-11.9511186534058,1.18861768087233,0.1792,0.228555312862546,308.15
-9.61271881799636,-11.9511806485825,1.18951765957938,0.1802,0.22975363906855,308.15
-9.61245252775936,-11.9512393779729,1.19041898509171,0.1812,0.230951161614745,308.15
-9.61220275593752,-11.9512948367288,1.19132166039408,0.1822,0.232147881309321,308.15
-9.61196930755489,-11.9513470200069,1.19222568847995,0.1832,0.233343798959391,308.15
-9.61175199071804,-11.9513959229733,1.19313107235152,0.1842,0.23453891537098,308.15
-9.61155061656525,-11.9514415407983,1.19403781501979,0.1852,0.235733231349039,308.15
-9.61136499917344,-11.9514838686511,1.19494591950454,0.1862,0.236926747697437,308.15
-9.61119495548926,-11.9515229017137,1.19585538883439,0.1872,0.23811946521897,308.15
-9.61104030532216,-11.95155863517,1.19676622604686,0.1882,0.239311384715358,308.15
-9.61090087121509,-11.95159106421,1.19767843418834,0.1892,0.240502506987248,308.15
-9.61077647842766,-11.9516201840283,1.19859201631417,0.1902,0.241692832834218,308.15
-9.61066695488644,-11.9516459898263,1.19950697548867,0.1912,0.242882363054776,308.15
-9.61057213107316,-11.9516684768104,1.20042331478512,0.1922,0.244071098446363,308.15
-9.61049184005661,-11.9516876401915,1.20134103728589,0.1932,0.245259039805355,308.15
-9.61042591734431,-11.9517034751918,1.20226014608237,0.1942,0.246446187927064,308.15
-9.61037420092878,-11.9517159770311,1.20318064427509,0.1952,0.247632543605741,308.15
-9.61033653114097,-11.9517251409444,1.20410253497366,0.1962,0.248818107634577,308.15
-9.61031275069247,-11.9517309621626,1.20502582129691,0.1972,0.250002880805704,308.15
-9.61030270455393,-11.9517334359319,1.20595050637284,0.1982,0.251186863910197,308.15
-9.61030623993837,-11.951732557501,1.20687659333868,0.1992,0.252370057738078,308.15
-9.61032320627323,-11.9517283221267,1.20780408534096,0.2002,0.253552463078314,308.15
-9.61035345514247,-11.9517207250678,1.20873298553547,0.2012,0.254734080718824,308.15
-9.61039684022151,-11.9517097615946,1.20966329708737,0.2022,0.255914911446474,308.15
-9.61045321726658,-11.9516954269838,1.21059502317116,0.2032,0.257094956047084,308.15
-9.61052244407195,-11.951677716516,1.21152816697078,0.2042,0.258274215305429,308.15
-9.61060438038706,-11.9516566254825,1.21246273167957,0.2052,0.259452690005237,308.15
-9.61069888793795,-11.9516321491789,1.21339872050037,0.2062,0.260630380929197,308.15
-9.61080583036159,-11.9516042829071,1.21433613664552,0.2072,0.261807288858953,308.15
-9.61092507316105,-11.9515730219825,1.2152749833369,0.2082,0.262983414575115,308.15
-9.6110564836787,-11.9515383617178,1.21621526380598,0.2092,0.264158758857252,308.15
-9.61119993106341,-11.9515002974412,1.21715698129383,0.2102,0.265333322483898,308.15
-9.61135528621614,-11.951458824488,1.21810013905118,0.2112,0.266507106232555,308.15
-9.61152242180332,-11.9514139381955,1.21904474033844,0.2122,0.26768011087969,308.15
-9.61170121216055,-11.9513656339143,1.21999078842575,0.2132,0.268852337200742,308.15
-9.61189153330388,-11.9513139070034,1.22093828659299,0.2142,0.270023785970121,308.15
-9.61209326290376,-11.9512587528246,1.22188723812986,0.2152,0.271194457961209,308.15
-9.6123062802141,-11.9512001667537,1.22283764633585,0.2162,0.272364353946362,308.15
-9.61253046608796,-11.9511381441684,1.22378951452036,0.2172,0.273533474696916,308.15
-9.61276570290398,-11.9510726804617,1.22474284600267,0.2182,0.27470182098318,308.15
-9.61301187457644,-11.9510037710298,1.22569764411199,0.2192,0.275869393574447,308.15
-9.6132688665139,-11.9509314112811,1.22665391218753,0.2202,0.277036193238988,308.15
-9.61353656556772,-11.9508555966294,1.22761165357849,0.2212,0.278202220744062,308.15
-9.61381486005012,-11.9507763225032,1.22857087164414,0.2222,0.279367476855907,308.15
-9.6141036396848,-11.9506935843295,1.22953156975384,0.2232,0.280531962339752,308.15
-9.61440279555827,-11.9506073775549,1.23049375128706,0.2242,0.281695677959812,308.15
-9.61471222014325,-11.9505176976317,1.23145741963344,0.2252,0.282858624479292,308.15
-9.61503180723329,-11.9504245400191,1.23242257819282,0.2262,0.284020802660389,308.15
-9.61536145193912,-11.9503279001904,1.23338923037528,0.2272,0.285182213264294,308.15
-9.61570105068221,-11.9502277736221,1.2343573796012,0.2282,0.286342857051191,308.15
-9.61605050110945,-11.9501241558059,1.23532702930125,0.2292,0.287502734780262,308.15
-9.61640970214558,-11.9500170422434,1.23629818291645,0.2302,0.288661847209686,308.15
-9.61677855392364,-11.9499064284422,1.23727084389823,0.2312,0.289820195096643,308.15
-9.61715695778733,-11.9497923099211,1.23824501570847,0.2322,0.290977779197314,308.15
-9.61754481624137,-11.9496746822153,1.23922070181948,0.2332,0.292134600266883,308.15
-9.61794203298624,-11.9495535408586,1.24019790571413,0.2342,0.293290659059539,308.15
-9.61834851281541,-11.9494288814091,1.24117663088578,0.2352,0.294445956328476,308.15
-9.61876416168718,-11.9493006994223,1.24215688083845,0.2362,0.295600492825899,308.15
-9.61918888662188,-11.9491689904743,1.24313865908674,0.2372,0.296754269303019,308.15
-9.61962259575348,-11.9490337501491,1.24412196915593,0.2382,0.297907286510061,308.15
-9.62006519827693,-11.9488949740375,1.24510681458205,0.2392,0.299059545196263,308.15
-9.62051660440475,-11.9487526577485,1.24609319891183,0.2402,0.300211046109876,308.15
-9.62097672540691,-11.9486067968991,1.24708112570281,0.2412,0.301361789998167,308.15
-9.62144547355201,-11.9484573871158,1.24807059852337,0.2422,0.302511777607422,308.15
-9.62192276211115,-11.9483044240395,1.24906162095277,0.2432,0.303661009682947,308.15
-9.62240850531601,-11.9481479033261,1.25005419658116,0.2442,0.304809486969067,308.15
-9.62290261837819,-11.9479878206344,1.25104832900966,0.2452,0.305957210209131,308.15
-9.62340501744184,-11.9478241716414,1.25204402185041,0.2462,0.307104180145511,308.15
-9.62391561958518,-11.9476569520373,1.25304127872654,0.2472,0.308250397519606,308.15
-9.62443434281677,-11.9474861575199,1.25404010327232,0.2482,0.309395863071843,308.15
-9.62496110601949,-11.9473117838035,1.2550404991331,0.2492,0.310540577541676,308.15
-9.62549582895985,-11.9471338266177,1.2560424699654,0.2502,0.31168454166759,308.15
-9.62603843230327,-11.9469522816946,1.25704601943698,0.2512,0.312827756187105,308.15
-9.62658883754098,-11.9467671447903,1.25805115122681,0.2522,0.31397022183677,308.15
-9.62714696702952,-11.9465784116693,1.25905786902518,0.2532,0.315111939352174,308.15
-9.62771274394837,-11.9463860781054,1.26006617653372,0.2542,0.316252909467939,308.15
-9.62828609228053,-11.9461901398948,1.26107607746542,0.2552,0.317393132917729,308.15
-9.62886693682139,-11.9459905928413,1.26208757554471,0.2562,0.318532610434246,308.15
-9.62945520315992,-11.9457874327624,1.26310067450748,0.2572,0.319671342749233,308.15
-9.63005081766218,-11.9455806554923,1.26411537810114,0.2582,0.320809330593478,308.15
-9.63065370744714,-11.9453702568779,1.26513169008464,0.2592,0.321946574696814,308.15
-9.63126380040787,-11.9451562327798,1.26614961422855,0.2602,0.323083075788119,308.15
-9.63188102514483,-11.9449385790756,1.26716915431506,0.2612,0.324218834595318,308.15
-9.63250531103037,-11.944717291653,1.26819031413807,0.2622,0.325353851845387,308.15
-9.63313658812286,-11.9444923664183,1.26921309750321,0.2632,0.326488128264355,308.15
-9.63377478720607,-11.94426379929,1.27023750822788,0.2642,0.327621664577298,308.15
-9.63441983975487,-11.9440315862044,1.2712635501413,0.2652,0.328754461508352,308.15
-9.63507167792118,-11.9437957231137,1.27229122708459,0.2662,0.329886519780705,308.15
-9.63573023454049,-11.9435562059821,1.27332054291074,0.2672,0.331017840116603,308.15
-9.63639544312076,-11.9433130307892,1.27435150148474,0.2682,0.332148423237352,308.15
-9.63706723781238,-11.9430661935351,1.27538410668358,0.2692,0.333278269863315,308.15
-9.63774555339773,-11.9428156902347,1.27641836239626,0.2702,0.334407380713921,308.15
-9.63843032533592,-11.9425615169117,1.27745427252397,0.2712,0.335535756507659,308.15
-9.63912148965534,-11.9423036696176,1.27849184097995,0.2722,0.336663397962085,308.15
-9.63981898305612,-11.9420421444142,1.27953107168969,0.2732,0.33779030579382,308.15
-9.64052274280677,-11.9417769373764,1.28057196859093,0.2742,0.338916480718552,308.15
-9.64123270677851,-11.9415080446075,1.28161453563364,0.2752,0.340041923451041,308.15
-9.64194881345632,-11.9412354622156,1.28265877678021,0.2762,0.341166634705117,308.15
-9.64267100187081,-11.9409591863318,1.28370469600533,0.2772,0.342290615193681,308.15
-9.64339921164579,-11.9406792131077,1.28475229729618,0.2782,0.343413865628708,308.15
-9.64413338294374,-11.940395538706,1.28580158465239,0.2792,0.344536386721251,308.15
-9.64487345652429,-11.9401081593112,1.28685256208615,0.2802,0.345658179181437,308.15
-9.64561937365156,-11.9398170711262,1.2879052336222,0.2812,0.346779243718472,308.15
-9.64637107614837,-11.9395222703695,1.28895960329791,0.2822,0.347899581040644,308.15
-9.6471285063583,-11.9392237532836,1.29001567516333,0.2832,0.34901919185532,308.15
-9.64789160717298,-11.9389215161215,1.29107345328127,0.2842,0.350138076868951,308.15
-9.64866032194888,-11.9386155551621,1.29213294172724,0.2852,0.351256236787071,308.15
-9.64943459460198,-11.9383058666998,1.29319414458965,0.2862,0.352373672314303,308.15
-9.65021436951979,-11.9379924470506,1.29425706596974,0.2872,0.353490384154353,308.15
-9.65099959158642,-11.937675292549,1.2953217099817,0.2882,0.354606373010019,308.15
-9.65179020618243,-11.9373543995496,1.29638808075269,0.2892,0.355721639583189,308.15
-9.65258615914913,-11.9370297644218,1.29745618242288,0.2902,0.356836184574841,308.15
-9.65338739681576,-11.9367013835675,1.29852601914554,0.2912,0.357950008685048,308.15
-9.65419386598056,-11.9363692533931,1.29959759508708,0.2922,0.359063112612977,308.15
-9.65500551387272,-11.9360333703448,1.30067091442704,0.2932,0.360175497056891,308.15
-9.65582228822228,-11.9356937308661,1.30174598135827,0.2942,0.36128716271415,308.15
-9.65664413714107,-11.9353503314454,1.30282280008683,0.2952,0.362398110281215,308.15
-9.65747100924218,-11.9350031685746,1.30390137483217,0.2962,0.363508340453646,308.15
-9.65830285353151,-11.9346522387757,1.3049817098271,0.2972,0.364617853926105,308.15
-9.65913961945707,-11.9342975385922,1.30606380931789,0.2982,0.365726651392358,308.15
-9.65998125690304,-11.9339390645822,1.30714767756432,0.2992,0.366834733545276,308.15
-9.66082771612986,-11.9335768133397,1.30823331883967,0.3002,0.367942101076835,308.15
-9.66167894784469,-11.9332107814685,1.30932073743087,0.3012,0.369048754678121,308.15
-9.66253490314164,-11.9328409656009,1.31040993763848,0.3022,0.370154695039326,308.15
-9.66339553352181,-11.9324673623909,1.31150092377679,0.3032,0.371259922849756,308.15
-9.66426079086603,-11.9320899685148,1.31259370017385,0.3042,0.372364438797827,308.15
-9.66513062746294,-11.9317087806736,1.31368827117153,0.3052,0.373468243571069,308.15
-9.66600499595516,-11.9313237955932,1.31478464112555,0.3062,0.374571337856127,308.15
-9.66688384939003,-11.9309350100215,1.31588281440559,0.3072,0.375673722338763,308.15
-9.66776714117632,-11.9305424207322,1.31698279539533,0.3082,0.376775397703855,308.15
-9.66865482507799,-11.9301460245151,1.31808458849243,0.3092,0.377876364635401,308.15
-9.66954685524687,-11.9297458181978,1.31918819810872,0.3102,0.378976623816521,308.15
-9.67044318615815,-11.929341798629,1.32029362867012,0.3112,0.380076175929455,308.15
-9.67134377267796,-11.928933962673,1.32140088461681,0.3122,0.381175021655568,308.15
-9.67224856998289,-11.9285223072314,1.32250997040319,0.3132,0.382273161675348,308.15
-9.67315753361403,-11.928106829226,1.32362089049803,0.3142,0.383370596668411,308.15
-9.67407061944692,-11.9276875256048,1.32473364938444,0.3152,0.3844673273135,308.15
-9.67498778367491,-11.9272643933452,1.32584825155997,0.3162,0.385563354288486,308.15
-9.67590898285621,-11.9268374294433,1.32696470153672,0.3172,0.386658678270372,308.15
-9.67683417382784,-11.9264066309313,1.32808300384127,0.3182,0.387753299935292,308.15
-9.67776331379979,-11.9259719948622,1.32920316301487,0.3192,0.388847219958513,308.15
-9.67869636024023,-11.9255335183208,1.3303251836134,0.3202,0.389940439014439,308.15
-9.6796332709694,-11.9250911984159,1.33144907020748,0.3212,0.391032957776605,308.15
-9.68057400410415,-11.9246450322851,1.33257482738255,0.3222,0.392124776917688,308.15
-9.68151851806813,-11.9241950170922,1.33370245973886,0.3232,0.393215897109502,308.15
-9.68246677157269,-11.923741150034,1.33483197189158,0.3242,0.394306319023002,308.15
-9.68341872364803,-11.9232834283389,1.33596336847086,0.3252,0.395396043328281,308.15
-9.68437433358115,-11.9228218492416,1.33709665412186,0.3262,0.396485070694581,308.15
-9.68533356098129,-11.9223564100409,1.33823183350484,0.3272,0.397573401790282,308.15
-9.6862963657303,-11.9218871080425,1.33936891129522,0.3282,0.398661037282914,308.15
-9.68726270797187,-11.9214139405892,1.34050789218359,0.3292,0.399747977839152,308.15
-9.68823254816611,-11.9209369050472,1.34164878087587,0.3302,0.400834224124819,308.15
-9.68920584701799,-11.92045599882,1.34279158209329,0.3312,0.40191977680489,308.15
-9.69018256548746,-11.9199712193431,1.34393630057245,0.3322,0.403004636543488,308.15
-9.691162664849,-11.9194825640746,1.34508294106546,0.3332,0.404088804003891,308.15
-9.69214610660864,-11.9189900305105,1.34623150833993,0.3342,0.405172279848529,308.15
-9.69313285250348,-11.9184936161857,1.34738200717901,0.3352,0.406255064738988,308.15
-9.69412286460289,-11.9179933186467,1.34853444238158,0.3362,0.407337159336011,308.15
-9.69511610515593,-11.9174891354908,1.34968881876218,0.3372,0.408418564299496,308.15
-9.69611253670722,-11.9169810643415,1.35084514115114,0.3382,0.409499280288504,308.15
-9.69711212203072,-11.9164691028508,1.35200341439464,0.3392,0.410579307961254,308.15
-9.69811482412394,-11.9159532487164,1.35316364335472,0.3402,0.411658647975128,308.15
-9.69912060627899,-11.9154334996528,1.35432583290947,0.3412,0.41273730098667,308.15
-9.70012943194011,-11.91490985343,1.3554899879529,0.3422,0.413815267651588,308.15
-9.70114126488719,-11.9143823078269,1.35665611339526,0.3432,0.41489254862476,308.15
-9.70215606906971,-11.913850860675,1.35782421416289,0.3442,0.415969144560225,308.15
-9.70317380863653,-11.9133155098427,1.3589942951983,0.3452,0.417045056111195,308.15
-9.70419444805823,-11.9127762532127,1.36016636146045,0.3462,0.41812028393005,308.15
-9.70521795194393,-11.912233088726,1.36134041792456,0.3472,0.419194828668341,308.15
-9.70624428514114,-11.9116860143524,1.36251646958227,0.3482,0.420268690976793,308.15
-9.70727341274032,-11.9111350280934,1.36369452144181,0.3492,0.421341871505303,308.15
-9.70830530001934,-11.9105801279913,1.36487457852789,0.3502,0.422414370902942,308.15
-9.70933991248406,-11.9100213121246,1.36605664588192,0.3512,0.423486189817961,308.15
-9.71037721582562,-11.9094585786109,1.36724072856196,0.3522,0.424557328897786,308.15
-9.71141717598381,-11.9088919256011,1.36842683164291,0.3532,0.425627788789022,308.15
-9.71245975905077,-11.9083213512907,1.36961496021644,0.3542,0.426697570137455,308.15
-9.71350493137774,-11.9077468539067,1.37080511939121,0.3552,0.427766673588053,308.15
-9.71455265943676,-11.9071684317227,1.37199731429276,0.3562,0.428835099784965,308.15
-9.71560290998857,-11.9065860830431,1.37319155006381,0.3572,0.429902849371526,308.15
-9.7166556499134,-11.9059998062188,1.37438783186411,0.3582,0.430969922990257,308.15
-9.71771084632782,-11.9054095996338,1.37558616487064,0.3592,0.432036321282862,308.15
-9.71876846649004,-11.9048154617236,1.37678655427761,0.3602,0.433102044890238,308.15
-9.71982847790471,-11.9042173909557,1.37798900529663,0.3612,0.434167094452467,308.15
-9.72089084821313,-11.9036153858401,1.37919352315666,0.3622,0.435231470608825,308.15
-9.72195554527292,-11.9030094449282,1.3804001131042,0.3632,0.436295173997777,308.15
-9.72302253709348,-11.9023995668131,1.38160878040324,0.3642,0.437358205256982,308.15
-9.72409179188767,-11.901785750134,1.38281953033545,0.3652,0.438420565023296,308.15
-9.72516327800283,-11.9011679935714,1.38403236820014,0.3662,0.439482253932767,308.15
-9.72623696402298,-11.9005462958426,1.38524729931449,0.3672,0.440543272620641,308.15
-9.72731281863642,-11.8999206557215,1.38646432901343,0.3682,0.441603621721363,308.15
-9.72839081074134,-11.8992910720128,1.38768346264986,0.3692,0.442663301868579,308.15
-9.72947090938777,-11.8986575435744,1.38890470559466,0.3702,0.443722313695131,308.15
-9.73055308381554,-11.8980200693012,1.39012806323684,0.3712,0.444780657833068,308.15
-9.73163730337813,-11.8973786481452,1.39135354098346,0.3722,0.445838334913639,308.15
-9.73272353765112,-11.8967332790897,1.39258114425992,0.3732,0.446895345567299,308.15
-9.73381175633812,-11.8960839611711,1.39381087850984,0.3742,0.447951690423709,308.15
-9.73490192926815,-11.8954306934786,1.39504274919521,0.3752,0.449007370111736,308.15
-9.73599402646789,-11.8947734751421,1.39627676179651,0.3762,0.450062385259456,308.15
-9.73708801811263,-11.8941123053351,1.39751292181276,0.3772,0.451116736494154,308.15
-9.73818387453611,-11.8934471832818,1.39875123476161,0.3782,0.452170424442326,308.15
-9.73928156618819,-11.8927781082617,1.39999170617931,0.3792,0.45322344972968,308.15
-9.74038106370149,-11.8921050795921,1.40123434162098,0.3802,0.454275812981137,308.15
-9.74148233783731,-11.8914280966468,1.40247914666053,0.3812,0.455327514820833,308.15
-9.74258535948971,-11.8907471588476,1.40372612689078,0.3822,0.45637855587212,308.15
-9.74369009973422,-11.8900622656663,1.40497528792364,0.3832,0.457428936757565,308.15
-9.74479652973662,-11.8893734166268,1.40622663538999,0.3842,0.458478658098956,308.15
-9.74590462084887,-11.8886806113002,1.40748017493998,0.3852,0.459527720517298,308.15
-9.74701434453483,-11.8879838493111,1.40873591224297,0.3862,0.460576124632818,308.15
-9.74812567240037,-11.887283130336,1.40999385298764,0.3872,0.461623871064964,308.15
-9.74923857616917,-11.886578454111,1.41125400288206,0.3882,0.462670960432408,308.15
-9.75035302775322,-11.8858698204044,1.41251636765391,0.3892,0.463717393353045,308.15
-9.75146899909271,-11.8851572290701,1.41378095305025,0.3902,0.464763170443997,308.15
-9.75258646239162,-11.8844406799816,1.41504776483803,0.3912,0.465808292321611,308.15
-9.75370538985159,-11.8837201730977,1.41631680880374,0.3922,0.466852759601464,308.15
-9.75482575387981,-11.8829957084114,1.41758809075381,0.3932,0.467896572898359,308.15
-9.7559475270071,-11.8822672859724,1.4188616165146,0.3942,0.468939732826334,308.15
-9.75707068183825,-11.8815349059001,1.42013739193238,0.3952,0.469982239998654,308.15
-9.75819519115686,-11.8807985683581,1.42141542287358,0.3962,0.471024095027818,308.15
-9.75932102781051,-11.8800582735746,1.42269571522474,0.3972,0.472065298525562,308.15
-9.7604481648286,-11.8793140218278,1.42397827489274,0.3982,0.473105851102852,308.15
-9.76157657529646,-11.8785658134635,1.42526310780468,0.3992,0.474145753369894,308.15
-9.76270623246929,-11.8778136488734,1.42655021990821,0.4002,0.475185005936131,308.15
-9.76383710967013,-11.8770575285251,1.42783961717141,0.4012,0.476223609410244,308.15
-9.76496918037724,-11.8762974529248,1.42913130558304,0.4022,0.477261564400154,308.15
-9.76610241814844,-11.8755334226599,1.43042529115247,0.4032,0.478298871513024,308.15
-9.76723679668612,-11.874765438363,1.43172157990995,0.4042,0.479335531355256,308.15
-9.76837228975725,-11.873993500741,1.43302017790648,0.4052,0.480371544532501,308.15
-9.76950887125447,-11.8732176105577,1.4343210912141,0.4062,0.481406911649649,308.15
-9.77064651522463,-11.8724377686299,1.43562432592595,0.4072,0.48244163331084,308.15
-9.77178519573777,-11.8716539758509,1.43692988815617,0.4082,0.483475710119459,308.15
-9.77292488703172,-11.870866233173,1.43823778404027,0.4092,0.484509142678139,308.15
-9.77406556343911,-11.8700745416063,1.43954801973504,0.4102,0.485541931588763,308.15
-9.77520719936911,-11.8692789022328,1.44086060141868,0.4112,0.486574077452465,308.15
-9.77634976932402,-11.8684793162081,1.44217553529084,0.4122,0.48760558086963,308.15
-9.77749324795635,-11.8676757847345,1.4434928275729,0.4132,0.488636442439895,308.15
-9.77863760996709,-11.8668683090977,1.44481248450782,0.4142,0.489666662762152,308.15
-9.77978283020686,-11.8660568906299,1.4461345123605,0.4152,0.490696242434548,308.15
-9.78092888355447,-11.8652415307578,1.44745891741753,0.4162,0.491725182054487,308.15
-9.78207574502268,-11.864422230965,1.4487857059876,0.4172,0.492753482218629,308.15
-9.78322338973362,-11.8635989927908,1.4501148844015,0.4182,0.493781143522894,308.15
-9.78437179287117,-11.8627718178673,1.45144645901212,0.4192,0.494808166562461,308.15
-9.7855209297169,-11.8619407078798,1.45278043619464,0.4202,0.495834551931769,308.15
-9.78667077568644,-11.8611056645865,1.4541168223467,0.4212,0.496860300224521,308.15
-9.78782130619507,-11.8602666898327,1.4554556238882,0.4222,0.497885412033682,308.15
-9.78897249682778,-11.859423785515,1.45679684726179,0.4232,0.498909887951483,308.15
-9.79012432322227,-11.8585769536149,1.45814049893271,0.4242,0.499933728569417,308.15
-9.79127676112545,-11.8577261961791,1.459486585389,0.4252,0.500956934478247,308.15
-9.79242978633275,-11.8568715153403,1.46083511314147,0.4262,0.501979506268003,308.15
-9.79358337474638,-11.8560129133005,1.46218608872396,0.4272,0.503001444527982,308.15
-9.79473750236037,-11.8551503923317,1.46353951869338,0.4282,0.504022749846754,308.15
-9.79589214523982,-11.8542839547874,1.46489540962978,0.4292,0.505043422812158,308.15
-9.79704727950815,-11.8534136031015,1.46625376813641,0.4302,0.506063464011305,308.15
-9.79820288143827,-11.8525393397734,1.46761460084005,0.4312,0.507082874030582,308.15
-9.7993589273122,-11.8516611673924,1.4689779143908,0.4322,0.508101653455648,308.15
-9.80051539351002,-11.8507790886285,1.47034371546236,0.4332,0.509119802871438,308.15
-9.80167225650814,-11.8498931062149,1.47171201075215,0.4342,0.510137322862166,308.15
-9.80282949284843,-11.8490032229839,1.47308280698136,0.4352,0.511154214011321,308.15
-9.80398707914036,-11.8481094418384,1.47445611089503,0.4362,0.512170476901672,308.15
-9.8051449920833,-11.8472117657662,1.47583192926224,0.4372,0.513186112115269,308.15
-9.80630320842507,-11.8463101978405,1.47721026887609,0.4382,0.514201120233443,308.15
-9.80746170503994,-11.8454047412034,1.47859113655403,0.4392,0.515215501836806,308.15
-9.8086204588096,-11.8444953991043,1.47997453913765,0.4402,0.516229257505255,308.15
-9.80977944673316,-11.8435821748579,1.48136048349308,0.4412,0.51724238781797,308.15
-9.81093864586812,-11.8426650718704,1.48274897651094,0.4422,0.518254893353419,308.15
-9.81209803334273,-11.8417440936378,1.4841400251065,0.4432,0.519266774689354,308.15
-9.81325758633909,-11.8408192437405,1.48553363621972,0.4442,0.520278032402818,308.15
-9.81441728211218,-11.839890525849,1.48692981681546,0.4452,0.52128866707014,308.15
-9.81557709800399,-11.8389579437187,1.48832857388357,0.4462,0.52229867926694,308.15
-9.81673701141002,-11.8380215011973,1.48972991443893,0.4472,0.523308069568131,308.15
-9.81789699979709,-11.8370812022155,1.49113384552168,0.4482,0.524316838547914,308.15
-9.81905704069286,-11.836137050806,1.49254037419719,0.4492,0.525324986779788,308.15
-9.82021711167172,-11.8351890510888,1.49394950755624,0.4502,0.526332514836544,308.15
-9.82137719041631,-11.8342372072705,1.49536125271525,0.4512,0.527339423290269,308.15
-9.82253725462361,-11.8332815236605,1.49677561681614,0.4522,0.528345712712346,308.15
-9.8236972821146,-11.8323220046504,1.49819260702677,0.4532,0.529351383673456,308.15
-9.82485725067041,-11.8313586547487,1.49961223054061,0.4542,0.530356436743579,308.15
-9.8260171382462,-11.830391478533,1.50103449457739,0.4552,0.531360872491995,308.15
-9.82717692278275,-11.8294204806983,1.50245940638279,0.4562,0.532364691487284,308.15
-9.82833658231352,-11.8284456660218,1.50388697322878,0.4572,0.53336789429733,308.15
-9.82949609491762,-11.827467039391,1.50531720241365,0.4582,0.534370481489316,308.15
-9.83065543872144,-11.8264846057878,1.50675010126212,0.4592,0.535372453629734,308.15
-9.83181459193889,-11.8254983703009,1.50818567712556,0.4602,0.536373811284378,308.15
-9.83297353283765,-11.8245083380949,1.50962393738205,0.4612,0.537374555018349,308.15
-9.83413223969671,-11.8235145144763,1.51106488943637,0.4622,0.538374685396054,308.15
-9.83529069092166,-11.8225169048177,1.51250854072042,0.4632,0.539374202981213,308.15
-9.8364488648781,-11.8215155146261,1.51395489869293,0.4642,0.540373108336849,308.15
-9.83760674009232,-11.8205103494846,1.5154039708401,0.4652,0.5413714020253,308.15
-9.83876429508549,-11.819501415097,1.51685576467527,0.4662,0.542369084608214,308.15
-9.83992150840452,-11.8184887172849,1.51831028773916,0.4672,0.543366156646553,308.15
-9.84107835873005,-11.8174722619486,1.51976754760026,0.4682,0.544362618700588,308.15
-9.84223482471359,-11.8164520551222,1.52122755185453,0.4692,0.545358471329912,308.15
-9.84339088510604,-11.815428102936,1.52269030812586,0.4702,0.546353715093427,308.15
-9.84454651869268,-11.8144004116385,1.52415582406605,0.4712,0.547348350549356,308.15
-9.84570170431061,-11.8133689875791,1.52562410735498,0.4722,0.548342378255237,308.15
-9.84685642086413,-11.812333837223,1.52709516570072,0.4732,0.54933579876793,308.15
-9.84801064726182,-11.8112949671626,1.52856900683961,0.4742,0.550328612643613,308.15
-9.84916436250995,-11.8102523840799,1.53004563853653,0.4752,0.551320820437783,308.15
-9.85031754563191,-11.8092060947918,1.53152506858486,0.4762,0.552312422705263,308.15
-9.85147017569981,-11.8081561062293,1.53300730480673,0.4772,0.553303420000197,308.15
-9.85262223185613,-11.8071024254262,1.53449235505313,0.4782,0.554293812876053,308.15
-9.85377369324976,-11.8060450595539,1.53598022720396,0.4792,0.555283601885623,308.15
-9.85492453913163,-11.8049840158842,1.53747092916836,0.4802,0.556272787581028,308.15
-9.85607474873567,-11.8039193018263,1.53896446888455,0.4812,0.557261370513713,308.15
-9.85722430138876,-11.8028509248983,1.54046085432026,0.4822,0.558249351234454,308.15
-9.85837317643209,-11.8017788927451,1.54196009347265,0.4832,0.559236730293353,308.15
-9.85952135327199,-11.8007032131362,1.54346219436859,0.4842,0.560223508239846,308.15
-9.86066881135295,-11.7996238939593,1.54496716506472,0.4852,0.561209685622697,308.15
-9.86181553012613,-11.7985409432476,1.5464750136475,0.4862,0.562195262990004,308.15
-9.86296148914656,-11.7974543691346,1.54798574823363,0.4872,0.563180240889197,308.15
-9.86410666799017,-11.7963641798893,1.54949937696994,0.4882,0.564164619867041,308.15
-9.86525104621302,-11.7952703839301,1.55101590803344,0.4892,0.565148400469637,308.15
-9.86639460351635,-11.7941729897718,1.55253534963191,0.4902,0.56613158324242,308.15
-9.8675373195438,-11.7930720060962,1.55405771000348,0.4912,0.567114168730166,308.15
-9.86867917407526,-11.7919674416758,1.5555829974173,0.4922,0.568096157476985,308.15
-9.86982014683518,-11.7908593054626,1.55711122017317,0.4932,0.569077550026329,308.15
-9.87096021763418,-11.7897476065097,1.55864238660208,0.4942,0.570058346920991,308.15
-9.8720993663531,-11.7886323540136,1.56017650506629,0.4952,0.571038548703102,308.15
-9.87323757284797,-11.7875135573155,1.56171358395924,0.4962,0.572018155914138,308.15
-9.87437481704269,-11.7863912258908,1.56325363170591,0.4972,0.572997169094918,308.15
-9.87551107890932,-11.7852653693499,1.56479665676297,0.4982,0.573975588785606,308.15
-9.87664633843571,-11.7841359974491,1.56634266761881,0.4992,0.574953415525708,308.15
-9.87778057565165,-11.783003120087,1.56789167279374,0.5002,0.575930649854079,308.15
-9.8789137706407,-11.7818667472961,1.56944368084023,0.5012,0.576907292308922,308.15
-9.88004590349514,-11.7807268892672,1.57099870034288,0.5022,0.577883343427785,308.15
-9.88117695438244,-11.7795835563243,1.57255673991878,0.5032,0.57885880374757,308.15
-9.88230690343366,-11.7784367589498,1.57411780821738,0.5042,0.579833673804524,308.15
-9.88343573090021,-11.7772865077595,1.57568191392101,0.5052,0.580807954134249,308.15
-9.88456341701201,-11.7761328135334,1.57724906574472,0.5062,0.581781645271698,308.15
-9.8856899420428,-11.7749756871921,1.57881927243655,0.5072,0.582754747751176,308.15
-9.88681528634115,-11.7738151398015,1.58039254277783,0.5082,0.583727262106344,308.15
-9.88793943019876,-11.7726511826069,1.58196888558292,0.5092,0.584699188870217,308.15
-9.88906235404833,-11.7714838269814,1.58354830969994,0.5102,0.585670528575167,308.15
-9.8901840382762,-11.7703130844671,1.58513082401043,0.5112,0.586641281752922,308.15
-9.89130446332554,-11.7691389667616,1.58671643742977,0.5122,0.58761144893457,308.15
-9.89242360970348,-11.7679614857098,1.58830515890735,0.5132,0.588581030650554,308.15
-9.89354145788364,-11.7667806533401,1.58989699742648,0.5142,0.589550027430682,308.15
-9.89465798843259,-11.7655964818206,1.59149196200491,0.5152,0.590518439804119,308.15
-9.89577318190977,-11.7644089834909,1.59309006169471,0.5162,0.591486268299393,308.15
-9.89688701891023,-11.7632181708599,1.59469130558252,0.5172,0.592453513444397,308.15
-9.89799948010578,-11.7620240565821,1.5962957027899,0.5182,0.593420175766386,308.15
-9.89911054612634,-11.7608266535017,1.59790326247309,0.5192,0.594386255791978,308.15
-9.9002201976754,-11.7596259746222,1.59951399382355,0.5202,0.595351754047161,308.15
-9.90132841549293,-11.7584220331129,1.60112790606799,0.5212,0.596316671057285,308.15
-9.9024351803198,-11.7572148423189,1.60274500846847,0.5222,0.597281007347072,308.15
-9.90354047292419,-11.7560044157641,1.60436531032263,0.5232,0.598244763440609,308.15
-9.90464427416012,-11.7547907671278,1.60598882096402,0.5242,0.599207939861355,308.15
-9.90574656481436,-11.7535739102764,1.60761554976186,0.5252,0.600170537132139,308.15
-9.90684732582403,-11.7523538592817,1.60924550612174,0.5262,0.60113255577516,308.15
-9.90794653802859,-11.7511306283408,1.61087869948528,0.5272,0.602093996311991,308.15
-9.90904418238259,-11.7499042318581,1.61251513933072,0.5282,0.603054859263579,308.15
-9.910140239856,-11.7486746844161,1.6141548351729,0.5292,0.604015145150242,308.15
-9.91123469138207,-11.7474420008013,1.61579779656326,0.5302,0.604974854491676,308.15
-9.91232751801945,-11.7462061959453,1.61744403309052,0.5312,0.605933987806953,308.15
-9.91341870077675,-11.7449672850053,1.61909355438029,0.5322,0.606892545614521,308.15
-9.91450822073255,-11.7437252832997,1.62074637009566,0.5332,0.607850528432207,308.15
-9.91559605896908,-11.7424802063513,1.62240248993716,0.5342,0.608807936777216,308.15
-9.91668219660608,-11.7412320698643,1.62406192364304,0.5352,0.609764771166133,308.15
-9.91776661479289,-11.739980889741,1.62572468098943,0.5362,0.610721032114925,308.15
-9.91884929469614,-11.7387266820854,1.62739077179047,0.5372,0.61167672013894,308.15
-9.91993021749192,-11.737469463191,1.62906020589853,0.5382,0.612631835752908,308.15
-9.92100936443371,-11.7362092495396,1.63073299320453,0.5392,0.613586379470943,308.15
-9.92208671675845,-11.7349460578261,1.63240914363788,0.5402,0.614540351806544,308.15
-9.92316225572235,-11.7336799049479,1.63408866716676,0.5412,0.615493753272595,308.15
-9.92423596267033,-11.7324108079866,1.63577157379855,0.5422,0.616446584381367,308.15
-9.92530781885615,-11.7311387842692,1.63745787357943,0.5432,0.617398845644517,308.15
-9.9263778056852,-11.7298638512769,1.63914757659535,0.5442,0.618350537573092,308.15
-9.92744590452292,-11.7285860267301,1.6408406929716,0.5452,0.619301660677525,308.15
-9.92851209675128,-11.7273053285678,1.64253723287322,0.5462,0.620252215467644,308.15
-9.92957636378941,-11.7260217749192,1.64423720650521,0.5472,0.621202202452661,308.15
-9.93063868710983,-11.7247353841338,1.64594062411281,0.5482,0.622151622141188,308.15
-9.9316990481428,-11.7234461747905,1.64764749598138,0.5492,0.623100475041222,308.15
-9.93275742843658,-11.7221541656581,1.64935783243714,0.5502,0.624048761660159,308.15
-9.93381380949141,-11.7208593757459,1.65107164384676,0.5512,0.624996482504788,308.15
-9.93486817283708,-11.7195618242875,1.65278894061791,0.5522,0.625943638081291,308.15
-9.93592050004598,-11.7182615307289,1.65450973319941,0.5532,0.626890228895251,308.15
-9.93697077274407,-11.7169585147276,1.65623403208155,0.5542,0.627836255451645,308.15
-9.93801897251165,-11.715652796205,1.65796184779589,0.5552,0.628781718254848,308.15
-9.93906508097874,-11.7143443952909,1.65969319091585,0.5562,0.629726617808636,308.15
-9.94010907982396,-11.7130333323399,1.66142807205686,0.5572,0.630670954616183,308.15
-9.94115095074616,-11.7117196279371,1.6631665018765,0.5582,0.631614729180066,308.15
-9.94219067546315,-11.710403302912,1.66490849107471,0.5592,0.632557942002261,308.15
-9.94322823567781,-11.7090843783437,1.66665405039385,0.5602,0.633500593584149,308.15
-9.94426361318784,-11.7077628755128,1.66840319061931,0.5612,0.634442684426513,308.15
-9.94529678970632,-11.7064388159986,1.67015592257911,0.5622,0.635384215029542,308.15
-9.94632774709124,-11.7051122215633,1.67191225714489,0.5632,0.636325185892828,308.15
-9.94735646716373,-11.7037831142406,1.6736722052315,0.5642,0.637265597515372,308.15
-9.94838293176319,-11.7024515163126,1.67543577779742,0.5652,0.638205450395578,308.15
-9.94940712276694,-11.7011174503115,1.67720298584503,0.5662,0.639144745031263,308.15
-9.95042902206548,-11.6997809390179,1.67897384042073,0.5672,0.640083481919648,308.15
-9.95144861158008,-11.6984420054665,1.68074835261525,0.5682,0.641021661557367,308.15
-9.95246587325314,-11.6971006729455,1.68252653356382,0.5692,0.641959284440463,308.15
-9.95348078904892,-11.6957569649992,1.6843083944464,0.5702,0.642896351064392,308.15
-9.95449334095843,-11.694410905436,1.68609394648792,0.5712,0.64383286192402,308.15
-9.95550351097326,-11.6930625183359,1.6878832009584,0.5722,0.644768817513627,308.15
-9.95651128114936,-11.6917118280241,1.68967616917341,0.5732,0.645704218326908,308.15
-9.95751663355685,-11.6903588590924,1.69147286249415,0.5742,0.646639064856973,308.15
-9.95851955022913,-11.6890036364337,1.69327329232742,0.5752,0.647573357596345,308.15
-9.95952001330059,-11.6876461851724,1.69507747012643,0.5762,0.648507097036968,308.15
-9.96051800488078,-11.6862865307312,1.69688540739052,0.5772,0.649440283670199,308.15
-9.96151350714049,-11.6849246987987,1.69869711566571,0.5782,0.650372917986817,308.15
-9.96250650222888,-11.6835607153463,1.70051260654469,0.5792,0.651305000477019,308.15
-9.96349697236594,-11.6821946066166,1.7023318916673,0.5802,0.652236531630421,308.15
-9.96448489974449,-11.6808263991502,1.70415498272048,0.5812,0.65316751193606,308.15
-9.96547026660869,-11.679456119771,1.70598189143876,0.5822,0.654097941882398,308.15
-9.96645305524437,-11.6780837955736,1.70781262960449,0.5832,0.655027821957316,308.15
-9.96743324789738,-11.6767094539719,1.70964720904776,0.5842,0.655957152648119,308.15
-9.96841082692801,-11.6753331226368,1.7114856416472,0.5852,0.656885934441539,308.15
-9.9693857746569,-11.6739548295589,1.71332793932969,0.5862,0.65781416782373,308.15
-9.97035807340141,-11.6725746030417,1.71517411407072,0.5872,0.658741853280273,308.15
-9.97132770560952,-11.6711924716376,1.71702417789515,0.5882,0.659668991296177,308.15
-9.97229465364704,-11.6698084642557,1.7188781428766,0.5892,0.660595582355879,308.15
-9.97325889993935,-11.6684226100798,1.72073602113835,0.5902,0.661521626943242,308.15
-9.9742204269508,-11.6670349386214,1.72259782485338,0.5912,0.662447125541561,308.15
-9.97517921715855,-11.6656454796784,1.72446356624463,0.5922,0.66337207863356,308.15
-9.97613525305936,-11.6642542633894,1.72633325758522,0.5932,0.664296486701394,308.15
-9.97708851718622,-11.6628613201822,1.72820691119878,0.5942,0.665220350226652,308.15
-9.97803899211041,-11.6614666808141,1.73008453945975,0.5952,0.666143669690352,308.15
-9.97898666034259,-11.6600703763939,1.73196615479319,0.5962,0.66706644557295,308.15
-9.97993150455166,-11.6586724382992,1.73385176967596,0.5972,0.667988678354333,308.15
-9.980873507324,-11.6572728982743,1.73574139663598,0.5982,0.668910368513825,308.15
-9.98181265130427,-11.6558717883882,1.73763504825311,0.5992,0.669831516530185,308.15
-9.98274891919142,-11.6544691410307,1.73953273715932,0.6002,0.670752122881611,308.15
-9.98368229368372,-11.653064988921,1.74143447603885,0.6012,0.671672188045736,308.15
-9.98461275748804,-11.6516593651465,1.74334027762836,0.6022,0.672591712499634,308.15
-9.98554029336488,-11.6502523031106,1.74525015471755,0.6032,0.673510696719817,308.15
-9.98646488410505,-11.648843836564,1.74716412014919,0.6042,0.674429141182238,308.15
-9.98738651246117,-11.6474339996304,1.74908218681923,0.6052,0.675347046362291,308.15
-9.98830516131799,-11.6460228267348,1.75100436767768,0.6062,0.67626441273481,308.15
-9.98922081350935,-11.644610352695,1.75293067572822,0.6072,0.677181240774075,308.15
-9.99013345190366,-11.6431966126776,1.75486112402873,0.6082,0.678097530953808,308.15
-9.99104305944315,-11.6417816421824,1.75679572569183,0.6092,0.679013283747174,308.15
-9.99194961904042,-11.6403654771138,1.75873449388466,0.6102,0.679928499626785,308.15
-9.99285311364354,-11.6389481537171,1.76067744182948,0.6112,0.680843179064699,308.15
-9.99375352628397,-11.6375297085918,1.76262458280414,0.6122,0.681757322532419,308.15
-9.99465083994608,-11.6361101787383,1.76457593014181,0.6132,0.682670930500897,308.15
-9.99554503768788,-11.634689601519,1.76653149723177,0.6142,0.683584003440534,308.15
-9.99643610259105,-11.6332680146672,1.76849129751951,0.6152,0.684496541821179,308.15
-9.99732401774811,-11.631845456313,1.77045534450695,0.6162,0.685408546112131,308.15
-9.99820876627677,-11.6304219649568,1.77242365175284,0.6172,0.68632001678214,308.15
-9.99909033138113,-11.6289975794874,1.77439623287323,0.6182,0.687230954299408,308.15
-9.99996869620905,-11.6275723391994,1.77637310154122,0.6192,0.688141359131589,308.15
-10.0008438440049,-11.6261462837587,1.77835427148792,0.6202,0.689051231745791,308.15
-10.0017157579917,-11.6247194532562,1.78033975650219,0.6212,0.689960572608575,308.15
-10.0025844214731,-11.623291888157,1.78232957043145,0.6222,0.690869382185958,308.15
-10.0034498177834,-11.6218636293261,1.78432372718171,0.6232,0.691777660943411,308.15
-10.0043119302036,-11.6204347180884,1.78632224071752,0.6242,0.692685409345863,308.15
-10.0051707421512,-11.6190051961162,1.78832512506316,0.6252,0.693592627857699,308.15
-10.0060262370013,-11.6175751055435,1.79033239430209,0.6262,0.694499316942762,308.15
-10.0068783982216,-11.616144488886,1.79234406257791,0.6272,0.695405477064356,308.15
-10.0077272092742,-11.6147133890996,1.79436014409422,0.6282,0.696311108685241,308.15
-10.0085726536307,-11.6132818495811,1.796380653115,0.6292,0.697216212267641,308.15
-10.0094147148322,-11.6118499141408,1.79840560396519,0.6302,0.698120788273238,308.15
-10.0102533764905,-11.6104176269911,1.80043501103104,0.6312,0.699024837163178,308.15
-10.0110886221464,-11.6089850328446,1.80246888875976,0.6322,0.699928359398069,308.15
-10.0119204354744,-11.607552176799,1.80450725166081,0.6332,0.700831355437982,308.15
-10.0127488001248,-11.6061191044297,1.80655011430546,0.6342,0.701733825742453,308.15
-10.0135736998187,-11.604685861737,1.80859749132757,0.6352,0.702635770770483,308.15
-10.0143951182843,-11.6032524951879,1.81064939742368,0.6362,0.703537190980539,308.15
-10.0152130392757,-11.6018190517181,1.8127058473533,0.6372,0.704438086830555,308.15
-10.0160274466353,-11.6003855786772,1.81476685593969,0.6382,0.70533845877793,308.15
-10.0168383242237,-11.5989521239068,1.81683243806975,0.6392,0.706238307279534,308.15
-10.0176456558733,-11.5975187357412,1.81890260869418,0.6402,0.707137632791704,308.15
-10.0184494255542,-11.5960854629283,1.82097738282863,0.6412,0.708036435770248,308.15
-10.0192496172022,-11.5946523547384,1.82305677555317,0.6422,0.708934716670445,308.15
-10.0200462148107,-11.5932194609083,1.82514080201312,0.6432,0.709832475947043,308.15
-10.0208392024301,-11.5917868316395,1.82722947741936,0.6442,0.710729714054263,308.15
-10.0216285641499,-11.5903545176401,1.82932281704862,0.6452,0.711626431445801,308.15
-10.0224142840581,-11.5889225701119,1.8314208362436,0.6462,0.712522628574822,308.15
-10.0231963463194,-11.587491040743,1.83352355041375,0.6472,0.71341830589397,308.15
-10.0239747351322,-11.5860599817295,1.83563097503535,0.6482,0.714313463855361,308.15
-10.0247494347629,-11.5846294457438,1.83774312565212,0.6492,0.715208102910589,308.15
-10.0255204294488,-11.5831994859877,1.83986001787507,0.6502,0.716102223510721,308.15
-10.0262877035592,-11.5817701562453,1.8419816673834,0.6512,0.716995826106306,308.15
-10.0270512414091,-11.5803415106798,1.84410808992459,0.6522,0.717888911147368,308.15
-10.0278110274474,-11.5789136040646,1.846239301315,0.6532,0.718781479083411,308.15
-10.0285670460946,-11.5774864916931,1.84837531743979,0.6542,0.719673530363418,308.15
-10.029319281906,-11.576060229349,1.85051615425406,0.6552,0.720565065435854,308.15
-10.0300677193583,-11.5746348734121,1.85266182778212,0.6562,0.721456084748661,308.15
-10.0308123430886,-11.5732104807528,1.85481235411904,0.6572,0.722346588749269,308.15
-10.0315531377157,-11.5717871088026,1.85696774943023,0.6582,0.723236577884585,308.15
-10.0322900879166,-11.570364815551,1.85912802995207,0.6592,0.724126052601003,308.15
-10.0330231784305,-11.568943659523,1.86129321199244,0.6602,0.725015013344399,308.15
-10.0337523940607,-11.5675236998084,1.86346331193099,0.6612,0.725903460560135,308.15
-10.0344777195922,-11.56610499607,1.86563834621926,0.6622,0.726791394693058,308.15
-10.0351991399268,-11.5646876085292,1.86781833138159,0.6632,0.727678816187502,308.15
-10.0359166399845,-11.5632715979844,1.87000328401513,0.6642,0.728565725487288,308.15
-10.0366302047474,-11.5618570258111,1.87219322079041,0.6652,0.729452123035724,308.15
-10.0373398192629,-11.5604439539487,1.87438815845178,0.6662,0.730338009275607,308.15
-10.0380454685914,-11.5590324449583,1.87658811381749,0.6672,0.731223384649225,308.15
-10.038747137908,-11.5576225619552,1.87879310378067,0.6682,0.732108249598351,308.15
-10.0394448123321,-11.5562143687167,1.88100314530881,0.6692,0.732992604564256,308.15
-10.0401384771847,-11.5548079295338,1.88321825544555,0.6702,0.733876449987696,308.15
-10.0408281177204,-11.5534033093757,1.88543845130966,0.6712,0.734759786308924,308.15
-10.0415137193169,-11.5520005737858,1.88766375009645,0.6722,0.735642613967682,308.15
-10.0421952673741,-11.5505997889565,1.88989416907763,0.6732,0.736524933403209,308.15
-10.0428727473707,-11.5492010216758,1.8921297256021,0.6742,0.737406745054236,308.15
-10.0435461448407,-11.5478043393765,1.89437043709614,0.6752,0.738288049358991,308.15
-10.0442154453542,-11.5464098101231,1.89661632106384,0.6762,0.739168846755197,308.15
-10.0448806345799,-11.5450175026095,1.89886739508778,0.6772,0.740049137680074,308.15
-10.0455416982317,-11.5436274861897,1.90112367682919,0.6782,0.740928922570338,308.15
-10.0461986220411,-11.5422398308736,1.90338518402825,0.6792,0.741808201862205,308.15
-10.0468513918868,-11.5408546072929,1.90565193450522,0.6802,0.742686975991389,308.15
-10.0474999936711,-11.5394718867633,1.90792394616019,0.6812,0.743565245393102,308.15
-10.048144413297,-11.5380917413019,1.9102012369734,0.6822,0.744443010502059,308.15
-10.0487846368589,-11.5367142435234,1.91248382500676,0.6832,0.745320271752474,308.15
-10.049420650384,-11.5353394668072,1.91477172840279,0.6842,0.746197029578062,308.15
-10.0500524400886,-11.5339674851402,1.91706496538657,0.6852,0.747073284412044,308.15
-10.0506799921862,-11.5325983732356,1.91936355426509,0.6862,0.747949036687139,308.15
-10.0513032929405,-11.5312322065237,1.921667513428,0.6872,0.748824286835574,308.15
-10.0519223287542,-11.5298690610945,1.92397686134854,0.6882,0.749699035289078,308.15
-10.0525370860588,-11.5285090137693,1.92629161658342,0.6892,0.750573282478886,308.15
-10.0531475513375,-11.5271521420985,1.92861179777339,0.6902,0.75144702883574,308.15
-10.0537537111981,-11.525798524312,1.93093742364413,0.6912,0.752320274789886,308.15
-10.0543555522983,-11.5244482393924,1.93326851300628,0.6922,0.75319302077108,308.15
-10.0549530613337,-11.5231013670779,1.93560508475582,0.6932,0.754065267208585,308.15
-10.0555462251251,-11.5217579878079,1.93794715787509,0.6942,0.754937014531172,308.15
-10.0561350305855,-11.5204181827564,1.9402947514331,0.6952,0.755808263167122,308.15
-10.0567194646261,-11.519082033918,1.94264788458533,0.6962,0.756679013544227,308.15
-10.0572995143222,-11.5177496239611,1.94500657657537,0.6972,0.757549266089789,308.15
-10.0578751667607,-11.5164210363908,1.94737084673434,0.6982,0.758419021230621,308.15
-10.0584464091737,-11.5150963554221,1.94974071448229,0.6992,0.75928827939305,308.15
-10.0590132288266,-11.513775666097,1.95211619932795,0.7002,0.760157041002913,308.15
-10.0595756130818,-11.5124590542196,1.95449732086966,0.7012,0.761025306485564,308.15
-10.0601335494102,-11.5111466063747,1.9568840987959,0.7022,0.761893076265869,308.15
-10.0606870253063,-11.509838409982,1.95927655288531,0.7032,0.76276035076821,308.15
-10.06123602841,-11.5085345532386,1.96167470300788,0.7042,0.763627130416485,308.15
-10.0617805464603,-11.5072351251332,1.96407856912525,0.7052,0.764493415634107,308.15
-10.0623205672344,-11.5059402155178,1.96648817129079,0.7062,0.765359206844007,308.15
-10.0628560786152,-11.5046499150443,1.96890352965058,0.7072,0.766224504468634,308.15
-10.0633870685738,-11.5033643152164,1.97132466444378,0.7082,0.767089308929956,308.15
-10.0639135252246,-11.5020835083362,1.97375159600349,0.7092,0.767953620649458,308.15
-10.0644354367165,-11.5008075876008,1.97618434475662,0.7102,0.768817440048147,308.15
-10.0649527913006,-11.4995366470376,1.97862293122487,0.7112,0.769680767546549,308.15
-10.0654655773454,-11.4982707815474,1.98106737602525,0.7122,0.770543603564713,308.15
-10.0659737833262,-11.4970100868738,1.98351769987071,0.7132,0.771405948522208,308.15
-10.0664773977768,-11.4957546596674,1.98597392357022,0.7142,0.772267802838126,308.15
-10.0669764093666,-11.4945045974523,1.98843606802989,0.7152,0.773129166931084,308.15
-10.0674708068666,-11.4932599986327,1.99090415425327,0.7162,0.77399004121922,308.15
-10.0679605791266,-11.4920209625243,1.99337820334178,0.7172,0.774850426120199,308.15
-10.0684457151246,-11.4907875893542,1.99585823649551,0.7182,0.77571032205121,308.15
-10.0689262039455,-11.4895599802448,1.99834427501374,0.7192,0.776569729428968,308.15
-10.0694020347595,-11.4883382372608,2.00083634029528,0.7202,0.777428648669716,308.15
-10.069873196881,-11.4871224633742,2.00333445383945,0.7212,0.778287080189222,308.15
-10.070339679713,-11.4859127625126,2.00583863724629,0.7222,0.779145024402783,308.15
-10.0708014727454,-11.4847092395605,2.0083489122171,0.7232,0.780002481725227,308.15
-10.0712585656189,-11.4835120003387,2.01086530055546,0.7242,0.780859452570907,308.15
-10.0717109481071,-11.4823211516128,2.01338782416765,0.7252,0.781715937353709,308.15
-10.0721586100371,-11.4811368011727,2.01591650506274,0.7262,0.782571936487048,308.15
-10.0726015413968,-11.4799590577411,2.01845136535389,0.7272,0.783427450383871,308.15
-10.0730397323328,-11.4787880310198,2.02099242725891,0.7282,0.784282479456658,308.15
-10.0734731730256,-11.4776238317539,2.02353971310003,0.7292,0.78513702411742,308.15
-10.0739018538256,-11.4764665716597,2.02609324530542,0.7302,0.785991084777702,308.15
-10.0743257652257,-11.4753163634616,2.02865304640957,0.7312,0.786844661848583,308.15
-10.0747448977896,-11.4741733209515,2.03121913905342,0.7322,0.787697755740675,308.15
-10.0751592423048,-11.4730375588631,2.03379154598608,0.7332,0.788550366864129,308.15
-10.0755687895754,-11.4719091930646,2.03637029006393,0.7342,0.789402495628628,308.15
-10.0759735306044,-11.4707883404185,2.03895539425254,0.7352,0.790254142443393,308.15
-10.0763734565394,-11.4696751188403,2.04154688162691,0.7362,0.791105307717184,308.15
-10.0767685586131,-11.4685696473468,2.04414477537168,0.7372,0.791955991858296,308.15
-10.0771588282309,-11.4674720460033,2.04674909878237,0.7382,0.792806195274564,308.15
-10.0775442569265,-11.4663824359623,2.0493598752657,0.7392,0.793655918373363,308.15
-10.0779248363768,-11.4653009394682,2.05197712834036,0.7402,0.794505161561606,308.15
-10.0783005584206,-11.4642276798699,2.05460088163772,0.7412,0.795353925245747,308.15
-10.0786714149777,-11.4631627816555,2.05723115890197,0.7422,0.796202209831782,308.15
-10.0790373982154,-11.4621063703735,2.05986798399193,0.7432,0.797050015725249,308.15
-10.079398500352,-11.4610585727591,2.06251138088032,0.7442,0.797897343331228,308.15
-10.0797547137961,-11.4600195166736,2.06516137365535,0.7452,0.79874419305434,308.15
-10.0801060311574,-11.4589893310979,2.06781798652152,0.7462,0.799590565298752,308.15
-10.0804524450931,-11.4579681462306,2.07048124379922,0.7472,0.800436460468177,308.15
-10.0807939485092,-11.4569560933948,2.07315116992674,0.7482,0.801281878965868,308.15
-10.0811305344315,-11.4559533051016,2.07582778946014,0.7492,0.802126821194629,308.15
-10.0814621960733,-11.4549599150521,2.07851112707431,0.7502,0.802971287556806,308.15
-10.0817889267697,-11.4539760581702,2.08120120756325,0.7512,0.803815278454295,308.15
-10.0821107200346,-11.4530018705746,2.08389805584117,0.7522,0.804658794288538,308.15
-10.082427569578,-11.452037489591,2.08660169694328,0.7532,0.805501835460526,308.15
-10.082739469259,-11.4510830537824,2.08931215602618,0.7542,0.806344402370798,308.15
-10.0830464131005,-11.4501387029696,2.09202945836863,0.7552,0.807186495419442,308.15
-10.0833483953035,-11.449204578226,2.09475362937238,0.7562,0.808028115006099,308.15
-10.0836454102512,-11.4482808218547,2.09748469456299,0.7572,0.808869261529957,308.15
-10.0839374524827,-11.4473675774932,2.10022267959018,0.7582,0.809709935389757,308.15
-10.0842245167608,-11.4464649899996,2.10296761022924,0.7592,0.810550136983793,308.15
-10.0845065980186,-11.4455732055394,2.10571951238128,0.7602,0.811389866709911,308.15
-10.0847836913336,-11.444692371628,2.10847841207371,0.7612,0.812229124965509,308.15
-10.085055792024,-11.4438226370568,2.11124433546181,0.7622,0.81306791214754,308.15
-10.0853228955701,-11.4429641519545,2.11401730882884,0.7632,0.813906228652511,308.15
-10.0855849976674,-11.4421170677924,2.11679735858712,0.7642,0.814744074876486,308.15
-10.0858420941651,-11.4412815373943,2.11958451127846,0.7652,0.815581451215082,308.15
-10.0860941811286,-11.4404577149745,2.12237879357519,0.7662,0.816418358063474,308.15
-10.0863412548624,-11.4396457560599,2.12518023228133,0.7672,0.817254795816393,308.15
-10.0865833118151,-11.4388458176133,2.12798885433246,0.7682,0.818090764868129,308.15
-10.0868203486815,-11.438058057978,2.13080468679732,0.7692,0.818926265612529,308.15
-10.0870523623682,-11.4372826368967,2.13362775687833,0.7702,0.819761298443,308.15
-10.0872793499451,-11.4365197155664,2.13645809191203,0.7712,0.820595863752507,308.15
-10.0875013087347,-11.4357694565881,2.1392957193705,0.7722,0.821429961933576,308.15
-10.0877182363001,-11.4350320240047,2.1421406668621,0.7732,0.822263593378295,308.15
-10.0879301303553,-11.4343075833461,2.14499296213156,0.7742,0.82309675847831,308.15
-10.0881369888809,-11.4335963015958,2.14785263306168,0.7752,0.823929457624832,308.15
-10.0883388100985,-11.432898347254,2.15071970767378,0.7762,0.824761691208633,308.15
-10.0885355923713,-11.4322138901811,2.15359421412849,0.7772,0.825593459620048,308.15
-10.0887273344128,-11.4315431019529,2.15647618072675,0.7782,0.826424763248978,308.15
-10.088914035118,-11.4308861555055,2.15936563591077,0.7792,0.827255602484885,308.15
-10.0890956935857,-11.4302432253867,2.16226260826424,0.7802,0.828085977716799,308.15
-10.0892723091733,-11.4296144876693,2.16516712651386,0.7812,0.828915889333314,308.15
-10.0894438815007,-11.4290001199823,2.16807921953009,0.7822,0.829745337722591,308.15
-10.0896104104277,-11.4284003015279,2.17099891632791,0.7832,0.830574323272355,308.15
-10.089771896049,-11.4278152130951,2.1739262460676,0.7842,0.831402846369904,308.15
-10.0899283387147,-11.4272450370826,2.17686123805573,0.7852,0.832230907402098,308.15
-10.0900797390506,-11.426689957483,2.17980392174627,0.7862,0.83305850675537,308.15
-10.0902260979255,-11.4261501599157,2.18275432674112,0.7872,0.83388564481572,308.15
-10.0903674164404,-11.4256258316845,2.18571248279089,0.7882,0.834712321968719,308.15
-10.090503696022,-11.4251171616839,2.18867841979661,0.7892,0.835538538599507,308.15
-10.0906349383195,-11.424624340516,2.19165216780974,0.7902,0.836364295092796,308.15
-10.0907611452601,-11.4241475604574,2.19463375703351,0.7912,0.837189591832869,308.15
-10.090882319064,-11.4236870154742,2.19762321782393,0.7922,0.838014429203583,308.15
-10.0909984622222,-11.423242901242,2.20062058069054,0.7932,0.838838807588365,308.15
-10.0911095774964,-11.4228154151747,2.2036258762973,0.7942,0.839662727370218,308.15
-10.0912156679293,-11.422404756424,2.20663913546362,0.7952,0.840486188931717,308.15
-10.0913167368873,-11.422011125868,2.20966038916561,0.7962,0.841309192655013,308.15
-10.0914127879828,-11.4216347261909,2.21268966853635,0.7972,0.842131738921831,308.15
-10.0915038251806,-11.4212757618336,2.21572700486772,0.7982,0.842953828113473,308.15
-10.0915898527044,-11.4209344390271,2.21877242961065,0.7992,0.843775460610816,308.15
-10.0916708750705,-11.4206109658665,2.22182597437617,0.8002,0.844596636794316,308.15
-10.0917468971415,-11.4203055522189,2.22488767093698,0.8012,0.845417357044003,308.15
-10.0918179240561,-11.420018409827,2.22795755122774,0.8022,0.846237621739489,308.15
-10.0918839613183,-11.4197497522588,2.23103564734678,0.8032,0.847057431259962,308.15
-10.0919450146836,-11.4194997950122,2.23412199155615,0.8042,0.847876785984191,308.15
-10.0920010902796,-11.4192687554307,2.23721661628358,0.8052,0.848695686290524,308.15
-10.0920521945371,-11.419056852774,2.24031955412296,0.8062,0.849514132556889,308.15
-10.092098334241,-11.4188643082208,2.24343083783566,0.8072,0.850332125160796,308.15
-10.0921395164906,-11.4186913448971,2.24655050035124,0.8082,0.851149664479337,308.15
-10.0921757487103,-11.4185381878875,2.24967857476857,0.8092,0.851966750889184,308.15
-10.092207038744,-11.418405064198,2.2528150943576,0.8102,0.852783384766594,308.15
-10.0922333946774,-11.4182922028968,2.25596009255889,0.8112,0.853599566487406,308.15
-10.0922548249892,-11.418199835019,2.25911360298593,0.8122,0.854415296427045,308.15
-10.0922713385662,-11.4181281935854,2.26227565942628,0.8132,0.855230574960516,308.15
-10.0922829446056,-11.4180775136963,2.26544629584177,0.8142,0.856045402462415,308.15
-10.0922896526819,-11.4180480324671,2.26862554637021,0.8152,0.856859779306919,308.15
-10.0922914726826,-11.4180399891698,2.27181344532566,0.8162,0.857673705867794,308.15
-10.092288414972,-11.4180536250499,2.2750100272012,0.8172,0.85848718251839,308.15
-10.0922804902112,-11.4180891835249,2.27821532666824,0.8182,0.859300209631648,308.15
-10.0922677095102,-11.4181469100938,2.28142937857896,0.8192,0.860112787580093,308.15
-10.0922500843134,-11.418227052426,2.2846522179664,0.8202,0.860924916735843,308.15
-10.0922276264541,-11.4183298603439,2.28788388004605,0.8212,0.8617365974706,308.15
-10.0922003482111,-11.4184555858326,2.29112440021734,0.8222,0.862547830155659,308.15
-10.0921682622387,-11.4186044830525,2.2943738140643,0.8232,0.863358615161905,308.15
-10.0921313815775,-11.4187768084081,2.29763215735661,0.8242,0.864168952859813,308.15
-10.0920897197286,-11.4189728204988,2.3008994660514,0.8252,0.864978843619449,308.15
-10.0920432905308,-11.4191927802169,2.30417577629333,0.8262,0.865788287810472,308.15
-10.0919921083551,-11.4194369506462,2.30746112441744,0.8272,0.866597285802132,308.15
-10.0919361878889,-11.4197055972219,2.31075554694834,0.8282,0.867405837963274,308.15
-10.0918755443435,-11.4199989876208,2.31405908060322,0.8292,0.868213944662334,308.15
-10.0918101933024,-11.4203173918793,2.31737176229165,0.8302,0.869021606267345,308.15
-10.0917401508057,-11.4206610823789,2.32069362911742,0.8312,0.869828823145933,308.15
-10.0916654333938,-11.4210303337835,2.32402471838033,0.8322,0.870635595665318,308.15
-10.0915860579653,-11.4214254232427,2.32736506757573,0.8332,0.871441924192319,308.15
-10.0915020419629,-11.4218466302108,2.33071471439772,0.8342,0.87224780909335,308.15
-10.091413403252,-11.4222942365987,2.33407369673899,0.8352,0.87305325073442,308.15
-10.0913201601429,-11.4227685267597,2.33744205269238,0.8362,0.873858249481138,308.15
-10.0912223315032,-11.4232697874435,2.34081982055307,0.8372,0.87466280569871,308.15
-10.0911199365936,-11.423798307943,2.34420703881819,0.8382,0.875466919751941,308.15
-10.0910129952228,-11.4243543799932,2.3476037461896,0.8392,0.876270592005235,308.15
-10.090901527646,-11.4249382978684,2.35100998157411,0.8402,0.877073822822595,308.15
-10.0907855546422,-11.4255503583527,2.35442578408548,0.8412,0.877876612567625,308.15
-10.0906650974844,-11.4261908608098,2.35785119304528,0.8422,0.87867896160353,308.15
-10.0905401779759,-11.4268601071423,2.36128624798458,0.8432,0.879480870293115,308.15
-10.0904108184161,-11.4275584018614,2.36473098864489,0.8442,0.880282338998789,308.15
-10.0902770416173,-11.4282860521033,2.36818545497951,0.8452,0.881083368082561,308.15
-10.0901388709615,-11.4290433676058,2.37164968715539,0.8462,0.881883957906044,308.15
-10.0899963303017,-11.4298306608089,2.37512372555344,0.8472,0.882684108830456,308.15
-10.0898494440822,-11.4306482467749,2.37860761077108,0.8482,0.883483821216617,308.15
-10.0896982372986,-11.4314964432859,2.38210138362295,0.8492,0.884283095424953,308.15
-10.0895427354298,-11.4323755708637,2.38560508514174,0.8502,0.885081931815493,308.15
-10.0893829646092,-11.4332859527161,2.38911875658111,0.8512,0.885880330747874,308.15
-10.0892189514849,-11.434227914843,2.39264243941559,0.8522,0.886678292581339,308.15
-10.0890507232527,-11.435201786048,2.39617617534227,0.8532,0.887475817674736,308.15
-10.0888783077565,-11.4362078978643,2.39972000628323,0.8542,0.888272906386522,308.15
-10.0887017333864,-11.4372465847073,2.40327397438565,0.8552,0.889069559074762,308.15
-10.0885210290799,-11.4383181838625,2.40683812202334,0.8562,0.889865776097127,308.15
-10.0883362244799,-11.4394230353824,2.41041249179972,0.8572,0.8906615578109,308.15
-10.0881473497804,-11.4405614822849,2.41399712654745,0.8582,0.891456904572972,308.15
-10.0879544357575,-11.4417338704915,2.41759206933031,0.8592,0.892251816739842,308.15
-10.0877575138566,-11.4429405488319,2.42119736344534,0.8602,0.893046294667624,308.15
-10.0875566161068,-11.4441818691341,2.4248130524234,0.8612,0.893840338712039,308.15
-10.0873517752256,-11.4454581861456,2.42843918003171,0.8622,0.894633949228421,308.15
-10.0871430245397,-11.4467698576426,2.43207579027433,0.8632,0.895427126571717,308.15
-10.0869303980327,-11.4481172444343,2.43572292739411,0.8642,0.896219871096485,308.15
-10.0867139303622,-11.4495007103329,2.4393806358744,0.8652,0.897012183156898,308.15
-10.0864936568249,-11.4509206222628,2.44304896043993,0.8662,0.89780406310674,308.15
-10.0862696134029,-11.452377350211,2.44672794605888,0.8672,0.898595511299412,308.15
-10.0860418367401,-11.4538712673066,2.45041763794398,0.8682,0.899386528087929,308.15
-10.0858103642112,-11.4554027497665,2.45411808155481,0.8692,0.90017711382492,308.15
-10.0855752338098,-11.4569721770339,2.45782932259797,0.8702,0.900967268862631,308.15
-10.0853364843561,-11.458579931635,2.46155140703086,0.8712,0.901756993552924,308.15
-10.0850941552913,-11.4602263994073,2.46528438106074,0.8722,0.902546288247278,308.15
-10.0848482867202,-11.4619119693051,2.46902829114741,0.8732,0.903335153296788,308.15
-10.0845989196141,-11.4636370336649,2.47278318400551,0.8742,0.904123589052169,308.15
-10.0843460956166,-11.4654019879826,2.47654910660532,0.8752,0.904911595863753,308.15
-10.084089857097,-11.4672072311134,2.48032610617412,0.8762,0.905699174081491,308.15
-10.083830247229,-11.469053165173,2.48411423019882,0.8772,0.906486324054955,308.15
-10.0835673098834,-11.470940195693,2.48791352642615,0.8782,0.907273046133334,308.15
-10.0833010897026,-11.4728687315797,2.49172404286504,0.8792,0.908059340665441,308.15
-10.0830316322006,-11.4748391850106,2.49554582778957,0.8802,0.908845207999706,308.15
-10.0827589835861,-11.476851971696,2.4993789297381,0.8812,0.909630648484184,308.15
-10.0824831908744,-11.4789075107589,2.5032233975164,0.8822,0.91041566246655,308.15
-10.0822043019211,-11.4810062247509,2.50707928019951,0.8832,0.911200250294103,308.15
-10.0819223653754,-11.4831485397351,2.51094662713275,0.8842,0.911984412313764,308.15
-10.0816374307049,-11.4853348852833,2.51482548793363,0.8852,0.912768148872076,308.15
-10.0813495482073,-11.4875656944869,2.51871591249364,0.8862,0.91355146031521,308.15
-10.0810587690523,-11.4898414039967,2.52261795098018,0.8872,0.914334346988958,308.15
-10.0807651451812,-11.4921624540721,2.52653165383716,0.8882,0.91511680923874,308.15
-10.0804687295182,-11.4945292885113,2.53045707178894,0.8892,0.915898847409597,308.15
-10.0801695757398,-11.4969423548064,2.53439425583939,0.8902,0.916680461846202,308.15
-10.0798677384487,-11.4994021040856,2.53834325727542,0.8912,0.91746165289285,308.15
-10.0795632731724,-11.5019089910804,2.54230412766887,0.8922,0.918242420893465,308.15
-10.0792562362505,-11.5044634743301,2.54627691887642,0.8932,0.919022766191599,308.15
-10.0789466849992,-11.5070660160249,2.55026168304354,0.8942,0.919802689130431,308.15
-10.0786346776306,-11.5097170821217,2.55425847260499,0.8952,0.92058219005277,308.15
-10.0783202732826,-11.5124171423399,2.55826734028699,0.8962,0.921361269301051,308.15
-10.0780035320149,-11.5151666701919,2.56228833910879,0.8972,0.922139927217343,308.15
-10.0776845148477,-11.5179661430142,2.56632152238476,0.8982,0.922918164143342,308.15
-10.0773632838031,-11.5208160419368,2.57036694372668,0.8992,0.923695980420376,308.15
-10.0770399017707,-11.5237168520304,2.57442465704371,0.9002,0.924473376389403,308.15
-10.0767144326745,-11.5266690622033,2.57849471654622,0.9012,0.925250352391013,308.15
-10.0763869415013,-11.529673165211,2.58257717674786,0.9022,0.92602690876543,308.15
-10.0760574940717,-11.532729657881,2.58667209246427,0.9032,0.926803045852507,308.15
-10.0757261573277,-11.5358390408824,2.59077951881865,0.9042,0.927578763991733,308.15
-10.0753929992562,-11.5390018188462,2.59489951124239,0.9052,0.928354063522231,308.15
-10.0750580887562,-11.5422185005136,2.59903212547501,0.9062,0.929128944782754,308.15
-10.074721495911,-11.5454895985088,2.60317741756963,0.9072,0.929903408111695,308.15
-10.0743832917105,-11.5488156296233,2.60733544389093,0.9082,0.930677453847077,308.15
-10.0740435483283,-11.5521971146079,2.61150626112066,0.9092,0.931451082326563,308.15
-10.0737023389619,-11.5556345783523,2.61568992625713,0.9102,0.93222429388745,308.15
-10.07335973787,-11.5591285498576,2.61988649661766,0.9112,0.93299708886667,308.15
-10.0730158204608,-11.56267956221,2.62409602984137,0.9122,0.933769467600795,308.15
-10.0726706631931,-11.5662881526998,2.62831858388968,0.9132,0.934541430426033,308.15
-10.0723243437052,-11.569954862739,2.63255421704981,0.9142,0.93531297767823,308.15
-10.0719769407295,-11.5736802379543,2.63680298793544,0.9152,0.936084109692871,308.15
-10.0716285341364,-11.5774648281612,2.64106495548918,0.9162,0.936854826805079,308.15
-10.0712792049667,-11.581309187434,2.64534017898449,0.9172,0.937625129349617,308.15
-10.0709290354132,-11.5852138740827,2.64962871802758,0.9182,0.938395017660889,308.15
-10.0705781088568,-11.5891794506647,2.65393063255957,0.9192,0.939164492072939,308.15
-10.0702265098783,-11.5932064840525,2.65824598285829,0.9202,0.93993355291945,308.15
-10.0698743242345,-11.5972955453964,2.66257482954013,0.9212,0.940702200533749,308.15
-10.0695216388997,-11.6014472102167,2.666917233562,0.9222,0.941470435248804,308.15
-10.0691685420754,-11.6056620583307,2.67127325622363,0.9232,0.942238257397224,308.15
-10.0688151232053,-11.6099406739328,2.67564295916939,0.9242,0.943005667311262,308.15
-10.0684614729942,-11.6142836455558,2.68002640439053,0.9252,0.943772665322816,308.15
-10.0681076833638,-11.6186915662142,2.68442365422609,0.9262,0.944539251763425,308.15
-10.0677538475406,-11.6231650332572,2.68883477136631,0.9272,0.945305426964273,308.15
-10.067400060069,-11.6277046484306,2.69325981885456,0.9282,0.946071191256191,308.15
-10.0670464167172,-11.6323110180132,2.69769886008757,0.9292,0.946836544969651,308.15
-10.0666930146092,-11.6369847526538,2.70215195881954,0.9302,0.947601488434775,308.15
-10.0663399522092,-11.6417264674897,2.70661917916341,0.9312,0.948366021981329,308.15
-10.0659873292593,-11.6465367821673,2.71110058559195,0.9322,0.949130145938726,308.15
-10.0656352469313,-11.6514163207507,2.71559624294183,0.9332,0.949893860636025,308.15
-10.0652838076494,-11.6563657119223,2.72010621641266,0.9342,0.950657166401936,308.15
-10.0649331153145,-11.6613855887771,2.72463057157231,0.9352,0.951420063564813,308.15
-10.0645832751688,-11.6664765889524,2.72916937435677,0.9362,0.95218255245266,308.15
-10.0642343938252,-11.6716393546779,2.73372269107214,0.9372,0.952944633393133,308.15
-10.0638865793712,-11.6768745326574,2.73829058839824,0.9382,0.953706306713532,308.15
-10.0635399412551,-11.6821827741941,2.74287313338866,0.9392,0.954467572740812,308.15
-10.0631945904227,-11.6875647351134,2.74747039347457,0.9402,0.955228431801575,308.15
-10.0628506392282,-11.6930210758327,2.75208243646528,0.9412,0.955988884222076,308.15
-10.062508201471,-11.698552461364,2.75670933055048,0.9422,0.95674893032822,308.15
-10.062167392496,-11.7041595612372,2.76135114430365,0.9432,0.957508570445564,308.15
-10.0618283290691,-11.7098430496116,2.76600794668201,0.9442,0.958267804899319,308.15
-10.0614911295152,-11.7156036051706,2.77067980703037,0.9452,0.959026634014347,308.15
-10.0611559135775,-11.72144191131,2.7753667950805,0.9462,0.959785058115162,308.15
-10.0608228026772,-11.7273586558286,2.78006898095748,0.9472,0.960543077525936,308.15
-10.060491919641,-11.7333545312863,2.78478643517658,0.9482,0.96130069257049,308.15
-10.060163388906,-11.7394302347274,2.7895192286488,0.9492,0.962057903572304,308.15
-10.0598373364901,-11.7455864677995,2.79426743268172,0.9502,0.96281471085451,308.15
-10.0595138899174,-11.7518239367975,2.79903111898022,0.9512,0.963571114739897,308.15
-10.059193178381,-11.7581433525152,2.80381035965087,0.9522,0.964327115550909,308.15
-10.0588753326809,-11.7645454303291,2.80860522720252,0.9532,0.965082713609648,308.15
-10.0585604851695,-11.7710308902385,2.81341579454717,0.9542,0.965837909237872,308.15
-10.0582487698865,-11.7776004567534,2.81824213500385,0.9552,0.966592702756996,308.15
-10.0579403224724,-11.7842548589782,2.82308432229884,0.9562,0.967347094488093,308.15
-10.0576352802532,-11.7909948305372,2.82794243056875,0.9572,0.968101084751895,308.15
-10.057333782189,-11.7978211096282,2.83281653436122,0.9582,0.968854673868791,308.15
-10.057035968984,-11.8047344389006,2.83770670863858,0.9592,0.969607862158832,308.15
-10.0567419829638,-11.8117355656188,2.84261302877702,0.9602,0.970360649941725,308.15
-10.056451968192,-11.8188252414863,2.84753557057056,0.9612,0.97111303753684,308.15
-10.0561660704347,-11.8260042227528,2.85247441023159,0.9622,0.971865025263207,308.15
-10.0558844372392,-11.8332732700557,2.85742962439422,0.9632,0.972616613439516,308.15
-10.0556072178061,-11.8406331486414,2.862401290113,0.9642,0.973367802384119,308.15
-10.0553345631512,-11.8480846281298,2.86738948486766,0.9652,0.97411859241503,308.15
-10.0550666260447,-11.8556284826074,2.87239428656337,0.9662,0.974868983849925,308.15
-10.0548035609877,-11.8632654906383,2.87741577353174,0.9672,0.975618977006143,308.15
-10.0545455243194,-11.8709964352066,2.88245402453398,0.9682,0.976368572200686,308.15
-10.0542926741873,-11.8788221037019,2.88750911876198,0.9692,0.977117769750221,308.15
-10.0540451704671,-11.8867432880441,2.89258113583797,0.9702,0.977866569971076,308.15
-10.0538031749487,-11.8947607844769,2.8976701558195,0.9712,0.978614973179248,308.15
-10.0535668512039,-11.9028753937976,2.90277625919779,0.9722,0.979362979690394,308.15
-10.0533363645953,-11.9110879213071,2.90789952689953,0.9732,0.98011058981984,308.15
-10.0531118824624,-11.9193991767029,2.91304004029145,0.9742,0.980857803882578,308.15
-10.0528935738747,-11.9278099744006,2.91819788117658,0.9752,0.981604622193264,308.15
-10.0526816098523,-11.9363211333799,2.92337313179977,0.9762,0.982351045066223,308.15
-10.0524761632407,-11.9449334773932,2.92856587484637,0.9772,0.983097072815445,308.15
-10.0522774088168,-11.9536478350518,2.93377619344503,0.9782,0.983842705754589,308.15
-10.0520855232098,-11.9624650400617,2.93900417116729,0.9792,0.984587944196984,308.15
-10.0519006849781,-11.9713859313998,2.94424989202997,0.9802,0.985332788455623,308.15
-10.0517230746072,-11.9804113536492,2.94951344049586,0.9812,0.986077238843172,308.15
-10.0515528744147,-11.989542157515,2.95479490147277,0.9822,0.986821295671964,308.15
-10.0513902687427,-11.9987792002135,2.96009436031804,0.9832,0.987564959254004,308.15
-10.0512354438238,-12.0081233464039,2.96541190283639,0.9842,0.988308229900966,308.15
-10.0510885878121,-12.0175754691861,2.97074761528138,0.9852,0.989051107924193,308.15
-10.0509498908222,-12.0271364515771,2.97610158435642,0.9862,0.989793593634703,308.15
-10.0508195448871,-12.0368071885421,2.9814738972147,0.9872,0.990535687343183,308.15
-10.0506977440519,-12.046588589849,2.9868646414614,0.9882,0.991277389359992,308.15
-10.0505846842329,-12.0564815845538,2.99227390515073,0.9892,0.992018699995162,308.15
-10.0504805633583,-12.0664871271539,2.9977017767897,0.9902,0.992759619558399,308.15
-10.0503855813134,-12.0766062076893,3.00314834533661,0.9912,0.99350014835908,308.15
-10.0502999399056,-12.086839867799,3.00861370020053,0.9922,0.994240286706258,308.15
-10.0502238429685,-12.0971892277845,3.01409793124375,0.9932,0.994980034908659,308.15
-10.0501574962146,-12.1076555360277,3.01960112877787,0.9942,0.995719393274684,308.15
-10.0501011074009,-12.1182402649584,3.02512338356782,0.9952,0.996458362112407,308.15
-10.0500548861733,-12.1289453217705,3.03066478682762,0.9962,0.997196941729582,308.15
-10.0500190441836,-12.139773587216,3.03622543022288,0.9972,0.997935132433635,308.15
-10.0499937950152,-12.1507306908829,3.04180540586827,0.9982,0.998672934531669,308.15
