-12.9505123607271,-11.8861996686806,1.04666292441158,0.0002,0.00027138438633377,308.15
-11.9354058830535,-11.8867661897872,1.04736264707036,0.0012,0.00162772523095156,308.15
-11.5939492809539,-11.8873303345883,1.04806329703498,0.0022,0.00298309835723694,308.15
-11.3839940778606,-11.887892098199,1.04876487613139,0.0032,0.00433750480048812,308.15
-11.2324251445616,-11.8884514757298,1.04946738619031,0.0042,0.005690945594527,308.15
-11.114015136726,-11.8890084622909,1.05017082904719,0.0052,0.00704342177170186,308.15
-11.0170162199157,-11.8895630529897,1.05087520654226,0.0062,0.00839493436288998,308.15
-10.9349940142375,-11.8901152429306,1.05158052052052,0.0072,0.0097454843975002,308.15
-10.8640392389811,-11.8906650272179,1.05228677283178,0.0082,0.0110950729034756,308.15
-10.8015980222443,-11.8912124009503,1.05299396533066,0.0092,0.0124437009072962,308.15
-10.7459097320869,-11.8917573592257,1.05370209987662,0.0102,0.0137913694339811,308.15
-10.6957090715583,-11.8922998971432,1.05441117833393,0.0112,0.0151380795070919,308.15
-10.6500560969246,-11.8928400097939,1.05512120257177,0.0122,0.0164838321487345,308.15
-10.6082334239159,-11.89337769227,1.05583217446417,0.0132,0.017828628379562,308.15
-10.5696810752079,-11.8939129396607,1.05654409589004,0.0142,0.0191724692187775,308.15
-10.5339535517025,-11.894445747054,1.05725696873323,0.0152,0.0205153556841363,308.15
-10.5006906089266,-11.8949761095332,1.05797079488248,0.0162,0.0218572887919485,308.15
-10.4695968017538,-11.8955040221847,1.0586855762315,0.0172,0.023198269557082,308.15
-10.4404268183275,-11.8960294800862,1.05940131467893,0.0182,0.0245382989929646,308.15
-10.4129747419462,-11.8965524783176,1.0601180121284,0.0192,0.0258773781115865,308.15
-10.3870660424188,-11.8970730119549,1.06083567048852,0.0202,0.0272155079235035,308.15
-10.3625515044705,-11.8975910760732,1.06155429167292,0.0212,0.0285526894378386,308.15
-10.3393025568211,-11.8981066657458,1.06227387760021,0.0222,0.0298889236622854,308.15
-10.3172076312335,-11.8986197760413,1.06299443019409,0.0232,0.03122421160311,308.15
-10.2961692904682,-11.8991304020287,1.06371595138327,0.0242,0.032558554265154,308.15
-10.2761019381501,-11.8996385387761,1.06443844310156,0.0252,0.0338919526518368,308.15
-10.2569299745663,-11.9001441813467,1.06516190728783,0.0262,0.0352244077651578,308.15
-10.2385862980896,-11.9006473248014,1.06588634588607,0.0272,0.0365559206056996,308.15
-10.2210110772979,-11.9011479642036,1.06661176084539,0.0282,0.03788649217263,308.15
-10.2041507371468,-11.9016460946098,1.06733815412003,0.0292,0.0392161234637046,308.15
-10.1879571159353,-11.9021417110762,1.06806552766938,0.0302,0.0405448154752694,308.15
-10.1723867596513,-11.9026348086594,1.06879388345801,0.0312,0.0418725692022631,308.15
-10.1574003276647,-11.9031253824103,1.06952322345566,0.0322,0.0431993856382199,308.15
-10.1429620893712,-11.9036134273813,1.0702535496373,0.0332,0.0445252657752716,308.15
-10.1290394955142,-11.9040989386205,1.07098486398309,0.0342,0.0458502106041502,308.15
-10.1156028113374,-11.9045819111762,1.07171716847846,0.0352,0.0471742211141907,308.15
-10.1026248011158,-11.9050623400922,1.07245046511406,0.0362,0.0484972982933331,308.15
-10.0900804556993,-11.9055402204137,1.07318475588584,0.0372,0.0498194431281249,308.15
-10.0779467561876,-11.9060155471812,1.07392004279502,0.0382,0.051140656603724,308.15
-10.0662024681705,-11.906488315436,1.07465632784815,0.0392,0.0524609397039006,308.15
-10.0548279618685,-11.9069585202161,1.07539361305708,0.0402,0.05378029341104,308.15
-10.0438050543953,-11.9074261565569,1.07613190043902,0.0412,0.0550987187061449,308.15
-10.0331168709268,-11.9078912194944,1.07687119201653,0.0422,0.0564162165688377,308.15
-10.0227477221361,-11.9083537040617,1.07761148981755,0.0432,0.0577327879773634,308.15
-10.0126829956564,-11.9088136052906,1.07835279587541,0.0442,0.0590484339085913,308.15
-10.0029090596918,-11.9092709182112,1.07909511222886,0.0452,0.0603631553380182,308.15
-9.99341317716612,-11.909725637852,1.07983844092207,0.0462,0.0616769532397701,308.15
-9.98418342906779,-11.9101777592385,1.08058278400467,0.0472,0.062989828586605,308.15
-9.97520864584739,-11.9106272773967,1.08132814353175,0.0482,0.0643017823499154,308.15
-9.96647834583888,-11.9110741873501,1.08207452156389,0.0492,0.0656128154997305,308.15
-9.95798267988843,-11.9115184841211,1.08282192016717,0.0502,0.0669229290047183,308.15
-9.94971238144749,-11.9119601627305,1.08357034141318,0.0512,0.0682321238321887,308.15
-9.94165872148089,-11.9123992181972,1.08431978737907,0.0522,0.0695404009480952,308.15
-9.93381346767051,-11.9128356455375,1.08507026014752,0.0532,0.0708477613170378,308.15
-9.92616884739838,-11.9132694397706,1.08582176180682,0.0542,0.0721542059022649,308.15
-9.91871751414428,-11.9137005959069,1.08657429445082,0.0552,0.073459735665676,308.15
-9.9114525168607,-11.9141291089645,1.08732786017902,0.0562,0.0747643515678239,308.15
-9.90436727208628,-11.9145549739525,1.0880824610965,0.0572,0.0760680545679173,308.15
-9.89745553843854,-11.914978185884,1.08883809931405,0.0582,0.0773708456238227,308.15
-9.89071139332901,-11.9153987397659,1.08959477694809,0.0592,0.0786727256920672,308.15
-9.8841292115737,-11.9158166306085,1.09035249612073,0.0602,0.0799736957278405,308.15
-9.87770364580603,-11.9162318534165,1.0911112589598,0.0612,0.0812737566849975,308.15
-9.87142960846287,-11.9166444031979,1.09187106759886,0.0622,0.0825729095160605,308.15
-9.86530225519951,-11.9170542749549,1.0926319241772,0.0632,0.0838711551722215,308.15
-9.85931696962934,-11.9174614636914,1.09339383083987,0.0642,0.0851684946033445,308.15
-9.85346934921224,-11.9178659644113,1.09415678973773,0.0652,0.0864649287579681,308.15
-9.84775519224532,-11.9182677721137,1.09492080302742,0.0662,0.0877604585833073,308.15
-9.84217048580956,-11.9186668817986,1.09568587287141,0.0672,0.0890550850252564,308.15
-9.83671139461807,-11.9190632884648,1.096452001438,0.0682,0.0903488090283907,308.15
-9.83137425068143,-11.9194569871113,1.09721919090139,0.0692,0.0916416315359694,308.15
-9.82615554367801,-11.9198479727341,1.0979874434416,0.0702,0.0929335534899373,308.15
-9.82105191206499,-11.9202362403276,1.09875676124461,0.0712,0.0942245758309276,308.15
-9.81606013475407,-11.9206217848882,1.09952714650228,0.0722,0.0955146994982638,308.15
-9.81117712339097,-11.9210046014089,1.10029860141243,0.0732,0.0968039254299623,308.15
-9.8063999151575,-11.9213846848831,1.10107112817883,0.0742,0.0980922545627344,308.15
-9.80172566603192,-11.9217620303016,1.10184472901124,0.0752,0.0993796878319887,308.15
-9.79715164452456,-11.9221366326594,1.10261940612541,0.0762,0.100666226171833,308.15
-9.79267522580551,-11.9225084869423,1.10339516174313,0.0772,0.101951870515078,308.15
-9.78829388620511,-11.9228775881422,1.10417199809221,0.0782,0.103236621793238,308.15
-9.78400519808313,-11.9232439312471,1.10494991740652,0.0792,0.104520480936532,308.15
-9.77980682500005,-11.9236075112463,1.10572892192603,0.0802,0.105803448873889,308.15
-9.77569651719967,-11.9239683231268,1.1065090138968,0.0812,0.10708552653295,308.15
-9.77167210736886,-11.9243263618741,1.10729019557102,0.0822,0.108366714840066,308.15
-9.76773150663563,-11.9246816224761,1.10807246920702,0.0832,0.109647014720307,308.15
-9.76387270083245,-11.9250340999173,1.10885583706929,0.0842,0.110926427097457,308.15
-9.76009374696186,-11.9253837891831,1.1096403014285,0.0852,0.112204952894021,308.15
-9.756392769882,-11.9257306852577,1.11042586456156,0.0862,0.113482593031227,308.15
-9.75276795916114,-11.9260747831259,1.11121252875156,0.0872,0.114759348429025,308.15
-9.74921756613944,-11.9264160777701,1.11200029628787,0.0882,0.116035220006094,308.15
-9.74573990113493,-11.9267545641739,1.11278916946612,0.0892,0.117310208679839,308.15
-9.74233333081536,-11.9270902373193,1.11357915058824,0.0902,0.118584315366398,308.15
-9.73899627571396,-11.9274230921918,1.11437024196245,0.0912,0.11985754098064,308.15
-9.735727207878,-11.9277531237692,1.11516244590332,0.0922,0.12112988643617,308.15
-9.73252464864042,-11.9280803270338,1.11595576473178,0.0932,0.12240135264533,308.15
-9.72938716652839,-11.9284046969717,1.11675020077513,0.0942,0.123671940519202,308.15
-9.72631337525691,-11.9287262285574,1.11754575636706,0.0952,0.12494165096761,308.15
-9.72330193183915,-11.9290449167774,1.11834243384769,0.0962,0.126210484899121,308.15
-9.72035153481292,-11.9293607566104,1.11914023556359,0.0972,0.127478443221047,308.15
-9.71746092251063,-11.9296737430364,1.11993916386778,0.0982,0.128745526839452,308.15
-9.71462887148385,-11.9299838710387,1.12073922111977,0.0992,0.130011736659145,308.15
-9.711854194927,-11.9302911355964,1.12154040968559,0.1002,0.131277073583693,308.15
-9.70913574125191,-11.9305955316915,1.12234273193777,0.1012,0.132541538515412,308.15
-9.70647239269883,-11.9308970543022,1.12314619025544,0.1022,0.133805132355381,308.15
-9.70386306399746,-11.9311956984129,1.12395078702427,0.1032,0.135067856003432,308.15
-9.70130670114679,-11.9314914590018,1.12475652463654,0.1042,0.136329710358162,308.15
-9.69880228019333,-11.9317843310521,1.12556340549114,0.1052,0.137590696316929,308.15
-9.69634880610229,-11.9320743095441,1.12637143199363,0.1062,0.138850814775858,308.15
-9.69394531166802,-11.9323613894606,1.1271806065562,0.1072,0.14011006662984,308.15
-9.6915908564872,-11.9326455657822,1.12799093159777,0.1082,0.141368452772537,308.15
-9.68928452598684,-11.9329268334925,1.12880240954393,0.1092,0.142625974096381,308.15
-9.68702543043874,-11.9332051875749,1.12961504282705,0.1102,0.14388263149258,308.15
-9.68481270410632,-11.9334806230098,1.13042883388621,0.1112,0.145138425851115,308.15
-9.68264550436313,-11.9337531347823,1.13124378516732,0.1122,0.146393358060747,308.15
-9.68052301087066,-11.9340227178775,1.13205989912306,0.1132,0.147647429009017,308.15
-9.67844442480514,-11.9342893672791,1.13287717821295,0.1142,0.148900639582248,308.15
-9.67640896809179,-11.9345530779741,1.13369562490337,0.1152,0.150152990665546,308.15
-9.67441588271513,-11.9348138449457,1.13451524166757,0.1162,0.151404483142805,308.15
-9.67246442998294,-11.9350716631832,1.13533603098569,0.1172,0.152655117896707,308.15
-9.67055388992886,-11.935326527671,1.13615799534482,0.1182,0.153904895808725,308.15
-9.66868356062839,-11.9355784334003,1.13698113723896,0.1192,0.155153817759122,308.15
-9.66685275762988,-11.9358273753582,1.13780545916912,0.1202,0.15640188462696,308.15
-9.66506081336601,-11.9360733485353,1.13863096364329,0.1212,0.157649097290093,308.15
-9.66330707657919,-11.9363163479224,1.13945765317646,0.1222,0.158895456625177,308.15
-9.66159091182066,-11.9365563685114,1.14028553029069,0.1232,0.160140963507668,308.15
-9.65991169892127,-11.9367934052941,1.14111459751512,0.1242,0.161385618811825,308.15
-9.65826883249562,-11.9370274532658,1.14194485738595,0.1252,0.162629423410711,308.15
-9.65666172149423,-11.9372585074211,1.14277631244651,0.1262,0.163872378176196,308.15
-9.65508978873071,-11.9374865627561,1.1436089652473,0.1272,0.165114483978961,308.15
-9.65355247044046,-11.937711614267,1.14444281834594,0.1282,0.166355741688496,308.15
-9.65204921589473,-11.9379336569541,1.14527787430728,0.1292,0.167596152173104,308.15
-9.65057948695725,-11.9381526858176,1.14611413570338,0.1302,0.168835716299905,308.15
-9.64914275774435,-11.9383686958579,1.14695160511354,0.1312,0.170074434934833,308.15
-9.6477385142149,-11.9385816820778,1.14779028512432,0.1322,0.171312308942645,308.15
-9.64636625382299,-11.9387916394821,1.14863017832959,0.1332,0.172549339186915,308.15
-9.64502548518672,-11.9389985630764,1.14947128733053,0.1342,0.173785526530044,308.15
-9.64371572773589,-11.9392024478677,1.15031361473566,0.1352,0.175020871833256,308.15
-9.64243651141716,-11.9394032888659,1.15115716316089,0.1362,0.176255375956601,308.15
-9.64118737636182,-11.9396010810819,1.15200193522951,0.1372,0.177489039758961,308.15
-9.63996787260962,-11.9397958195277,1.15284793357224,0.1382,0.178721864098048,308.15
-9.63877755979966,-11.9399874992167,1.15369516082724,0.1392,0.179953849830405,308.15
-9.63761600692216,-11.9401761151683,1.15454361964016,0.1402,0.181184997811414,308.15
-9.63648279203967,-11.9403616623973,1.15539331266413,0.1412,0.182415308895291,308.15
-9.63537750201886,-11.9405441359262,1.15624424255983,0.1422,0.183644783935092,308.15
-9.63429973230602,-11.9407235307748,1.15709641199548,0.1432,0.184873423782714,308.15
-9.63324908667574,-11.9408998419695,1.15794982364689,0.1442,0.186101229288898,308.15
-9.63222517699293,-11.9410730645366,1.15880448019746,0.1452,0.187328201303228,308.15
-9.63122762301333,-11.9412431935032,1.15966038433825,0.1462,0.188554340674137,308.15
-9.63025605213665,-11.9414102239026,1.16051753876796,0.1472,0.189779648248905,308.15
-9.62931009922722,-11.9415741507656,1.16137594619298,0.1482,0.191004124873663,308.15
-9.62838940639848,-11.9417349691314,1.16223560932743,0.1492,0.192227771393397,308.15
-9.62749362283719,-11.9418926740335,1.16309653089317,0.1502,0.193450588651945,308.15
-9.62662240456728,-11.9420472605162,1.1639587136198,0.1512,0.194672577492004,308.15
-9.62577541433338,-11.9421987236228,1.16482216024476,0.1522,0.195893738755127,308.15
-9.624952321381,-11.942347058397,1.1656868735133,0.1532,0.197114073281729,308.15
-9.6241528013056,-11.9424922598901,1.16655285617851,0.1542,0.198333581911088,308.15
-9.62337653587369,-11.9426343231524,1.16742011100136,0.1552,0.199552265481346,308.15
-9.62262321288416,-11.9427732432382,1.16828864075077,0.1562,0.20077012482951,308.15
-9.62189252599613,-11.942909015206,1.16915844820354,0.1572,0.201987160791457,308.15
-9.6211841745803,-11.9430416341128,1.17002953614447,0.1582,0.203203374201933,308.15
-9.62049786358995,-11.9431710950258,1.17090190736635,0.1592,0.204418765894557,308.15
-9.61983330340989,-11.9432973930107,1.17177556466998,0.1602,0.20563333670182,308.15
-9.61919020972437,-11.9434205231349,1.17265051086422,0.1612,0.206847087455091,308.15
-9.61856830337837,-11.9435404804745,1.17352674876601,0.1622,0.208060018984616,308.15
-9.61796731026213,-11.9436572601043,1.1744042812004,0.1632,0.20927213211952,308.15
-9.61738696117154,-11.9437708571038,1.17528311100056,0.1642,0.21048342768781,308.15
-9.61682699172129,-11.9438812665565,1.17616324100786,0.1652,0.211693906516377,308.15
-9.61628714217612,-11.9439884835497,1.17704467407182,0.1662,0.212903569430997,308.15
-9.61576715738799,-11.9440925031729,1.17792741305023,0.1672,0.214112417256332,308.15
-9.61526678666254,-11.9441933205222,1.1788114608091,0.1682,0.215320450815934,308.15
-9.61478578366553,-11.9442909306921,1.17969682022274,0.1692,0.216527670932245,308.15
-9.61432390629244,-11.9443853287879,1.18058349417378,0.1702,0.217734078426603,308.15
-9.61388091660339,-11.9444765099131,1.18147148555318,0.1712,0.218939674119236,308.15
-9.6134565807097,-11.944564469178,1.18236079726027,0.1722,0.220144458829271,308.15
-9.61305066868616,-11.9446492016958,1.18325143220281,0.1732,0.221348433374734,308.15
-9.61266295445755,-11.9447307025847,1.18414339329695,0.1742,0.222551598572549,308.15
-9.61229321573554,-11.9448089669691,1.18503668346736,0.1752,0.223753955238545,308.15
-9.61194123393262,-11.9448839899725,1.18593130564715,0.1762,0.224955504187451,308.15
-9.61160679406204,-11.9449557667261,1.18682726277799,0.1772,0.226156246232906,308.15
-9.61128968466171,-11.9450242923661,1.18772455781009,0.1782,0.227356182187453,308.15
-9.61098969771453,-11.9450895620328,1.18862319370226,0.1792,0.228555312862546,308.15
-9.61070662858615,-11.9451515708704,1.18952317342191,0.1802,0.22975363906855,308.15
-9.6104402759179,-11.945210314029,1.19042449994512,0.1812,0.230951161614745,308.15
-9.61019044159909,-11.945265786661,1.19132717625663,0.1822,0.232147881309321,308.15
-9.60995693064481,-11.945317983927,1.19223120534991,0.1832,0.233343798959391,308.15
-9.60973955118125,-11.9453669009892,1.19313659022717,0.1842,0.23453891537098,308.15
-9.60953811432004,-11.9454125330189,1.19404333389937,0.1852,0.235733231349039,308.15
-9.60935243413932,-11.9454548751901,1.1949514393863,0.1862,0.236926747697437,308.15
-9.60918232761169,-11.9454939226807,1.19586090971661,0.1872,0.23811946521897,308.15
-9.60902761451929,-11.9455296706749,1.19677174792777,0.1882,0.239311384715358,308.15
-9.6088881174214,-11.9455621143656,1.19768395706619,0.1892,0.240502506987248,308.15
-9.60876366158375,-11.9455912489462,1.1985975401872,0.1902,0.241692832834218,308.15
-9.6086540749055,-11.9456170696209,1.19951250035512,0.1912,0.242882363054776,308.15
-9.60855918788955,-11.9456395715946,1.20042884064323,0.1922,0.244071098446363,308.15
-9.60847883359422,-11.9456587500792,1.20134656413388,0.1932,0.245259039805355,308.15
-9.60841284754864,-11.9456746002955,1.20226567391848,0.1942,0.246446187927064,308.15
-9.60836106771295,-11.9456871174683,1.20318617309753,0.1952,0.247632543605741,308.15
-9.60832333444971,-11.9456962968262,1.20410806478067,0.1962,0.248818107634577,308.15
-9.60829949043375,-11.9457021336096,1.20503135208669,0.1972,0.250002880805704,308.15
-9.6082893806619,-11.945704623059,1.2059560381436,0.1982,0.251186863910197,308.15
-9.60829285234728,-11.9457037604225,1.20688212608865,0.1992,0.252370057738078,308.15
-9.60830975492347,-11.945699540959,1.20780961906834,0.2002,0.253552463078314,308.15
-9.60833993995189,-11.9456919599308,1.20873852023847,0.2012,0.254734080718824,308.15
-9.60838326111923,-11.9456810126059,1.20966883276418,0.2022,0.255914911446474,308.15
-9.60843957418173,-11.9456666942629,1.21060055981998,0.2032,0.257094956047084,308.15
-9.60850873692118,-11.9456490001811,1.2115337045898,0.2042,0.258274215305429,308.15
-9.60859060911658,-11.9456279256506,1.21246827026699,0.2052,0.259452690005237,308.15
-9.60868505247162,-11.9456034659736,1.21340426005437,0.2062,0.260630380929197,308.15
-9.60879193062824,-11.9455756164482,1.21434167716428,0.2072,0.261807288858953,308.15
-9.60891110909511,-11.9455443723903,1.2152805248186,0.2082,0.262983414575115,308.15
-9.60904245519598,-11.9455097291118,1.2162208062488,0.2092,0.264158758857252,308.15
-9.60918583809423,-11.9454716819459,1.21716252469594,0.2102,0.265333322483898,308.15
-9.60934112870617,-11.9454302262228,1.21810568341076,0.2112,0.266507106232555,308.15
-9.60950819966352,-11.9453853572864,1.21905028565365,0.2122,0.26768011087969,308.15
-9.6096869253256,-11.9453370704828,1.21999633469476,0.2132,0.268852337200742,308.15
-9.60987718170882,-11.9452853611735,1.22094383381395,0.2142,0.270023785970121,308.15
-9.61007884646504,-11.9452302247226,1.22189278630093,0.2152,0.271194457961209,308.15
-9.61029179887224,-11.9451716565011,1.22284319545519,0.2162,0.272364353946362,308.15
-9.61051591976612,-11.9451096518945,1.22379506458612,0.2172,0.273533474696916,308.15
-9.6107510915245,-11.9450442062912,1.22474839701298,0.2182,0.27470182098318,308.15
-9.6109971980737,-11.9449753150877,1.22570319606501,0.2192,0.275869393574447,308.15
-9.61125412481007,-11.9449029736949,1.22665946508139,0.2202,0.277036193238988,308.15
-9.61152175860474,-11.9448271775271,1.22761720741135,0.2212,0.278202220744062,308.15
-9.61179998774919,-11.9447479220107,1.22857642641412,0.2222,0.279367476855907,308.15
-9.61208870196904,-11.9446652025777,1.22953712545907,0.2232,0.280531962339752,308.15
-9.61238779236877,-11.9445790146728,1.23049930792567,0.2242,0.281695677959812,308.15
-9.61269715139601,-11.9444893537486,1.23146297720355,0.2252,0.282858624479292,308.15
-9.6130166728691,-11.9443962152633,1.23242813669257,0.2262,0.284020802660389,308.15
-9.6133462518869,-11.9442995946931,1.23339478980278,0.2272,0.285182213264294,308.15
-9.61368578485729,-11.9441994875146,1.23436293995456,0.2282,0.286342857051191,308.15
-9.61403516945377,-11.9440958892205,1.23533259057858,0.2292,0.287502734780262,308.15
-9.61439430457439,-11.9439887953122,1.23630374511587,0.2302,0.288661847209686,308.15
-9.61476309037184,-11.9438782012968,1.23727640701785,0.2312,0.289820195096643,308.15
-9.6151414281774,-11.9437641026969,1.23825057974638,0.2322,0.290977779197314,308.15
-9.61552922051432,-11.9436464950424,1.23922626677379,0.2332,0.292134600266883,308.15
-9.61592637105836,-11.9435253738755,1.24020347158293,0.2342,0.293290659059539,308.15
-9.61633278462716,-11.9434007347465,1.24118219766718,0.2352,0.294445956328476,308.15
-9.61674836715486,-11.9432725732187,1.24216244853053,0.2362,0.295600492825899,308.15
-9.61717302568708,-11.9431408848642,1.24314422768759,0.2372,0.296754269303019,308.15
-9.61760666833772,-11.9430056652684,1.24412753866365,0.2382,0.297907286510061,308.15
-9.6180492043021,-11.9428669100241,1.24511238499471,0.2392,0.299059545196263,308.15
-9.61850054381307,-11.9427246147397,1.24609877022751,0.2402,0.300211046109876,308.15
-9.61896059812082,-11.9425787750346,1.24708669791959,0.2412,0.301361789998167,308.15
-9.61942927949854,-11.9424293865304,1.24807617163933,0.2422,0.302511777607422,308.15
-9.61990650121344,-11.9422764448759,1.24906719496597,0.2432,0.303661009682947,308.15
-9.62039217751482,-11.9421199457204,1.25005977148969,0.2442,0.304809486969067,308.15
-9.62088622359642,-11.9419598847287,1.25105390481158,0.2452,0.305957210209131,308.15
-9.62138855560775,-11.9417962575773,1.25204959854377,0.2462,0.307104180145511,308.15
-9.62189909063447,-11.9416290599551,1.25304685630942,0.2472,0.308250397519606,308.15
-9.62241774666421,-11.9414582875636,1.25404568174276,0.2482,0.309395863071843,308.15
-9.62294444260041,-11.941283936114,1.25504607848917,0.2492,0.310540577541676,308.15
-9.62347909820295,-11.9411060013378,1.25604805020514,0.2502,0.31168454166759,308.15
-9.62402163413003,-11.9409244789691,1.25705160055844,0.2512,0.312827756187105,308.15
-9.62457197189448,-11.9407393647629,1.25805673322805,0.2522,0.31397022183677,308.15
-9.62513003383776,-11.9405506544814,1.25906345190425,0.2532,0.315111939352174,308.15
-9.6256957431268,-11.9403583439077,1.26007176028865,0.2542,0.316252909467939,308.15
-9.62626902375773,-11.9401624288321,1.26108166209425,0.2552,0.317393132917729,308.15
-9.62684980054687,-11.9399629050579,1.26209316104548,0.2562,0.318532610434246,308.15
-9.62743799904839,-11.9397597684059,1.26310626087823,0.2572,0.319671342749233,308.15
-9.6280335456353,-11.9395530147116,1.26412096533989,0.2582,0.320809330593478,308.15
-9.62863636744827,-11.9393426398206,1.26513727818943,0.2592,0.321946574696814,308.15
-9.62924639234474,-11.9391286395971,1.2661552031974,0.2602,0.323083075788119,308.15
-9.62986354896693,-11.9389110099135,1.267174744146,0.2612,0.324218834595318,308.15
-9.63048776665961,-11.9386897466624,1.26819590482913,0.2622,0.325353851845387,308.15
-9.63111897548807,-11.9384648457499,1.26921868905239,0.2632,0.326488128264355,308.15
-9.63175710623665,-11.9382363030961,1.27024310063321,0.2642,0.327621664577298,308.15
-9.63240209037972,-11.9380041146359,1.2712691434008,0.2652,0.328754461508352,308.15
-9.63305386006129,-11.9377682763238,1.27229682119625,0.2662,0.329886519780705,308.15
-9.63371234814037,-11.9375287841225,1.2733261378726,0.2672,0.331017840116603,308.15
-9.6343774881013,-11.9372856340127,1.2743570972948,0.2682,0.332148423237352,308.15
-9.63504921409613,-11.9370388219997,1.27538970333983,0.2692,0.333278269863315,308.15
-9.63572746093471,-11.9367883440887,1.27642395989673,0.2702,0.334407380713921,308.15
-9.6364121640267,-11.9365341963168,1.27745987086663,0.2712,0.335535756507659,308.15
-9.63710325945886,-11.9362763747266,1.27849744016283,0.2722,0.336663397962085,308.15
-9.63780068388637,-11.9360148753838,1.27953667171078,0.2732,0.33779030579382,308.15
-9.63850437458634,-11.9357496943679,1.2805775694482,0.2742,0.338916480718552,308.15
-9.63921426945033,-11.9354808277726,1.28162013732511,0.2752,0.340041923451041,308.15
-9.63993030693558,-11.9352082717166,1.28266437930385,0.2762,0.341166634705117,308.15
-9.64065242608659,-11.9349320223277,1.28371029935914,0.2772,0.342290615193681,308.15
-9.64138056654227,-11.9346520757562,1.28475790147815,0.2782,0.343413865628708,308.15
-9.64211466844327,-11.9343684281695,1.2858071896605,0.2792,0.344536386721251,308.15
-9.64285467255649,-11.9340810757503,1.28685816791838,0.2802,0.345658179181437,308.15
-9.64360052014545,-11.9337900147003,1.28791084027653,0.2812,0.346779243718472,308.15
-9.64435215303396,-11.9334952412429,1.28896521077232,0.2822,0.347899581040644,308.15
-9.64510951357227,-11.9331967516163,1.29002128345581,0.2832,0.34901919185532,308.15
-9.6458725446305,-11.9328945420815,1.29107906238977,0.2842,0.350138076868951,308.15
-9.64664118958689,-11.9325886089116,1.29213855164974,0.2852,0.351256236787071,308.15
-9.64741539235016,-11.9322789484029,1.29319975532413,0.2862,0.352373672314303,308.15
-9.6481950973088,-11.9319655568744,1.29426267751417,0.2872,0.353490384154353,308.15
-9.64898024933744,-11.9316484306583,1.29532732233403,0.2882,0.354606373010019,308.15
-9.64977079384048,-11.9313275661075,1.2963936939109,0.2892,0.355721639583189,308.15
-9.65056667663753,-11.9310029596003,1.29746179638493,0.2902,0.356836184574841,308.15
-9.65136784406402,-11.9306746075331,1.29853163390939,0.2912,0.357950008685048,308.15
-9.65217424291942,-11.9303425063162,1.29960321065069,0.2922,0.359063112612977,308.15
-9.65298582043155,-11.930006652392,1.30067653078837,0.2932,0.360175497056891,308.15
-9.653802524324,-11.9296670422109,1.30175159851527,0.2942,0.36128716271415,308.15
-9.6546243027308,-11.9293236722528,1.30282841803746,0.2952,0.362398110281215,308.15
-9.65545110424294,-11.928976539018,1.30390699357439,0.2962,0.363508340453646,308.15
-9.6562828778739,-11.9286256390295,1.30498732935886,0.2972,0.364617853926105,308.15
-9.65711957307903,-11.9282709688247,1.30606942963715,0.2982,0.365726651392358,308.15
-9.65796113971991,-11.9279125249723,1.307153298669,0.2992,0.366834733545276,308.15
-9.65880752807961,-11.9275503040577,1.30823894072773,0.3002,0.367942101076835,308.15
-9.65965868885765,-11.9271843026886,1.30932636010025,0.3012,0.369048754678121,308.15
-9.66051457315686,-11.9268145174979,1.31041556108715,0.3022,0.370154695039326,308.15
-9.66137513245406,-11.926440945143,1.31150654800267,0.3032,0.371259922849756,308.15
-9.66224031865404,-11.9260635822978,1.31259932517488,0.3042,0.372364438797827,308.15
-9.66311008403015,-11.9256824256661,1.31369389694565,0.3052,0.373468243571069,308.15
-9.66398438124801,-11.9252974719698,1.31479026767071,0.3062,0.374571337856127,308.15
-9.66486316333922,-11.92490871796,1.31588844171974,0.3072,0.375673722338763,308.15
-9.66574638369637,-11.9245161604123,1.31698842347638,0.3082,0.376775397703855,308.15
-9.66663399611052,-11.9241197961223,1.31809021733833,0.3092,0.377876364635401,308.15
-9.66752595472144,-11.9237196219088,1.3191938277174,0.3102,0.378976623816521,308.15
-9.66842221400651,-11.9233156346252,1.3202992590395,0.3112,0.380076175929455,308.15
-9.66932272883119,-11.9229078311359,1.32140651574484,0.3122,0.381175021655568,308.15
-9.67022745437259,-11.9224962083447,1.3225156022878,0.3132,0.382273161675348,308.15
-9.67113634617208,-11.9220807631727,1.32362652313713,0.3142,0.383370596668411,308.15
-9.67204936010475,-11.9216614925695,1.32473928277598,0.3152,0.3844673273135,308.15
-9.67296645236447,-11.9212383935126,1.32585388570187,0.3162,0.385563354288486,308.15
-9.67388757950928,-11.9208114629982,1.32697033642691,0.3172,0.386658678270372,308.15
-9.67481269838509,-11.9203806980613,1.32808863947767,0.3182,0.387753299935292,308.15
-9.67574176617555,-11.9199460957529,1.3292087993954,0.3192,0.388847219958513,308.15
-9.6766747403754,-11.9195076531593,1.33033082073599,0.3202,0.389940439014439,308.15
-9.67761157879595,-11.9190653673919,1.33145470807006,0.3212,0.391032957776605,308.15
-9.678552239563,-11.9186192355854,1.33258046598305,0.3222,0.392124776917688,308.15
-9.67949668108385,-11.9181692549106,1.33370809907519,0.3232,0.393215897109502,308.15
-9.68044486207665,-11.9177154225577,1.33483761196165,0.3242,0.394306319023002,308.15
-9.68139674156227,-11.9172577357553,1.3359690092726,0.3252,0.395396043328281,308.15
-9.68235227885144,-11.9167961917536,1.33710229565318,0.3262,0.396485070694581,308.15
-9.68331143353843,-11.9163307878365,1.33823747576367,0.3272,0.397573401790282,308.15
-9.68427416549848,-11.9158615213164,1.33937455427946,0.3282,0.398661037282914,308.15
-9.68524043490028,-11.9153883895302,1.34051353589118,0.3292,0.399747977839152,308.15
-9.68621020217092,-11.9149113898536,1.34165442530472,0.3302,0.400834224124819,308.15
-9.68718342804043,-11.9144305196847,1.34279722724132,0.3312,0.40191977680489,308.15
-9.68816007346216,-11.913945776466,1.34394194643757,0.3322,0.403004636543488,308.15
-9.68914009972576,-11.9134571576481,1.34508858764561,0.3332,0.404088804003891,308.15
-9.69012346827795,-11.9129646607419,1.34623715563297,0.3342,0.405172279848529,308.15
-9.69111014095007,-11.9124682832598,1.34738765518292,0.3352,0.406255064738988,308.15
-9.69210007971771,-11.9119680227741,1.34854009109422,0.3362,0.407337159336011,308.15
-9.69309324691589,-11.9114638768626,1.34969446818152,0.3372,0.408418564299496,308.15
-9.69408960501128,-11.9109558431641,1.35085079127506,0.3382,0.409499280288504,308.15
-9.69508911680376,-11.9104439193279,1.35200906522103,0.3392,0.410579307961254,308.15
-9.69609174533554,-11.9099281030441,1.35316929488154,0.3402,0.411658647975128,308.15
-9.69709745381928,-11.9094083920423,1.35433148513458,0.3412,0.41273730098667,308.15
-9.69810620579644,-11.908884784076,1.35549564087429,0.3422,0.413815267651588,308.15
-9.69911796494969,-11.9083572769416,1.35666176701078,0.3432,0.41489254862476,308.15
-9.70013269528084,-11.9078258684603,1.35782986847047,0.3442,0.415969144560225,308.15
-9.70115036096732,-11.9072905564996,1.35899995019589,0.3452,0.417045056111195,308.15
-9.70217092641591,-11.9067513389517,1.36017201714595,0.3462,0.41812028393005,308.15
-9.70319435625601,-11.9062082137607,1.36134607429585,0.3472,0.419194828668341,308.15
-9.70422061535034,-11.9056611788857,1.36252212663729,0.3482,0.420268690976793,308.15
-9.70524966878202,-11.9051102323351,1.36370017917846,0.3492,0.421341871505303,308.15
-9.70628148183738,-11.904555372149,1.36488023694412,0.3502,0.422414370902942,308.15
-9.70731601998748,-11.9039965964158,1.36606230497559,0.3512,0.423486189817961,308.15
-9.70835324898607,-11.9034339032401,1.36724638833104,0.3522,0.424557328897786,308.15
-9.70939313470901,-11.9028672907854,1.36843249208527,0.3532,0.425627788789022,308.15
-9.71043564328581,-11.9022967572403,1.36962062133002,0.3542,0.426697570137455,308.15
-9.71148074104929,-11.9017223008379,1.37081078117391,0.3552,0.427766673588053,308.15
-9.71252839450796,-11.9011439198456,1.37200297674254,0.3562,0.428835099784965,308.15
-9.71357857036853,-11.9005616125777,1.37319721317855,0.3572,0.429902849371526,308.15
-9.71463123554701,-11.8999753773796,1.37439349564174,0.3582,0.430969922990257,308.15
-9.71568635714261,-11.8993852126395,1.37559182930907,0.3592,0.432036321282862,308.15
-9.71674390243171,-11.8987911167912,1.37679221937476,0.3602,0.433102044890238,308.15
-9.71780383891935,-11.8981930883019,1.37799467105045,0.3612,0.434167094452467,308.15
-9.7188661342372,-11.8975911256839,1.37919918956507,0.3622,0.435231470608825,308.15
-9.71993075622494,-11.8969852274929,1.38040578016508,0.3632,0.436295173997777,308.15
-9.72099767292941,-11.8963753923177,1.38161444811455,0.3642,0.437358205256982,308.15
-9.72206685252546,-11.8957616188028,1.38282519869509,0.3652,0.438420565023296,308.15
-9.72313826339889,-11.8951439056241,1.38403803720607,0.3662,0.439482253932767,308.15
-9.72421187408721,-11.8945222515093,1.38525296896458,0.3672,0.440543272620641,308.15
-9.72528765332365,-11.8938966552195,1.38646999930564,0.3682,0.441603621721363,308.15
-9.72636557000052,-11.8932671155691,1.38768913358213,0.3692,0.442663301868579,308.15
-9.72744559315534,-11.8926336314121,1.38891037716493,0.3702,0.443722313695131,308.15
-9.72852769201194,-11.8919962016535,1.390133735443,0.3712,0.444780657833068,308.15
-9.7296118359596,-11.891354825233,1.39135921382348,0.3722,0.445838334913639,308.15
-9.73069799454706,-11.8907095011454,1.39258681773171,0.3732,0.446895345567299,308.15
-9.73178613746792,-11.8900602284278,1.39381655261132,0.3742,0.447951690423709,308.15
-9.73287623458999,-11.8894070061632,1.39504842392433,0.3752,0.449007370111736,308.15
-9.73396825592899,-11.8887498334802,1.39628243715124,0.3762,0.450062385259456,308.15
-9.73506217165242,-11.8880887095608,1.39751859779103,0.3772,0.451116736494154,308.15
-9.73615795207531,-11.8874236336328,1.39875691136132,0.3782,0.452170424442326,308.15
-9.73725556768493,-11.8867546049666,1.39999738339845,0.3792,0.45322344972968,308.15
-9.73835498907614,-11.8860816228899,1.40124001945746,0.3802,0.454275812981137,308.15
-9.73945618703896,-11.8854046867696,1.40248482511231,0.3812,0.455327514820833,308.15
-9.74055913245824,-11.8847237960323,1.40373180595581,0.3822,0.45637855587212,308.15
-9.74166379639959,-11.8840389501514,1.40498096759984,0.3832,0.457428936757565,308.15
-9.74277015004949,-11.8833501486493,1.40623231567534,0.3842,0.458478658098956,308.15
-9.74387816476787,-11.8826573910919,1.40748585583247,0.3852,0.459527720517298,308.15
-9.74498781197201,-11.8819606771202,1.4087415937405,0.3862,0.460576124632818,308.15
-9.74609906329663,-11.8812600064029,1.40999953508816,0.3872,0.461623871064964,308.15
-9.74721189049301,-11.880555378667,1.4112596855836,0.3882,0.462670960432408,308.15
-9.74832626540824,-11.8798467937042,1.41252205095435,0.3892,0.463717393353045,308.15
-9.74944216004953,-11.8791342513523,1.4137866369476,0.3902,0.464763170443997,308.15
-9.75055954657108,-11.8784177514905,1.41505344933023,0.3912,0.465808292321611,308.15
-9.75167839720467,-11.8776972940744,1.41632249388878,0.3922,0.466852759601464,308.15
-9.75279868436847,-11.8769728790987,1.41759377642969,0.3932,0.467896572898359,308.15
-9.75392038053409,-11.8762445066276,1.41886730277922,0.3942,0.468939732826334,308.15
-9.75504345837584,-11.8755121767648,1.42014307878377,0.3952,0.469982239998654,308.15
-9.75616789062625,-11.8747758896819,1.4214211103097,0.3962,0.471024095027818,308.15
-9.75729365017446,-11.8740356456033,1.42270140324359,0.3972,0.472065298525562,308.15
-9.75842071000969,-11.8732914448168,1.42398396349226,0.3982,0.473105851102852,308.15
-9.75954904327011,-11.8725432876624,1.42526879698292,0.3992,0.474145753369894,308.15
-9.76067862314361,-11.8717911745287,1.42655590966312,0.4002,0.475185005936131,308.15
-9.7618094230101,-11.8710351058895,1.42784530750101,0.4012,0.476223609410244,308.15
-9.7629414163173,-11.8702750822573,1.4291369964853,0.4022,0.477261564400154,308.15
-9.76407457662162,-11.8695111042165,1.43043098262537,0.4032,0.478298871513024,308.15
-9.76520887763657,-11.8687431723995,1.43172727195149,0.4042,0.479335531355256,308.15
-9.7663442931383,-11.867971287511,1.43302587051469,0.4052,0.480371544532501,308.15
-9.76748079702078,-11.8671954503165,1.434326784387,0.4062,0.481406911649649,308.15
-9.76861836331018,-11.8664156616364,1.43563001966153,0.4072,0.48244163331084,308.15
-9.76975696609767,-11.8656319223641,1.43693558245248,0.4082,0.483475710119459,308.15
-9.77089657961002,-11.8648442334513,1.43824347889531,0.4092,0.484509142678139,308.15
-9.77203717815135,-11.8640525959204,1.43955371514678,0.4102,0.485541931588763,308.15
-9.77317873618003,-11.863257010838,1.44086629738518,0.4112,0.486574077452465,308.15
-9.77432122817936,-11.8624574793684,1.44218123181013,0.4122,0.48760558086963,308.15
-9.77546462880168,-11.8616540027134,1.443498524643,0.4132,0.488636442439895,308.15
-9.77660891274745,-11.8608465821574,1.44481818212679,0.4142,0.489666662762152,308.15
-9.77775405486879,-11.8600352190389,1.44614021052636,0.4152,0.490696242434548,308.15
-9.77890003004461,-11.8592199147831,1.44746461612833,0.4162,0.491725182054487,308.15
-9.78004681328671,-11.8584006708721,1.44879140524138,0.4172,0.492753482218629,308.15
-9.78119437970852,-11.8575774888541,1.45012058419629,0.4182,0.493781143522894,308.15
-9.78234270451392,-11.856750370352,1.451452159346,0.4192,0.494808166562461,308.15
-9.78349176298492,-11.8559193170542,1.45278613706569,0.4202,0.495834551931769,308.15
-9.78464153049568,-11.8550843307292,1.45412252375291,0.4212,0.496860300224521,308.15
-9.78579198252388,-11.8542454132067,1.45546132582771,0.4222,0.497885412033682,308.15
-9.78694309462541,-11.8534025663978,1.45680254973267,0.4232,0.498909887951483,308.15
-9.7880948424249,-11.8525557922799,1.45814620193301,0.4242,0.499933728569417,308.15
-9.78924720167202,-11.8517050929071,1.45949228891678,0.4252,0.500956934478247,308.15
-9.79040014818056,-11.8508504704025,1.46084081719484,0.4262,0.501979506268003,308.15
-9.79155365785559,-11.8499919269722,1.46219179330102,0.4272,0.503001444527982,308.15
-9.79270770666873,-11.8491294648933,1.46354522379221,0.4282,0.504022749846754,308.15
-9.79386227068476,-11.8482630865169,1.46490111524846,0.4292,0.505043422812158,308.15
-9.7950173260739,-11.8473927942804,1.4662594742731,0.4302,0.506063464011305,308.15
-9.7961728490412,-11.8465185906869,1.4676203074928,0.4312,0.507082874030582,308.15
-9.7973288159014,-11.8456404783203,1.46898362155772,0.4322,0.508101653455648,308.15
-9.79848520304624,-11.8447584598514,1.47034942314158,0.4332,0.509119802871438,308.15
-9.79964198695284,-11.8438725380164,1.47171771894183,0.4342,0.510137322862166,308.15
-9.80079914413077,-11.842982715654,1.47308851567958,0.4352,0.511154214011321,308.15
-9.80195665122226,-11.8420889956625,1.47446182009994,0.4362,0.512170476901672,308.15
-9.80311448492494,-11.8411913810238,1.47583763897201,0.4372,0.513186112115269,308.15
-9.80427262196739,-11.8402898748236,1.47721597908884,0.4382,0.514201120233443,308.15
-9.80543103923795,-11.8393844802106,1.47859684726789,0.4392,0.515215501836806,308.15
-9.80658971362035,-11.8384752004086,1.47998025035082,0.4402,0.516229257505255,308.15
-9.80774862210041,-11.8375620387599,1.48136619520369,0.4412,0.51724238781797,308.15
-9.8089077417339,-11.836644998667,1.48275468871714,0.4422,0.518254893353419,308.15
-9.81006704965881,-11.8357240836195,1.48414573780645,0.4432,0.519266774689354,308.15
-9.81122652306863,-11.8347992971981,1.48553934941163,0.4442,0.520278032402818,308.15
-9.81238613920928,-11.8338706430804,1.48693553049751,0.4452,0.52128866707014,308.15
-9.81354587542101,-11.832938125019,1.48833428805395,0.4462,0.52229867926694,308.15
-9.81470570911147,-11.8320017468606,1.48973562909586,0.4472,0.523308069568131,308.15
-9.81586561772595,-11.8310615125429,1.49113956066333,0.4482,0.524316838547914,308.15
-9.81702557879198,-11.8301174260995,1.49254608982176,0.4492,0.525324986779788,308.15
-9.81818556991829,-11.829169491644,1.49395522366199,0.4502,0.526332514836544,308.15
-9.81934556875312,-11.8282177133915,1.49536696930037,0.4512,0.527339423290269,308.15
-9.82050555301691,-11.8272620956478,1.49678133387889,0.4522,0.528345712712346,308.15
-9.82166550048588,-11.8263026428144,1.4981983245653,0.4532,0.529351383673456,308.15
-9.82282538900859,-11.8253393593863,1.49961794855323,0.4542,0.530356436743579,308.15
-9.82398519649556,-11.8243722499525,1.50104021306234,0.4552,0.531360872491995,308.15
-9.82514490088755,-11.8234013192066,1.5024651253383,0.4562,0.532364691487284,308.15
-9.82630448024272,-11.8224265719294,1.50389269265313,0.4572,0.53336789429733,308.15
-9.82746391262705,-11.8214480130049,1.5053229223051,0.4582,0.534370481489316,308.15
-9.82862317617912,-11.8204656474159,1.50675582161898,0.4592,0.535372453629734,308.15
-9.82978224910013,-11.8194794802482,1.50819139794611,0.4602,0.536373811284378,308.15
-9.83094110963949,-11.8184895166863,1.50962965866453,0.4612,0.537374555018349,308.15
-9.83209973610757,-11.8174957620208,1.5110706111791,0.4622,0.538374685396054,308.15
-9.83325810688734,-11.8164982216293,1.51251426292168,0.4632,0.539374202981213,308.15
-9.83441620039078,-11.8154969010126,1.51396062135112,0.4642,0.540373108336849,308.15
-9.83557399507698,-11.8144918057717,1.51540969395345,0.4652,0.5413714020253,308.15
-9.83673146951179,-11.813482941599,1.51686148824214,0.4662,0.542369084608214,308.15
-9.83788860224372,-11.8124703143191,1.51831601175791,0.4672,0.543366156646553,308.15
-9.83904537191797,-11.8114539298402,1.51977327206918,0.4682,0.544362618700588,308.15
-9.84020175722066,-11.8104337941862,1.521233276772,0.4692,0.545358471329912,308.15
-9.84135773688237,-11.8094099135011,1.52269603349021,0.4702,0.546353715093427,308.15
-9.84251328972997,-11.8083822940116,1.52416154987574,0.4712,0.547348350549356,308.15
-9.84366839454857,-11.8073509420967,1.52562983360831,0.4722,0.548342378255237,308.15
-9.84482303025207,-11.806315864214,1.52710089239607,0.4732,0.54933579876793,308.15
-9.84597717577273,-11.8052770669492,1.52857473397539,0.4742,0.550328612643613,308.15
-9.84713081010431,-11.8042345569881,1.53005136611114,0.4752,0.551320820437783,308.15
-9.84828391226072,-11.8031883411555,1.53153079659669,0.4762,0.552312422705263,308.15
-9.84943646134664,-11.8021384263682,1.53301303325424,0.4772,0.553303420000197,308.15
-9.85058843646192,-11.8010848196813,1.5344980839347,0.4782,0.554293812876053,308.15
-9.85173981679933,-11.8000275282486,1.53598595651809,0.4792,0.555283601885623,308.15
-9.85289058157519,-11.7989665593516,1.53747665891347,0.4802,0.556272787581028,308.15
-9.85404071005008,-11.7979019204036,1.53897019905911,0.4812,0.557261370513713,308.15
-9.85519018151313,-11.7968336189225,1.54046658492269,0.4822,0.558249351234454,308.15
-9.85633897534222,-11.7957616625511,1.54196582450145,0.4832,0.559236730293353,308.15
-9.85748707093234,-11.7946860590622,1.54346792582224,0.4842,0.560223508239846,308.15
-9.85863444772831,-11.7936068163453,1.54497289694172,0.4852,0.561209685622697,308.15
-9.85978108519229,-11.7925239424282,1.54648074594638,0.4862,0.562195262990004,308.15
-9.86092696284515,-11.7914374454564,1.54799148095284,0.4872,0.563180240889197,308.15
-9.86207206028671,-11.7903473336951,1.549505110108,0.4882,0.564164619867041,308.15
-9.8632163571088,-11.7892536155554,1.55102164158898,0.4892,0.565148400469637,308.15
-9.86435983293169,-11.7881562995759,1.55254108360335,0.4902,0.56613158324242,308.15
-9.86550246748996,-11.7870553944056,1.55406344438949,0.4912,0.567114168730166,308.15
-9.86664424047484,-11.7859509088603,1.55558873221632,0.4922,0.568096157476985,308.15
-9.86778513167542,-11.784842851853,1.55711695538385,0.4932,0.569077550026329,308.15
-9.86892512089679,-11.783731232458,1.55864812222303,0.4942,0.570058346920991,308.15
-9.87006418799322,-11.7826160598716,1.56018224109607,0.4952,0.571038548703102,308.15
-9.87120231283365,-11.7814973434357,1.56171932039645,0.4962,0.572018155914138,308.15
-9.87233947534227,-11.780375092625,1.56325936854918,0.4972,0.572997169094918,308.15
-9.87347565549219,-11.7792493170539,1.56480239401092,0.4982,0.573975588785606,308.15
-9.87461083327035,-11.7781200264761,1.56634840527008,0.4992,0.574953415525708,308.15
-9.8757449887085,-11.776987230796,1.56789741084699,0.5002,0.575930649854079,308.15
-9.87687810188899,-11.7758509400433,1.56944941929411,0.5012,0.576907292308922,308.15
-9.87801015291702,-11.7747111644084,1.5710044391961,0.5022,0.577883343427785,308.15
-9.87914112192379,-11.7735679142237,1.57256247916997,0.5032,0.57885880374757,308.15
-9.88027098909028,-11.7724211999646,1.57412354786529,0.5042,0.579833673804524,308.15
-9.88139973461964,-11.7712710322604,1.57568765396429,0.5052,0.580807954134249,308.15
-9.88252733877644,-11.7701174218761,1.57725480618211,0.5062,0.581781645271698,308.15
-9.88365378183666,-11.7689603797399,1.57882501326683,0.5072,0.582754747751176,308.15
-9.88477904410153,-11.7677999169342,1.58039828399964,0.5082,0.583727262106344,308.15
-9.88590310594715,-11.7666360446776,1.58197462719515,0.5092,0.584699188870217,308.15
-9.88702594771873,-11.7654687743635,1.58355405170127,0.5102,0.585670528575167,308.15
-9.88814754984369,-11.7642981175344,1.58513656639964,0.5112,0.586641281752922,308.15
-9.88926789278857,-11.7631240858794,1.58672218020571,0.5122,0.58761144893457,308.15
-9.89038695701155,-11.7619466912563,1.58831090206876,0.5132,0.588581030650554,308.15
-9.89150472303442,-11.7607659456792,1.58990274097227,0.5142,0.589550027430682,308.15
-9.89262117137787,-11.7595818613376,1.59149770593383,0.5152,0.590518439804119,308.15
-9.89373628264819,-11.7583944505529,1.59309580600567,0.5162,0.591486268299393,308.15
-9.89485003741748,-11.7572037258434,1.5946970502744,0.5172,0.592453513444397,308.15
-9.89596241633428,-11.7560096998763,1.59630144786149,0.5182,0.593420175766386,308.15
-9.89707340006376,-11.7548123854806,1.59790900792332,0.5192,0.594386255791978,308.15
-9.8981829692996,-11.7536117956698,1.59951973965132,0.5202,0.595351754047161,308.15
-9.89929110477936,-11.7524079436067,1.60113365227221,0.5212,0.596316671057285,308.15
-9.90039778723511,-11.7512008426509,1.60275075504805,0.5222,0.597281007347072,308.15
-9.90150299746968,-11.7499905063089,1.60437105727657,0.5232,0.598244763440609,308.15
-9.90260671629031,-11.7487769482815,1.60599456829121,0.5242,0.599207939861355,308.15
-9.90370892453626,-11.7475601824315,1.60762129746133,0.5252,0.600170537132139,308.15
-9.90480960309583,-11.7463402228037,1.60925125419247,0.5262,0.60113255577516,308.15
-9.90590873283368,-11.7451170836338,1.61088444792626,0.5272,0.602093996311991,308.15
-9.90700629470139,-11.743890779314,1.61252088814096,0.5282,0.603054859263579,308.15
-9.90810226965596,-11.7426613244304,1.6141605843514,0.5292,0.604015145150242,308.15
-9.90919663868021,-11.7414287337546,1.61580354610918,0.5302,0.604974854491676,308.15
-9.91028938276117,-11.7401930222511,1.6174497830028,0.5312,0.605933987806953,308.15
-9.91138048296661,-11.738954205046,1.61909930465809,0.5322,0.606892545614521,308.15
-9.91246992032804,-11.7377122974835,1.620752120738,0.5332,0.607850528432207,308.15
-9.91355767596552,-11.7364673150758,1.62240824094318,0.5342,0.608807936777216,308.15
-9.91464373098528,-11.7352192735286,1.62406767501187,0.5352,0.609764771166133,308.15
-9.91572806652669,-11.7339681887537,1.62573043272017,0.5362,0.610721032114925,308.15
-9.91681066377766,-11.7327140768393,1.62739652388232,0.5372,0.61167672013894,308.15
-9.91789150393067,-11.7314569540846,1.62906595835074,0.5382,0.612631835752908,308.15
-9.91897056817757,-11.7301968369951,1.63073874601617,0.5392,0.613586379470943,308.15
-9.92004783781641,-11.7289337422392,1.63241489680823,0.5402,0.614540351806544,308.15
-9.92112329406745,-11.7276676867351,1.63409442069501,0.5412,0.615493753272595,308.15
-9.92219691826302,-11.726398687566,1.63577732768386,0.5422,0.616446584381367,308.15
-9.92326869172797,-11.725126762021,1.63746362782123,0.5432,0.617398845644517,308.15
-9.92433859580489,-11.7238519276469,1.6391533311928,0.5442,0.618350537573092,308.15
-9.92540661186134,-11.7225742021273,1.64084644792398,0.5452,0.619301660677525,308.15
-9.92647272130731,-11.7212936034001,1.64254298817986,0.5462,0.620252215467644,308.15
-9.92753690555164,-11.720010149607,1.64424296216545,0.5472,0.621202202452661,308.15
-9.92859914605259,-11.7187238590976,1.64594638012595,0.5482,0.622151622141188,308.15
-9.92965942429278,-11.7174347504377,1.64765325234691,0.5492,0.623100475041222,308.15
-9.93071772175731,-11.7161428424175,1.64936358915435,0.5502,0.624048761660159,308.15
-9.9317740199594,-11.7148481540473,1.65107740091502,0.5512,0.624996482504788,308.15
-9.93282830045416,-11.7135507045475,1.65279469803667,0.5522,0.625943638081291,308.15
-9.93388054481485,-11.7122505133665,1.65451549096815,0.5532,0.626890228895251,308.15
-9.9349307346312,-11.7109476001855,1.65623979019964,0.5542,0.627836255451645,308.15
-9.93597885150697,-11.7096419849067,1.65796760626281,0.5552,0.628781718254848,308.15
-9.93702487711209,-11.7083336876537,1.65969894973121,0.5562,0.629726617808636,308.15
-9.93806879306134,-11.7070227288024,1.66143383122009,0.5572,0.630670954616183,308.15
-9.9391105810811,-11.705709128936,1.66317226138715,0.5582,0.631614729180066,308.15
-9.94015022288746,-11.7043929088791,1.66491425093231,0.5592,0.632557942002261,308.15
-9.941187700184,-11.7030740897105,1.66665981059798,0.5602,0.633500593584149,308.15
-9.94222299475733,-11.7017526927243,1.66840895116952,0.5612,0.634442684426513,308.15
-9.9432560883466,-11.7004287394891,1.67016168347506,0.5622,0.635384215029542,308.15
-9.94428696282112,-11.6991022517595,1.67191801838629,0.5632,0.636325185892828,308.15
-9.9453155999274,-11.6977732516052,1.67367796681784,0.5642,0.637265597515372,308.15
-9.94634198160777,-11.6964417612694,1.67544153972855,0.5652,0.638205450395578,308.15
-9.94736608963793,-11.6951078033268,1.67720874812045,0.5662,0.639144745031263,308.15
-9.94838790598401,-11.6937714005252,1.67897960304026,0.5672,0.640083481919648,308.15
-9.94940741254237,-11.6924325759103,1.68075411557862,0.5682,0.641021661557367,308.15
-9.95042459125653,-11.691091352775,1.6825322968708,0.5692,0.641959284440463,308.15
-9.95143942410444,-11.6897477546608,1.68431415809681,0.5702,0.642896351064392,308.15
-9.95245189302622,-11.6884018053993,1.68609971048143,0.5712,0.64383286192402,308.15
-9.95346198008962,-11.6870535290341,1.68788896529496,0.5722,0.644768817513627,308.15
-9.95446966730081,-11.6857029499181,1.68968193385283,0.5732,0.645704218326908,308.15
-9.95547493673024,-11.6843500926447,1.69147862751625,0.5742,0.646639064856973,308.15
-9.95647777043624,-11.6829949820927,1.69327905769214,0.5752,0.647573357596345,308.15
-9.95747815055617,-11.6816376433949,1.69508323583373,0.5762,0.648507097036968,308.15
-9.95847605918655,-11.6802781019807,1.69689117344034,0.5772,0.649440283670199,308.15
-9.95947147847007,-11.6789163835412,1.69870288205793,0.5782,0.650372917986817,308.15
-9.96046439059924,-11.6775525140469,1.70051837327933,0.5792,0.651305000477019,308.15
-9.9614547777779,-11.6761865197354,1.70233765874437,0.5802,0.652236531630421,308.15
-9.9624426221891,-11.6748184271627,1.70416075013996,0.5812,0.65316751193606,308.15
-9.9634279061146,-11.6734482631321,1.70598765920081,0.5822,0.654097941882398,308.15
-9.96441061178976,-11.6720760547659,1.70781839770909,0.5832,0.655027821957316,308.15
-9.96539072152485,-11.6707018294462,1.70965297749515,0.5842,0.655957152648119,308.15
-9.96636821760415,-11.669325614886,1.71149141043738,0.5852,0.656885934441539,308.15
-9.96734308238767,-11.6679474390589,1.71333370846281,0.5862,0.65781416782373,308.15
-9.96831529824373,-11.6665673302417,1.71517988354716,0.5872,0.658741853280273,308.15
-9.96928484750565,-11.6651853170487,1.71702994771486,0.5882,0.659668991296177,308.15
-9.97025171261428,-11.6638014283437,1.71888391303987,0.5892,0.660595582355879,308.15
-9.97121587601488,-11.6624156933238,1.72074179164553,0.5902,0.661521626943242,308.15
-9.97217732011409,-11.6610281415087,1.72260359570465,0.5912,0.662447125541561,308.15
-9.97313602743073,-11.6596388026882,1.72446933744036,0.5922,0.66337207863356,308.15
-9.97409198047593,-11.6582477069951,1.72633902912583,0.5932,0.664296486701394,308.15
-9.97504516171864,-11.6568548848933,1.7282126830845,0.5942,0.665220350226652,308.15
-9.9759955537667,-11.6554603671147,1.73009031169095,0.5952,0.666143669690352,308.15
-9.97694313916051,-11.6540641847652,1.7319719273704,0.5962,0.66706644557295,308.15
-9.97788790054015,-11.6526663692282,1.73385754259961,0.5972,0.667988678354333,308.15
-9.97882982047088,-11.6512669522735,1.73574716990646,0.5982,0.668910368513825,308.15
-9.97976888163336,-11.6498659659442,1.73764082187095,0.5992,0.669831516530185,308.15
-9.98070506672679,-11.6484634426302,1.73953851112512,0.6002,0.670752122881611,308.15
-9.98163835842688,-11.6470594150731,1.74144025035309,0.6012,0.671672188045736,308.15
-9.98256873943956,-11.6456539163582,1.74334605229158,0.6022,0.672591712499634,308.15
-9.9834961925507,-11.6442469798749,1.74525592973041,0.6032,0.673510696719817,308.15
-9.98442070052806,-11.6428386393948,1.74716989551229,0.6042,0.674429141182238,308.15
-9.98534224616114,-11.6414289290168,1.74908796253334,0.6052,0.675347046362291,308.15
-9.98626081229857,-11.6400178831923,1.75101014374345,0.6062,0.67626441273481,308.15
-9.98717638177201,-11.6386055367356,1.75293645214631,0.6072,0.677181240774075,308.15
-9.98808893751847,-11.6371919247869,1.75486690080014,0.6082,0.678097530953808,308.15
-9.98899846237517,-11.6357770829014,1.75680150281712,0.6092,0.679013283747174,308.15
-9.98990493929179,-11.6343610469565,1.7587402713646,0.6102,0.679928499626785,308.15
-9.99080835128719,-11.632943853177,1.76068321966514,0.6112,0.680843179064699,308.15
-9.99170868131171,-11.6315255381979,1.76263036099629,0.6122,0.681757322532419,308.15
-9.99260591236449,-11.6301061390177,1.76458170869131,0.6132,0.682670930500897,308.15
-9.99350002751642,-11.6286856929919,1.76653727613956,0.6142,0.683584003440534,308.15
-9.99439100987761,-11.6272642378452,1.76849707678668,0.6152,0.684496541821179,308.15
-9.99527884249855,-11.6258418117218,1.77046112413446,0.6162,0.685408546112131,308.15
-9.99616350852739,-11.6244184531197,1.77242943174179,0.6172,0.68632001678214,308.15
-9.99704499112584,-11.6229942009419,1.77440201322456,0.6182,0.687230954299408,308.15
-9.9979232734844,-11.6215690944702,1.77637888225611,0.6192,0.688141359131589,308.15
-9.99879833882011,-11.620143173382,1.77836005256745,0.6202,0.689051231745791,308.15
-9.99967017039747,-11.6187164777515,1.78034553794766,0.6212,0.689960572608575,308.15
-10.0005387514928,-11.6172890480566,1.78233535224405,0.6222,0.690869382185958,308.15
-10.0014040654029,-11.6158609251917,1.78432950936251,0.6232,0.691777660943411,308.15
-10.0022660954753,-11.6144321504444,1.78632802326791,0.6242,0.692685409345863,308.15
-10.0031248251006,-11.6130027655027,1.78833090798446,0.6252,0.693592627857699,308.15
-10.0039802376806,-11.611572812485,1.79033817759576,0.6262,0.694499316942762,308.15
-10.004832316633,-11.6101423339452,1.7923498462452,0.6272,0.695405477064356,308.15
-10.0056810454025,-11.6087113728378,1.79436592813638,0.6282,0.696311108685241,308.15
-10.006526407559,-11.6072799725205,1.79638643753371,0.6292,0.697216212267641,308.15
-10.0073683865889,-11.6058481768276,1.79841138876194,0.6302,0.698120788273238,308.15
-10.0082069660913,-11.6044160299843,1.80044079620729,0.6312,0.699024837163178,308.15
-10.0090421296357,-11.6029835766939,1.80247467431714,0.6322,0.699928359398069,308.15
-10.0098738608418,-11.6015508620782,1.80451303760073,0.6332,0.700831355437982,308.15
-10.010702143441,-11.6001179316729,1.80655590062973,0.6342,0.701733825742453,308.15
-10.0115269611017,-11.5986848315097,1.80860327803782,0.6352,0.702635770770483,308.15
-10.0123482975544,-11.5972516080619,1.81065518452153,0.6362,0.703537190980539,308.15
-10.0131661365904,-11.5958183082347,1.81271163484064,0.6372,0.704438086830555,308.15
-10.0139804620293,-11.5943849794045,1.81477264381831,0.6382,0.70533845877793,308.15
-10.0147912577025,-11.5929516694223,1.81683822634133,0.6392,0.706238307279534,308.15
-10.0155985074859,-11.5915184266077,1.81890839736067,0.6402,0.707137632791704,308.15
-10.0164021953359,-11.5900852997161,1.82098317189192,0.6412,0.708036435770248,308.15
-10.0172023051738,-11.5886523380238,1.82306256501514,0.6422,0.708934716670445,308.15
-10.0179988210369,-11.5872195912537,1.82514659187588,0.6432,0.709832475947043,308.15
-10.0187917269341,-11.5857871096273,1.82723526768488,0.6442,0.710729714054263,308.15
-10.0195810069683,-11.584354943846,1.82932860771895,0.6452,0.711626431445801,308.15
-10.0203666452169,-11.5829231451284,1.83142662732079,0.6462,0.712522628574822,308.15
-10.0211486258701,-11.5814917651411,1.83352934190001,0.6472,0.71341830589397,308.15
-10.0219269331399,-11.5800608560732,1.835636766933,0.6482,0.714313463855361,308.15
-10.0227015512383,-11.5786304706765,1.83774891796316,0.6492,0.715208102910589,308.15
-10.0234724644198,-11.5772006620608,1.83986581060181,0.6502,0.716102223510721,308.15
-10.0242396570727,-11.5757714840169,1.84198746052825,0.6512,0.716995826106306,308.15
-10.0250031135453,-11.57434299076,1.84411388349001,0.6522,0.717888911147368,308.15
-10.0257628181915,-11.5729152370698,1.84624509530313,0.6532,0.718781479083411,308.15
-10.0265187555446,-11.5714882781889,1.84838111185335,0.6542,0.719673530363418,308.15
-10.0272709100504,-11.570062169965,1.85052194909527,0.6552,0.720565065435854,308.15
-10.0280192662835,-11.5686369687269,1.85266762305371,0.6562,0.721456084748661,308.15
-10.0287638088248,-11.5672127313735,1.85481814982354,0.6572,0.722346588749269,308.15
-10.0295045223082,-11.5657895153338,1.85697354557024,0.6582,0.723236577884585,308.15
-10.0302413914262,-11.564367378593,1.85913382653035,0.6592,0.724126052601003,308.15
-10.0309744008891,-11.56294637969,1.86129900901164,0.6602,0.725015013344399,308.15
-10.0317035355007,-11.5615265777141,1.8634691093938,0.6612,0.725903460560135,308.15
-10.0324287800761,-11.5601080323217,1.86564414412857,0.6622,0.726791394693058,308.15
-10.0331501195039,-11.5586908037445,1.86782412974025,0.6632,0.727678816187502,308.15
-10.033867538703,-11.5572749527762,1.87000908282606,0.6642,0.728565725487288,308.15
-10.034581022671,-11.55586054079,1.87219902005663,0.6652,0.729452123035724,308.15
-10.0352905564133,-11.5544476297499,1.87439395817614,0.6662,0.730338009275607,308.15
-10.0359961250496,-11.5530362821947,1.87659391400319,0.6672,0.731223384649225,308.15
-10.0366977136821,-11.5516265612705,1.8787989044306,0.6682,0.732108249598351,308.15
-10.0373953075307,-11.5502185307081,1.88100894642642,0.6692,0.732992604564256,308.15
-10.0380888918183,-11.5488122548534,1.88322405703381,0.6702,0.733876449987696,308.15
-10.0387784518569,-11.5474077986475,1.88544425337191,0.6712,0.734759786308924,308.15
-10.0394639729956,-11.54600522765,1.88766955263591,0.6722,0.735642613967682,308.15
-10.0401454406657,-11.5446046080451,1.88989997209773,0.6732,0.736524933403209,308.15
-10.0408228403306,-11.5432060066257,1.89213552910625,0.6742,0.737406745054236,308.15
-10.0414961575223,-11.5418094908231,1.8943762410878,0.6752,0.738288049358991,308.15
-10.0421653778312,-11.5404151287074,1.8966221255466,0.6762,0.739168846755197,308.15
-10.0428304868948,-11.5390229889822,1.89887320006513,0.6772,0.740049137680074,308.15
-10.0434914704411,-11.537633140994,1.90112948230474,0.6782,0.740928922570338,308.15
-10.0441483142057,-11.5362456547644,1.90339099000568,0.6792,0.741808201862205,308.15
-10.0448010040799,-11.5348606009133,1.90565774098833,0.6802,0.742686975991389,308.15
-10.0454495259232,-11.5334780507793,1.90792975315262,0.6812,0.743565245393102,308.15
-10.0460938656835,-11.532098076365,1.91020704447906,0.6822,0.744443010502059,308.15
-10.0467340094426,-11.5307207502941,1.91248963302954,0.6832,0.745320271752474,308.15
-10.0473699432257,-11.5293461459441,1.91477753694665,0.6842,0.746197029578062,308.15
-10.0480016532643,-11.5279743372961,1.91707077445559,0.6852,0.747073284412044,308.15
-10.0486291257327,-11.5266053990976,1.91936936386318,0.6862,0.747949036687139,308.15
-10.0492523469504,-11.5252394067426,1.92167332355944,0.6872,0.748824286835574,308.15
-10.0498713032763,-11.5238764363449,1.92398267201743,0.6882,0.749699035289078,308.15
-10.0504859811455,-11.5225165647364,1.92629742779392,0.6892,0.750573282478886,308.15
-10.051096367069,-11.521159869447,1.92861760952989,0.6902,0.75144702883574,308.15
-10.0517024476557,-11.5198064287131,1.93094323595106,0.6912,0.752320274789886,308.15
-10.0523042095059,-11.5184563215502,1.93327432586782,0.6922,0.75319302077108,308.15
-10.0529016393878,-11.5171096276576,1.93561089817661,0.6932,0.754065267208585,308.15
-10.0534947241103,-11.5157664274886,1.93795297185977,0.6942,0.754937014531172,308.15
-10.0540834505415,-11.5144268022414,1.94030056598609,0.6952,0.755808263167122,308.15
-10.0546678056516,-11.5130908338774,1.94265369971147,0.6962,0.756679013544227,308.15
-10.0552477764746,-11.5117586051001,1.9450123922793,0.6972,0.757549266089789,308.15
-10.0558233501104,-11.5104301993997,1.94737666302086,0.6982,0.758419021230621,308.15
-10.056394513795,-11.5091057010047,1.94974653135626,0.6992,0.75928827939305,308.15
-10.0569612547902,-11.507785194947,1.95212201679429,0.7002,0.760157041002913,308.15
-10.0575235604627,-11.5064687670434,1.95450313893336,0.7012,0.761025306485564,308.15
-10.058081418268,-11.5051565038855,1.95688991746192,0.7022,0.761893076265869,308.15
-10.0586348157308,-11.5038484928782,1.95928237215886,0.7032,0.76276035076821,308.15
-10.0591837405068,-11.5025448222175,1.96168052289431,0.7042,0.763627130416485,308.15
-10.0597281802746,-11.501245580917,1.96408438962966,0.7052,0.764493415634107,308.15
-10.0602681228305,-11.4999508588358,1.9664939924184,0.7062,0.765359206844007,308.15
-10.0608035560712,-11.4986607466158,1.9689093514068,0.7072,0.766224504468634,308.15
-10.0613344680124,-11.4973753357362,1.97133048683431,0.7082,0.767089308929956,308.15
-10.0618608466809,-11.4960947185545,1.97375741903361,0.7092,0.767953620649458,308.15
-10.0623826802846,-11.4948189882317,1.97619016843201,0.7102,0.768817440048147,308.15
-10.0628999570689,-11.4935482388322,1.97862875555117,0.7112,0.769680767546549,308.15
-10.0634126653949,-11.4922825651853,1.98107320100836,0.7122,0.770543603564713,308.15
-10.063920793701,-11.491022063133,1.98352352551613,0.7132,0.771405948522208,308.15
-10.0644243306077,-11.489766829269,1.98597974988412,0.7142,0.772267802838126,308.15
-10.0649232647203,-11.488516961139,1.98844189501814,0.7152,0.773129166931084,308.15
-10.0654175848129,-11.4872725571546,1.99090998192182,0.7162,0.77399004121922,308.15
-10.0659072797586,-11.4860337166003,1.99338403169685,0.7172,0.774850426120199,308.15
-10.0663923385576,-11.484800539766,1.99586406554334,0.7182,0.77571032205121,308.15
-10.0668727502581,-11.4835731277205,1.9983501047606,0.7192,0.776569729428968,308.15
-10.0673485040246,-11.4823515825635,2.00084217074742,0.7202,0.777428648669716,308.15
-10.0678195891868,-11.4811360072612,2.00334028500329,0.7212,0.778287080189222,308.15
-10.0682859951187,-11.4799265057611,2.00584446912814,0.7222,0.779145024402783,308.15
-10.0687477113855,-11.4787231829078,2.00835474482382,0.7232,0.780002481725227,308.15
-10.0692047275534,-11.4775261445673,2.01087113389351,0.7242,0.780859452570907,308.15
-10.0696570334441,-11.4763354974868,2.01339365824385,0.7252,0.781715937353709,308.15
-10.0701046188793,-11.4751513494445,2.01592233988401,0.7262,0.782571936487048,308.15
-10.0705474738399,-11.4739738091934,2.01845720092713,0.7272,0.783427450383871,308.15
-10.0709855884386,-11.4728029864435,2.0209982635909,0.7282,0.784282479456658,308.15
-10.0714189528884,-11.4716389919287,2.02354555019784,0.7292,0.78513702411742,308.15
-10.071847557571,-11.4704819373556,2.02609908317638,0.7302,0.785991084777702,308.15
-10.0722713929211,-11.4693319354869,2.02865888506071,0.7312,0.786844661848583,308.15
-10.0726904495703,-11.4681891000511,2.03122497849237,0.7322,0.787697755740675,308.15
-10.0731047182284,-11.4670535458732,2.03379738621994,0.7332,0.788550366864129,308.15
-10.0735141897529,-11.4659253887655,2.03637613110028,0.7342,0.789402495628628,308.15
-10.0739188551488,-11.4648047455983,2.03896123609907,0.7352,0.790254142443393,308.15
-10.0743187055077,-11.4636917343364,2.04155272429098,0.7362,0.791105307717184,308.15
-10.0747137321485,-11.4625864739305,2.04415061886134,0.7372,0.791955991858296,308.15
-10.0751039264195,-11.4614890844927,2.04675494310536,0.7382,0.792806195274564,308.15
-10.07548927987,-11.4603996871679,2.04936572042997,0.7392,0.793655918373363,308.15
-10.0758697841941,-11.4593184042007,2.05198297435403,0.7402,0.794505161561606,308.15
-10.0762454311704,-11.4582453589755,2.05460672850861,0.7412,0.795353925245747,308.15
-10.0766162128218,-11.4571806759118,2.05723700663871,0.7422,0.796202209831782,308.15
-10.0769821211989,-11.4561244806429,2.0598738326024,0.7432,0.797050015725249,308.15
-10.0773431486273,-11.4550768998465,2.06251723037324,0.7442,0.797897343331228,308.15
-10.0776992874534,-11.4540380614163,2.06516722403912,0.7452,0.79874419305434,308.15
-10.0780505302896,-11.4530080943422,2.06782383780463,0.7462,0.799590565298752,308.15
-10.0783968698237,-11.451987128806,2.07048709599046,0.7472,0.800436460468177,308.15
-10.0787382989612,-11.4509752961291,2.07315702303502,0.7482,0.801281878965868,308.15
-10.0790748107006,-11.4499727288534,2.07583364349425,0.7492,0.802126821194629,308.15
-10.0794063982847,-11.4489795606578,2.07851698204334,0.7502,0.802971287556806,308.15
-10.0797330550041,-11.4479959265016,2.08120706347609,0.7512,0.803815278454295,308.15
-10.0800547744196,-11.4470219624788,2.08390391270712,0.7522,0.804658794288538,308.15
-10.0803715502257,-11.4460578059219,2.08660755477164,0.7532,0.805501835460526,308.15
-10.0806833762981,-11.4451035953937,2.08931801482646,0.7542,0.806344402370798,308.15
-10.0809902466182,-11.4441594707567,2.09203531815012,0.7552,0.807186495419442,308.15
-10.081292155427,-11.4432255730371,2.09475949014481,0.7562,0.808028115006099,308.15
-10.0815890970985,-11.4423020445703,2.09749055633608,0.7572,0.808869261529957,308.15
-10.0818810661704,-11.4413890289865,2.10022854237377,0.7582,0.809709935389757,308.15
-10.0821680574205,-11.4404866711389,2.10297347403337,0.7592,0.810550136983793,308.15
-10.0824500657417,-11.4395951172374,2.10572537721578,0.7602,0.811389866709911,308.15
-10.0827270862692,-11.4387145147499,2.10848427794898,0.7612,0.812229124965509,308.15
-10.0829991142598,-11.4378450125093,2.11125020238789,0.7622,0.81306791214754,308.15
-10.0832661452598,-11.4369867606185,2.11402317681634,0.7632,0.813906228652511,308.15
-10.0835281748853,-11.4361399105916,2.11680322764621,0.7642,0.814744074876486,308.15
-10.0837851990688,-11.4353046152254,2.11959038141997,0.7652,0.815581451215082,308.15
-10.0840372138521,-11.4344810287199,2.12238466480999,0.7662,0.816418358063474,308.15
-10.084284215501,-11.4336693066542,2.12518610462003,0.7672,0.817254795816393,308.15
-10.0845262005121,-11.4328696059694,2.12799472778615,0.7682,0.818090764868129,308.15
-10.0847631655912,-11.4320820849856,2.13081056137732,0.7692,0.818926265612529,308.15
-10.084995107573,-11.431306903515,2.13363363259551,0.7702,0.819761298443,308.15
-10.0852220235882,-11.4305442227113,2.13646396877784,0.7712,0.820595863752507,308.15
-10.0854439109612,-11.4297942051839,2.13930159739653,0.7722,0.821429961933576,308.15
-10.0856607672071,-11.4290570150019,2.14214654605968,0.7732,0.822263593378295,308.15
-10.0858725900749,-11.4283328176878,2.1449988425124,0.7742,0.82309675847831,308.15
-10.0860793775756,-11.4276217802056,2.14785851463785,0.7752,0.823929457624832,308.15
-10.0862811278552,-11.4269240710585,2.15072559045706,0.7762,0.824761691208633,308.15
-10.0864778393963,-11.4262398601793,2.15360009813125,0.7772,0.825593459620048,308.15
-10.0866695107956,-11.4255693190829,2.15648206596102,0.7782,0.826424763248978,308.15
-10.0868561409652,-11.4249126207551,2.15937152238865,0.7792,0.827255602484885,308.15
-10.0870377290617,-11.4242699396935,2.16226849599848,0.7802,0.828085977716799,308.15
-10.0872142744311,-11.4236414519946,2.1651730155172,0.7812,0.828915889333314,308.15
-10.0873857766481,-11.4230273353241,2.16808510981505,0.7822,0.829745337722591,308.15
-10.0875522356322,-11.4224277688372,2.17100480790763,0.7832,0.830574323272355,308.15
-10.0877136514369,-11.421842933372,2.17393213895499,0.7842,0.831402846369904,308.15
-10.0878700244409,-11.421273011303,2.17686713226411,0.7852,0.832230907402098,308.15
-10.0880213552392,-11.420718186643,2.17980981728882,0.7862,0.83305850675537,308.15
-10.0881676447056,-11.4201786450299,2.18276022363118,0.7872,0.83388564481572,308.15
-10.0883088939853,-11.4196545737303,2.18571838104232,0.7882,0.834712321968719,308.15
-10.0884451044453,-11.4191461616904,2.18868431942292,0.7892,0.835538538599507,308.15
-10.0885762777794,-11.4186535994764,2.19165806882496,0.7902,0.836364295092796,308.15
-10.0887024159046,-11.4181770793935,2.19463965945167,0.7912,0.837189591832869,308.15
-10.0888235210554,-11.4177167953956,2.19762912165937,0.7922,0.838014429203583,308.15
-10.0889395956779,-11.4172729431987,2.20062648595735,0.7932,0.838838807588365,308.15
-10.0890506425639,-11.4168457201918,2.20363178300998,0.7942,0.839662727370218,308.15
-10.0891566647884,-11.416435325513,2.20664504363709,0.7952,0.840486188931717,308.15
-10.0892576656603,-11.4160419600982,2.20966629881443,0.7962,0.841309192655013,308.15
-10.0893536488496,-11.4156658265778,2.21269557967576,0.7972,0.842131738921831,308.15
-10.0894446182929,-11.4153071294247,2.21573291751285,0.7982,0.842953828113473,308.15
-10.0895305781881,-11.4149660749117,2.21877834377653,0.7992,0.843775460610816,308.15
-10.0896115330785,-11.4146428711006,2.22183189007825,0.8002,0.844596636794316,308.15
-10.0896874878595,-11.4143377278423,2.22489358819116,0.8012,0.845417357044003,308.15
-10.0897584476249,-11.4140508569219,2.22796347004966,0.8022,0.846237621739489,308.15
-10.0898244178969,-11.4137824719078,2.23104156775241,0.8032,0.847057431259962,308.15
-10.0898854044292,-11.4135327882919,2.23412791356161,0.8042,0.847876785984191,308.15
-10.0899414133343,-11.4133020234356,2.23722253990504,0.8052,0.848695686290524,308.15
-10.089992451095,-11.4130903965829,2.24032547937716,0.8062,0.849514132556889,308.15
-10.0900385244309,-11.4128981289501,2.24343676473897,0.8072,0.850332125160796,308.15
-10.0900796404897,-11.4127254436373,2.24655642892062,0.8082,0.851149664479337,308.15
-10.0901158066977,-11.4125725657366,2.24968450502116,0.8092,0.851966750889184,308.15
-10.0901470308538,-11.4124397222978,2.25282102631032,0.8102,0.852783384766594,308.15
-10.0901733210896,-11.4123271423533,2.25596602622923,0.8112,0.853599566487406,308.15
-10.0901946858855,-11.4122350569475,2.25911953839157,0.8122,0.854415296427045,308.15
-10.0902111340986,-11.4121636991306,2.26228159658483,0.8132,0.855230574960516,308.15
-10.0902226749424,-11.412113303995,2.26545223477116,0.8142,0.856045402462415,308.15
-10.0902293179631,-11.4120841086935,2.26863148708826,0.8152,0.856859779306919,308.15
-10.0902310731223,-11.4120763524306,2.27181938785111,0.8162,0.857673705867794,308.15
-10.0902279507424,-11.4120902765024,2.27501597155255,0.8172,0.85848718251839,308.15
-10.0902199614848,-11.4121261243327,2.27822127286419,0.8182,0.859300209631648,308.15
-10.0902071164454,-11.4121841414371,2.28143532663827,0.8192,0.860112787580093,308.15
-10.090189427069,-11.4122645754934,2.28465816790802,0.8202,0.860924916735843,308.15
-10.0901669052379,-11.4123676762948,2.28788983188957,0.8212,0.8617365974706,308.15
-10.0901395631496,-11.4124936958808,2.29113035398183,0.8222,0.862547830155659,308.15
-10.0901074135427,-11.4126428883743,2.29437976976977,0.8232,0.863358615161905,308.15
-10.0900704694276,-11.412815510207,2.29763811502298,0.8242,0.864168952859813,308.15
-10.0900287443034,-11.4130118199798,2.30090542569881,0.8252,0.864978843619449,308.15
-10.0899822520127,-11.413232078598,2.30418173794213,0.8262,0.865788287810472,308.15
-10.0899310069383,-11.4134765491243,2.30746708808836,0.8272,0.866597285802132,308.15
-10.0898750237429,-11.4137454970432,2.310761512662,0.8282,0.867405837963274,308.15
-10.0898143176354,-11.414039190029,2.31406504838049,0.8292,0.868213944662334,308.15
-10.0897489042655,-11.4143578980781,2.31737773215421,0.8302,0.869021606267345,308.15
-10.0896787996102,-11.4147018936284,2.32069960108659,0.8312,0.869828823145933,308.15
-10.0896040201967,-11.4150714513662,2.32403069247749,0.8322,0.870635595665318,308.15
-10.0895245829571,-11.4154668484261,2.32737104382279,0.8332,0.871441924192319,308.15
-10.0894405053463,-11.4158883642437,2.33072069281699,0.8342,0.87224780909335,308.15
-10.0893518052185,-11.4163362807597,2.33407967735287,0.8352,0.87305325073442,308.15
-10.0892585008859,-11.4168108823376,2.33744803552349,0.8362,0.873858249481138,308.15
-10.0891606112155,-11.4173124557276,2.34082580562429,0.8372,0.87466280569871,308.15
-10.0890581554703,-11.4178412902339,2.34421302615264,0.8382,0.875466919751941,308.15
-10.0889511534414,-11.4183976776034,2.34760973581049,0.8392,0.876270592005235,308.15
-10.0888396254203,-11.418981912105,2.35101597350522,0.8402,0.877073822822595,308.15
-10.0887235921694,-11.4195942905357,2.35443177835068,0.8412,0.877876612567625,308.15
-10.0886030749818,-11.4202351122625,2.35785718966884,0.8422,0.87867896160353,308.15
-10.0884780956413,-11.4209046791969,2.36129224699091,0.8432,0.879480870293115,308.15
-10.0883486764222,-11.4216032958965,2.36473699005831,0.8442,0.880282338998789,308.15
-10.0882148401954,-11.4223312694399,2.36819145882526,0.8452,0.881083368082561,308.15
-10.0880766102858,-11.4230889096373,2.37165569345833,0.8462,0.881883957906044,308.15
-10.0879340105911,-11.4238765288877,2.37512973433919,0.8472,0.882684108830456,308.15
-10.0877870655602,-11.4246944422707,2.37861362206553,0.8482,0.883483821216617,308.15
-10.0876358001412,-11.4255429676131,2.38210739745178,0.8492,0.884283095424953,308.15
-10.0874802398788,-11.4264224253964,2.38561110153158,0.8502,0.885081931815493,308.15
-10.0873204108413,-11.4273331388805,2.3891247755582,0.8512,0.885880330747874,308.15
-10.0871563397294,-11.4282754340461,2.39264846100696,0.8522,0.886678292581339,308.15
-10.0869880537212,-11.429249639709,2.39618219957508,0.8532,0.887475817674736,308.15
-10.0868155806469,-11.4302560874288,2.39972603318475,0.8542,0.888272906386522,308.15
-10.086638948946,-11.4312951115917,2.40328000398398,0.8552,0.889069559074762,308.15
-10.0864581875252,-11.4323670495161,2.40684415434653,0.8562,0.889865776097127,308.15
-10.0862733260149,-11.4334722412842,2.41041852687596,0.8572,0.8906615578109,308.15
-10.0860843945887,-11.4346110299198,2.41400316440506,0.8582,0.891456904572972,308.15
-10.0858914241082,-11.4357837613008,2.41759810999879,0.8592,0.892251816739842,308.15
-10.0856944459594,-11.4369907843299,2.42120340695381,0.8602,0.893046294667624,308.15
-10.0854934921647,-11.4382324508203,2.42481909880131,0.8612,0.893840338712039,308.15
-10.0852885954808,-11.4395091155174,2.42844522930917,0.8622,0.894633949228421,308.15
-10.0850797892351,-11.4408211362089,2.43208184248181,0.8632,0.895427126571717,308.15
-10.0848671073938,-11.4421688737194,2.43572898256222,0.8642,0.896219871096485,308.15
-10.0846505845873,-11.4435526919071,2.43938669403372,0.8652,0.897012183156898,308.15
-10.084430256176,-11.444972957647,2.4430550216221,0.8662,0.89780406310674,308.15
-10.0842061580792,-11.4464300409919,2.44673401029517,0.8672,0.898595511299412,308.15
-10.0839783269911,-11.4479243150425,2.45042370526656,0.8682,0.899386528087929,308.15
-10.0837468002577,-11.4494561560605,2.45412415199582,0.8692,0.90017711382492,308.15
-10.083511615948,-11.451025943413,2.45783539619085,0.8702,0.900967268862631,308.15
-10.0832728127606,-11.4526340597595,2.46155748380794,0.8712,0.901756993552924,308.15
-10.083030430173,-11.4542808908735,2.46529046105528,0.8722,0.902546288247278,308.15
-10.0827845083749,-11.4559668257799,2.46903437439353,0.8732,0.903335153296788,308.15
-10.0825350883044,-11.4576922567255,2.47278927053778,0.8742,0.904123589052169,308.15
-10.082282211538,-11.459457579321,2.47655519645774,0.8752,0.904911595863753,308.15
-10.0820259205339,-11.4612631923833,2.48033219938199,0.8762,0.905699174081491,308.15
-10.0817662583797,-11.4631094980299,2.48412032679717,0.8772,0.906486324054955,308.15
-10.0815032690062,-11.464996901853,2.48791962645067,0.8782,0.907273046133334,308.15
-10.0812369970898,-11.4669258126842,2.49173014635245,0.8792,0.908059340665441,308.15
-10.0809674880608,-11.4688966428266,2.49555193477584,0.8802,0.908845207999706,308.15
-10.0806947882009,-11.47090980791,2.49938504026059,0.8812,0.909630648484184,308.15
-10.0804189444676,-11.4729657271394,2.50322951161208,0.8822,0.91041566246655,308.15
-10.080140004782,-11.4750648230215,2.50708539790658,0.8832,0.911200250294103,308.15
-10.0798580177267,-11.4772075216788,2.51095274848906,0.8842,0.911984412313764,308.15
-10.0795730328215,-11.4793942526598,2.51483161297804,0.8852,0.912768148872076,308.15
-10.0792851003535,-11.4816254490955,2.51872204126527,0.8862,0.91355146031521,308.15
-10.0789942714722,-11.4839015476455,2.52262408351838,0.8872,0.914334346988958,308.15
-10.0787005981743,-11.4862229885588,2.52653779018233,0.8882,0.91511680923874,308.15
-10.0784041333175,-11.4885902156914,2.53046321198115,0.8892,0.915898847409597,308.15
-10.0781049306289,-11.4910036765112,2.53440039991979,0.8902,0.916680461846202,308.15
-10.0778030447118,-11.493463822155,2.53834940528562,0.8912,0.91746165289285,308.15
-10.0774985310504,-11.495971107421,2.54231027965035,0.8922,0.918242420893465,308.15
-10.0771914460491,-11.4985259908044,2.54628307487196,0.8932,0.919022766191599,308.15
-10.0768818469769,-11.5011289345498,2.55026784309578,0.8942,0.919802689130431,308.15
-10.076569792063,-11.5037804046128,2.55426463675732,0.8952,0.92058219005277,308.15
-10.0762553404328,-11.5064808707471,2.55827350858305,0.8962,0.921361269301051,308.15
-10.0759385521961,-11.5092308064379,2.56229451159338,0.8972,0.922139927217343,308.15
-10.0756194883444,-11.5120306890714,2.56632769910278,0.8982,0.922918164143342,308.15
-10.0752982108493,-11.5148809998271,2.57037312472291,0.8992,0.923695980420376,308.15
-10.0749747826862,-11.5177822237255,2.57443084236454,0.9002,0.924473376389403,308.15
-10.0746492677954,-11.5207348496741,2.5785009062388,0.9012,0.925250352391013,308.15
-10.0743217310201,-11.5237393705756,2.58258337085794,0.9022,0.92602690876543,308.15
-10.0739922383467,-11.5267962831339,2.58667829104033,0.9032,0.926803045852507,308.15
-10.0736608566525,-11.5299060880881,2.59078572190886,0.9042,0.927578763991733,308.15
-10.0733276538799,-11.5330692901384,2.59490571889483,0.9052,0.928354063522231,308.15
-10.0729926990433,-11.5362863979387,2.59903833773989,0.9062,0.929128944782754,308.15
-10.0726560621106,-11.5395579242246,2.60318363449621,0.9072,0.929903408111695,308.15
-10.0723178141432,-11.5428843857591,2.60734166552994,0.9082,0.930677453847077,308.15
-10.0719780272996,-11.5462663033229,2.61151248752322,0.9092,0.931451082326563,308.15
-10.0716367747772,-11.549704201819,2.61569615747499,0.9102,0.93222429388745,308.15
-10.0712941308397,-11.5531986102764,2.61989273270317,0.9112,0.93299708886667,308.15
-10.0709501708964,-11.5567500617957,2.62410227084753,0.9122,0.933769467600795,308.15
-10.0706049713924,-11.5603590937044,2.62832482986991,0.9132,0.934541430426033,308.15
-10.0702586100013,-11.5640262474063,2.63256046805862,0.9142,0.93531297767823,308.15
-10.0699111654549,-11.567752068539,2.63680924402803,0.9152,0.936084109692871,308.15
-10.0695627175805,-11.5715371069944,2.6410712167207,0.9162,0.936854826805079,308.15
-10.0692133474704,-11.5753819168247,2.6453464454115,0.9172,0.937625129349617,308.15
-10.0688631373162,-11.5792870563476,2.64963498970732,0.9182,0.938395017660889,308.15
-10.0685121704919,-11.5832530881801,2.65393690954973,0.9192,0.939164492072939,308.15
-10.0681605315543,-11.5872805792014,2.65825226521708,0.9202,0.93993355291945,308.15
-10.0678083062719,-11.5913701006125,2.66258111732646,0.9212,0.940702200533749,308.15
-10.0674555816466,-11.5955222279024,2.66692352683599,0.9222,0.941470435248804,308.15
-10.0671024458579,-11.5997375409661,2.67127955504567,0.9232,0.942238257397224,308.15
-10.066748988394,-11.6040166239569,2.67564926360136,0.9242,0.943005667311262,308.15
-10.0663952999025,-11.6083600655062,2.68003271449411,0.9252,0.943772665322816,308.15
-10.0660414723535,-11.6127684585962,2.68442997006447,0.9262,0.944539251763425,308.15
-10.0656875989615,-11.6172424006239,2.68884109300324,0.9272,0.945305426964273,308.15
-10.0653337742706,-11.6217824933509,2.69326614635458,0.9282,0.946071191256191,308.15
-10.0649800940702,-11.6263893430699,2.69770519351631,0.9292,0.946836544969651,308.15
-10.0646266554571,-11.6310635604963,2.70215829824296,0.9302,0.947601488434775,308.15
-10.064273556895,-11.6358057607829,2.70662552464831,0.9312,0.948366021981329,308.15
-10.0639208981957,-11.6406165635455,2.711106937207,0.9322,0.949130145938726,308.15
-10.0635687804363,-11.6454965929703,2.71560260075507,0.9332,0.949893860636025,308.15
-10.0632173061084,-11.6504464777006,2.72011258049401,0.9342,0.950657166401936,308.15
-10.0628665790998,-11.6554668508763,2.72463694199237,0.9352,0.951420063564813,308.15
-10.0625167046717,-11.6605583501479,2.72917575118728,0.9362,0.95218255245266,308.15
-10.062167789409,-11.6657216178087,2.73372907438528,0.9372,0.952944633393133,308.15
-10.0618199414015,-11.6709573005872,2.73829697826715,0.9382,0.953706306713532,308.15
-10.0614732701489,-11.6762660497707,2.74287952988819,0.9392,0.954467572740812,308.15
-10.061127886554,-11.68164852127,2.7474767966798,0.9402,0.955228431801575,308.15
-10.0607839029716,-11.6871053755262,2.75208884645226,0.9412,0.955988884222076,308.15
-10.0604414332251,-11.6926372775747,2.75671574739655,0.9422,0.95674893032822,308.15
-10.0601005926717,-11.698244896947,2.76135756808745,0.9432,0.957508570445564,308.15
-10.0597614980859,-11.703928907844,2.76601437748321,0.9442,0.958267804899319,308.15
-10.0594242677478,-11.7096899890354,2.77068624492892,0.9452,0.959026634014347,308.15
-10.0590890214701,-11.7155288238894,2.77537324015849,0.9462,0.959785058115162,308.15
-10.0587558806249,-11.7214461002731,2.78007543329733,0.9472,0.960543077525936,308.15
-10.0584249680619,-11.7274425107751,2.78479289486207,0.9482,0.96130069257049,308.15
-10.0580964082364,-11.733518752456,2.78952569576512,0.9492,0.962057903572304,308.15
-10.0577703271081,-11.7396755270702,2.79427390731416,0.9502,0.96281471085451,308.15
-10.0574468523,-11.7459135408478,2.79903760121686,0.9512,0.963571114739897,308.15
-10.0571261129653,-11.7522335046817,2.80381684958018,0.9522,0.964327115550909,308.15
-10.0568082398824,-11.7586361339762,2.80861172491394,0.9532,0.965082713609648,308.15
-10.0564933654154,-11.7651221487899,2.81342230013135,0.9542,0.965837909237872,308.15
-10.0561816236413,-11.7716922736455,2.81824864855327,0.9552,0.966592702756996,308.15
-10.0558731501695,-11.7783472377074,2.82309084390672,0.9562,0.967347094488093,308.15
-10.0555680823786,-11.7850877745957,2.82794896033047,0.9572,0.968101084751895,308.15
-10.0552665591869,-11.7919146226032,2.83282307237264,0.9582,0.968854673868791,308.15
-10.0549687213179,-11.798828524404,2.83771325499719,0.9592,0.969607862158832,308.15
-10.0546747111027,-11.8058302273046,2.84261958358173,0.9602,0.970360649941725,308.15
-10.0543846726098,-11.8129204830586,2.84754213392167,0.9612,0.97111303753684,308.15
-10.0540987516236,-11.820100047934,2.85248098223115,0.9622,0.971865025263207,308.15
-10.053817095654,-11.8273696826858,2.85743620514482,0.9632,0.972616613439516,308.15
-10.0535398539516,-11.8347301525427,2.86240787971964,0.9642,0.973367802384119,308.15
-10.0532671775328,-11.8421822271615,2.86739608343686,0.9652,0.97411859241503,308.15
-10.0529992191307,-11.8497266807483,2.87240089420229,0.9662,0.974868983849925,308.15
-10.0527361332848,-11.8573642918854,2.8774223903497,0.9672,0.975618977006143,308.15
-10.0524780763865,-11.8650958435485,2.88246065064285,0.9682,0.976368572200686,308.15
-10.052225206472,-11.8729221232911,2.88751575427312,0.9692,0.977117769750221,308.15
-10.0519776835535,-11.8808439229547,2.89258778086687,0.9702,0.977866569971076,308.15
-10.0517356693375,-11.8888620389604,2.89767681048148,0.9712,0.978614973179248,308.15
-10.0514993273895,-11.8969772721275,2.90278292360992,0.9722,0.979362979690394,308.15
-10.0512688231846,-11.9051904277353,2.90790620118252,0.9732,0.98011058981984,308.15
-10.0510443239535,-11.9135023156581,2.91304672456561,0.9742,0.980857803882578,308.15
-10.0508259988313,-11.9219137502839,2.91820457556533,0.9752,0.981604622193264,308.15
-10.0506140188364,-11.9304255506914,2.92337983642807,0.9762,0.982351045066223,308.15
-10.0504085568287,-11.939038540656,2.92857258984144,0.9772,0.983097072815445,308.15
-10.0502097875507,-11.9477535489238,2.93378291893505,0.9782,0.983842705754589,308.15
-10.0500178876846,-11.9565714092077,2.93901090728341,0.9792,0.984587944196984,308.15
-10.0498330357765,-11.9654929605546,2.94425663890504,0.9802,0.985332788455623,308.15
-10.049655412306,-11.9745190476433,2.94952019826449,0.9812,0.986077238843172,308.15
-10.0494851996334,-11.9836505212235,2.95480167027231,0.9822,0.986821295671964,308.15
-10.0493225820993,-11.9928882385498,2.96010114028803,0.9832,0.987564959254004,308.15
-10.0491677459164,-12.0022330644047,2.9654186941179,0.9842,0.988308229900966,308.15
-10.0490208792678,-12.0116858719582,2.97075441801807,0.9852,0.989051107924193,308.15
-10.0488821722521,-12.0212475442942,2.97610839869389,0.9862,0.989793593634703,308.15
-10.0487518169617,-12.0309189764117,2.98148072330191,0.9872,0.990535687343183,308.15
-10.0486300073883,-12.0407010782324,2.98687147944836,0.9882,0.991277389359992,308.15
-10.048516939502,-12.0505947788298,2.99228075519091,0.9892,0.992018699995162,308.15
-10.048412811258,-12.0606010327735,2.99770863903941,0.9902,0.992759619558399,308.15
-10.0483178224673,-12.0707208302659,3.003155219953,0.9912,0.99350014835908,308.15
-10.048232175027,-12.0809552129411,3.00862058734507,0.9922,0.994240286706258,308.15
-10.0481560727219,-12.0913053012764,3.01410483107918,0.9932,0.994980034908659,308.15
-10.0480897213097,-12.1017723436531,3.01960804147073,0.9942,0.995719393274684,308.15
-10.0480333285547,-12.112357812648,3.02513030928705,0.9952,0.996458362112407,308.15
-10.0479871041054,-12.1230636155273,3.03067172574502,0.9962,0.997196941729582,308.15
-10.0479512596253,-12.133892633142,3.03623238251314,0.9972,0.997935132433635,308.15
-10.0479260087092,-12.144850495178,3.04181237170909,0.9982,0.998672934531669,308.15
