-12.9514516152125,-11.8890287150413,1.04666043450221,0.0002,0.00027138438633377,308.15
-11.9363451614522,-11.8895952361312,1.04736015657068,0.0012,0.00162772523095156,308.15
-11.5948885832913,-11.8901593808924,1.04806080594546,0.0022,0.00298309835723694,308.15
-11.3849334041623,-11.8907211444374,1.04876238445251,0.0032,0.00433750480048812,308.15
-11.2333644948536,-11.8912805218799,1.04946489392255,0.0042,0.005690945594527,308.15
-11.1149545110334,-11.8918375083268,1.05016833619103,0.0052,0.00704342177170186,308.15
-11.0179556182646,-11.892392098888,1.05087271309818,0.0062,0.00839493436288998,308.15
-10.9359334366535,-11.8929442886669,1.05157802648901,0.0072,0.0097454843975002,308.15
-10.8649786854907,-11.8934940727666,1.05228427821333,0.0082,0.0110950729034756,308.15
-10.8025374928737,-11.8940414462879,1.05299147012576,0.0092,0.0124437009072962,308.15
-10.7468492268616,-11.8945864043277,1.05369960408575,0.0102,0.0137913694339811,308.15
-10.6966485905042,-11.8951289419825,1.0544086819576,0.0112,0.0151380795070919,308.15
-10.6509956400681,-11.8956690543472,1.05511870561047,0.0122,0.0164838321487345,308.15
-10.6091729912827,-11.8962067365106,1.05582967691839,0.0132,0.017828628379562,308.15
-10.5706206668255,-11.8967419835653,1.05654159776028,0.0142,0.0191724692187775,308.15
-10.5348931675959,-11.8972747905957,1.05725447001998,0.0152,0.0205153556841363,308.15
-10.5016302491229,-11.8978051526875,1.05796829558626,0.0162,0.0218572887919485,308.15
-10.4705364662792,-11.8983330649258,1.0586830763528,0.0172,0.023198269557082,308.15
-10.4413665072085,-11.8988585223883,1.05939881421826,0.0182,0.0245382989929646,308.15
-10.4139144552097,-11.8993815201551,1.06011551108628,0.0192,0.0258773781115865,308.15
-10.3880057800905,-11.899902053302,1.06083316886545,0.0202,0.0272155079235035,308.15
-10.3634912665778,-11.9004201169038,1.0615517894694,0.0212,0.0285526894378386,308.15
-10.3402423433894,-11.9009357060333,1.06227137481677,0.0222,0.0298889236622854,308.15
-10.3181474422916,-11.9014488157601,1.06299192683124,0.0232,0.03122421160311,308.15
-10.2971091260426,-11.9019594411531,1.06371344744153,0.0242,0.032558554265154,308.15
-10.2770417982661,-11.9024675772783,1.06443593858144,0.0252,0.0338919526518368,308.15
-10.2578698592519,-11.9029732192014,1.06515940218986,0.0262,0.0352244077651578,308.15
-10.2395262073717,-11.9034763619812,1.06588384021077,0.0272,0.0365559206056996,308.15
-10.221951011202,-11.9039770006812,1.06660925459329,0.0282,0.03788649217263,308.15
-10.2050906957027,-11.9044751303592,1.06733564729165,0.0292,0.0392161234637046,308.15
-10.188897099169,-11.904970746071,1.06806302026525,0.0302,0.0405448154752694,308.15
-10.1733267675889,-11.9054638428719,1.06879137547865,0.0312,0.0418725692022631,308.15
-10.1583403603353,-11.9059544158132,1.06952071490162,0.0322,0.0431993856382199,308.15
-10.1439021468021,-11.9064424599469,1.0702510405091,0.0332,0.0445252657752716,308.15
-10.1299795777307,-11.9069279703215,1.07098235428128,0.0342,0.0458502106041502,308.15
-10.1165429183683,-11.907410941985,1.07171465820356,0.0352,0.0471742211141907,308.15
-10.103564932988,-11.9078913699814,1.07244795426662,0.0362,0.0484972982933331,308.15
-10.0910206124406,-11.9083692493551,1.0731822444664,0.0372,0.0498194431281249,308.15
-10.0788869378254,-11.9088445751472,1.07391753080413,0.0382,0.051140656603724,308.15
-10.0671426747325,-11.9093173423988,1.07465381528635,0.0392,0.0524609397039006,308.15
-10.055768193384,-11.9097875461473,1.07539109992493,0.0402,0.05378029341104,308.15
-10.0447453108902,-11.9102551814278,1.07612938673705,0.0412,0.0550987187061449,308.15
-10.034057152427,-11.9107202432781,1.0768686777453,0.0422,0.0564162165688377,308.15
-10.0236880286726,-11.9111827267288,1.07760897497761,0.0432,0.0577327879773634,308.15
-10.013623327256,-11.9116426268118,1.07835028046731,0.0442,0.0590484339085913,308.15
-10.0038494163843,-11.9120999385595,1.07909259625316,0.0452,0.0603631553380182,308.15
-9.99435355897593,-11.9125546569965,1.07983592437934,0.0462,0.0616769532397701,308.15
-9.98512383602625,-11.9130067771512,1.08058026689546,0.0472,0.062989828586605,308.15
-9.97614907797938,-11.9134562940487,1.08132562585663,0.0482,0.0643017823499154,308.15
-9.96741880317414,-11.9139032027123,1.08207200332342,0.0492,0.0656128154997305,308.15
-9.95892316245643,-11.9143474981623,1.08281940136191,0.0502,0.0669229290047183,308.15
-9.95065288927255,-11.9147891754235,1.08356782204371,0.0512,0.0682321238321887,308.15
-9.94259925459474,-11.9152282295104,1.08431726744595,0.0522,0.0695404009480952,308.15
-9.9347540260992,-11.9156646554427,1.08506773965133,0.0532,0.0708477613170378,308.15
-9.92710943117494,-11.9160984482366,1.08581924074813,0.0542,0.0721542059022649,308.15
-9.91965812329488,-11.9165296029074,1.08657177283021,0.0552,0.073459735665676,308.15
-9.91239315141264,-11.9169581144658,1.08732533799706,0.0562,0.0747643515678239,308.15
-9.90530793206489,-11.9173839779253,1.08807993835378,0.0572,0.0760680545679173,308.15
-9.89839622387728,-11.9178071882968,1.08883557601114,0.0582,0.0773708456238227,308.15
-9.89165210425704,-11.9182277405898,1.08959225308558,0.0592,0.0786727256920672,308.15
-9.88506994801605,-11.9186456298127,1.0903499716992,0.0602,0.0799736957278405,308.15
-9.87864440779122,-11.9190608509695,1.09110873397985,0.0612,0.0812737566849975,308.15
-9.87237039602337,-11.9194733990689,1.09186854206107,0.0622,0.0825729095160605,308.15
-9.86624306836227,-11.9198832691133,1.09262939808215,0.0632,0.0838711551722215,308.15
-9.86025780842213,-11.9202904561077,1.09339130418817,0.0642,0.0851684946033445,308.15
-9.85441021366453,-11.9206949550512,1.09415426252997,0.0652,0.0864649287579681,308.15
-9.84869608238657,-11.9210967609463,1.0949182752642,0.0662,0.0877604585833073,308.15
-9.84311140166936,-11.9214958687937,1.09568334455332,0.0672,0.0890550850252564,308.15
-9.8376523362274,-11.9218922735915,1.09644947256566,0.0682,0.0903488090283907,308.15
-9.8323152180647,-11.922285970336,1.09721666147538,0.0692,0.0916416315359694,308.15
-9.82709653686879,-11.9226769540244,1.09798491346254,0.0702,0.0929335534899373,308.15
-9.82199293109083,-11.9230652196538,1.09875423071309,0.0712,0.0942245758309276,308.15
-9.81700117964161,-11.9234507622163,1.09952461541892,0.0722,0.0955146994982638,308.15
-9.81211819417363,-11.9238335767058,1.10029606977784,0.0732,0.0968039254299623,308.15
-9.80734101186316,-11.9242136581187,1.10106859599362,0.0742,0.0980922545627344,308.15
-9.80266678868997,-11.9245910014426,1.10184219627603,0.0752,0.0993796878319887,308.15
-9.79809279316381,-11.9249656016721,1.10261687284081,0.0762,0.100666226171833,308.15
-9.79361640045557,-11.9253374537931,1.10339262790976,0.0772,0.101951870515078,308.15
-9.78923508689556,-11.9257065527991,1.10416946371068,0.0782,0.103236621793238,308.15
-9.78494642484405,-11.9260728936778,1.10494738247747,0.0792,0.104520480936532,308.15
-9.78074807785858,-11.9264364714172,1.10572638645007,0.0802,0.105803448873889,308.15
-9.77663779619219,-11.9267972810035,1.10650647787456,0.0812,0.10708552653295,308.15
-9.77261341251797,-11.9271553174232,1.10728765900313,0.0822,0.108366714840066,308.15
-9.76867283797127,-11.9275105756645,1.1080699320941,0.0832,0.109647014720307,308.15
-9.76481405838656,-11.9278630507109,1.10885329941198,0.0842,0.110926427097457,308.15
-9.76103513076675,-11.9282127375462,1.10963776322744,0.0852,0.112204952894021,308.15
-9.75733417996572,-11.9285596311591,1.11042332581737,0.0862,0.113482593031227,308.15
-9.75370939555306,-11.928903726529,1.11120998946488,0.0872,0.114759348429025,308.15
-9.75015902887,-11.9292450186413,1.11199775645935,0.0882,0.116035220006094,308.15
-9.74668139023385,-11.9295835024788,1.11278662909639,0.0892,0.117310208679839,308.15
-9.74327484631291,-11.9299191730234,1.11357660967794,0.0902,0.118584315366398,308.15
-9.73993781763972,-11.9302520252585,1.11436770051223,0.0912,0.11985754098064,308.15
-9.73666877626265,-11.930582054165,1.11515990391383,0.0922,0.12112988643617,308.15
-9.73346624351424,-11.9309092547242,1.11595322220367,0.0932,0.12240135264533,308.15
-9.73032878792118,-11.9312336219193,1.11674765770904,0.0942,0.123671940519202,308.15
-9.72725502319638,-11.9315551507281,1.11754321276364,0.0952,0.12494165096761,308.15
-9.72424360636147,-11.9318738361358,1.11833988970761,0.0962,0.126210484899121,308.15
-9.72129323594523,-11.9321896731202,1.1191376908875,0.0972,0.127478443221047,308.15
-9.71840265028667,-11.9325026566614,1.11993661865633,0.0982,0.128745526839452,308.15
-9.71557062593064,-11.9328127817424,1.12073667537363,0.0992,0.130011736659145,308.15
-9.71279597607234,-11.933120043343,1.12153786340541,0.1002,0.131277073583693,308.15
-9.71007754912948,-11.933424436445,1.12234018512423,0.1012,0.132541538515412,308.15
-9.70741422733922,-11.9337259560263,1.12314364290919,0.1022,0.133805132355381,308.15
-9.704804925431,-11.9340245970701,1.12394823914598,0.1032,0.135067856003432,308.15
-9.70224858940758,-11.9343203545557,1.12475397622688,0.1042,0.136329710358162,308.15
-9.6997441953087,-11.9346132234653,1.12556085655079,0.1052,0.137590696316929,308.15
-9.6972907480967,-11.9349031987795,1.12636888252325,0.1062,0.138850814775858,308.15
-9.69488728057847,-11.9351902754813,1.12717805655648,0.1072,0.14011006662984,308.15
-9.69253285235123,-11.9354744485508,1.12798838106937,0.1082,0.141368452772537,308.15
-9.69022654882247,-11.9357557129717,1.12879985848755,0.1092,0.142625974096381,308.15
-9.68796748028563,-11.9360340637239,1.12961249124335,0.1102,0.14388263149258,308.15
-9.68575478099623,-11.9363094957933,1.13042628177589,0.1112,0.145138425851115,308.15
-9.68358760832066,-11.9365820041625,1.13124123253105,0.1122,0.146393358060747,308.15
-9.68146514193328,-11.9368515838157,1.13205734596153,0.1132,0.147647429009017,308.15
-9.67938658299694,-11.9371182297368,1.13287462452685,0.1142,0.148900639582248,308.15
-9.67735115344738,-11.9373819369114,1.13369307069339,0.1152,0.150152990665546,308.15
-9.67535809525893,-11.9376427003259,1.1345126869344,0.1162,0.151404483142805,308.15
-9.67340666975614,-11.9379005149657,1.13533347573003,0.1172,0.152655117896707,308.15
-9.67149615695889,-11.9381553758167,1.13615543956736,0.1182,0.153904895808725,308.15
-9.66962585494701,-11.9384072778709,1.1369785809404,0.1192,0.155153817759122,308.15
-9.66779507927929,-11.938656216114,1.13780290235016,0.1202,0.15640188462696,308.15
-9.66600316235912,-11.938902185537,1.13862840630462,0.1212,0.157649097290093,308.15
-9.66424945295478,-11.9391451811302,1.1394550953188,0.1222,0.158895456625177,308.15
-9.66253331560998,-11.9393851978835,1.14028297191475,0.1232,0.160140963507668,308.15
-9.66085413015615,-11.9396222307936,1.14111203862159,0.1242,0.161385618811825,308.15
-9.65921129120709,-11.9398562748506,1.14194229797554,0.1252,0.162629423410711,308.15
-9.65760420771707,-11.9400873250496,1.14277375251994,0.1262,0.163872378176196,308.15
-9.65603230248985,-11.9403153763897,1.14360640480527,0.1272,0.165114483978961,308.15
-9.65449501177081,-11.9405404238648,1.14444025738917,0.1282,0.166355741688496,308.15
-9.6529917848245,-11.940762462475,1.1452753128365,0.1292,0.167596152173104,308.15
-9.65152208352884,-11.94098148722,1.14611157371929,0.1302,0.168835716299905,308.15
-9.65008538198191,-11.9411974930995,1.14694904261687,0.1312,0.170074434934833,308.15
-9.64868116614647,-11.9414104751186,1.14778772211578,0.1322,0.171312308942645,308.15
-9.6473089334884,-11.9416204282809,1.14862761480992,0.1332,0.172549339186915,308.15
-9.64596819260919,-11.9418273475903,1.14946872330044,0.1342,0.173785526530044,308.15
-9.6446584629554,-11.9420312280548,1.15031105019589,0.1352,0.175020871833256,308.15
-9.64337927446206,-11.9422320646848,1.15115459811217,0.1362,0.176255375956601,308.15
-9.64213016725962,-11.9424298524903,1.15199936967256,0.1372,0.177489039758961,308.15
-9.6409106913959,-11.9426245864822,1.1528453675078,0.1382,0.178721864098048,308.15
-9.63972040650261,-11.9428162616761,1.15369259425605,0.1392,0.179953849830405,308.15
-9.63855888158563,-11.9430048730872,1.15454105256295,0.1402,0.181184997811414,308.15
-9.63742569468384,-11.9431904157351,1.15539074508164,0.1412,0.182415308895291,308.15
-9.63632043268319,-11.9433728846368,1.1562416744728,0.1422,0.183644783935092,308.15
-9.63524269101933,-11.9435522748172,1.15709384340465,0.1432,0.184873423782714,308.15
-9.63419207346571,-11.9437285812998,1.157947254553,0.1442,0.186101229288898,308.15
-9.63316819189974,-11.94390179911,1.15880191060127,0.1452,0.187328201303228,308.15
-9.63217066606111,-11.9440719232774,1.15965781424049,0.1462,0.188554340674137,308.15
-9.63119912335734,-11.9442389488331,1.16051496816939,0.1472,0.189779648248905,308.15
-9.6302531986615,-11.9444028708075,1.16137337509435,0.1482,0.191004124873663,308.15
-9.62933253407843,-11.9445636842389,1.1622330377295,0.1492,0.192227771393397,308.15
-9.62843677878652,-11.9447213841631,1.16309395879668,0.1502,0.193450588651945,308.15
-9.62756558881845,-11.9448759656244,1.16395614102551,0.1512,0.194672577492004,308.15
-9.62671862692746,-11.9450274236632,1.16481958715344,0.1522,0.195893738755127,308.15
-9.62589556235052,-11.9451757533242,1.1656842999257,0.1532,0.197114073281729,308.15
-9.62509607067389,-11.9453209496597,1.16655028209539,0.1542,0.198333581911088,308.15
-9.62431983368187,-11.945463007717,1.1674175364235,0.1552,0.199552265481346,308.15
-9.62356653916013,-11.9456019225529,1.16828606567891,0.1562,0.20077012482951,308.15
-9.62283588076776,-11.9457376892243,1.16915587263847,0.1572,0.201987160791457,308.15
-9.62212755788516,-11.9458703027898,1.17002696008695,0.1582,0.203203374201933,308.15
-9.62144127546446,-11.9459997583139,1.17089933081715,0.1592,0.204418765894557,308.15
-9.62077674387792,-11.9461260508641,1.17177298762988,0.1602,0.20563333670182,308.15
-9.62013367882296,-11.9462491755067,1.17264793333399,0.1612,0.206847087455091,308.15
-9.61951180113956,-11.9463691273166,1.17352417074643,0.1622,0.208060018984616,308.15
-9.61891083671897,-11.9464859013703,1.17440170269224,0.1632,0.20927213211952,308.15
-9.6183305163571,-11.9465994927478,1.17528053200461,0.1642,0.21048342768781,308.15
-9.61777057566308,-11.9467098965301,1.17616066152489,0.1652,0.211693906516377,308.15
-9.61723075491577,-11.946817107803,1.17704209410263,0.1662,0.212903569430997,308.15
-9.61671079895433,-11.9469211216608,1.17792483259559,0.1672,0.214112417256332,308.15
-9.61621045708747,-11.9470219331942,1.1788088798698,0.1682,0.215320450815934,308.15
-9.61572948297774,-11.9471195375019,1.17969423879957,0.1692,0.216527670932245,308.15
-9.61526763453375,-11.9472139296842,1.18058091226754,0.1702,0.217734078426603,308.15
-9.61482467380231,-11.9473051048498,1.18146890316464,0.1712,0.218939674119236,308.15
-9.6144003669034,-11.9473930581041,1.18235821439025,0.1722,0.220144458829271,308.15
-9.61399448389814,-11.9474777845645,1.18324884885209,0.1732,0.221348433374734,308.15
-9.61360679872076,-11.9475592793467,1.18414080946633,0.1742,0.222551598572549,308.15
-9.61323708909702,-11.9476375375715,1.18503409915764,0.1752,0.223753955238545,308.15
-9.61288513641089,-11.9477125543684,1.18592872085913,0.1762,0.224955504187451,308.15
-9.61255072569477,-11.947784324864,1.18682467751247,0.1772,0.226156246232906,308.15
-9.61223364548231,-11.9478528441978,1.18772197206789,0.1782,0.227356182187453,308.15
-9.61193368775551,-11.9479181075067,1.18862060748417,0.1792,0.228555312862546,308.15
-9.6116506478805,-11.9479801099352,1.18952058672875,0.1802,0.22975363906855,308.15
-9.61138432450399,-11.9480388466344,1.19042191277769,0.1812,0.230951161614745,308.15
-9.61113451949928,-11.9480943127562,1.19132458861574,0.1822,0.232147881309321,308.15
-9.61090103790285,-11.9481465034609,1.19222861723638,0.1832,0.233343798959391,308.15
-9.61068368781435,-11.9481954139108,1.1931340016418,0.1842,0.23453891537098,308.15
-9.61048228037191,-11.9482410392764,1.19404074484298,0.1852,0.235733231349039,308.15
-9.61029662964809,-11.9482833747298,1.19494884985973,0.1862,0.236926747697437,308.15
-9.61012655260503,-11.948322415451,1.19585831972066,0.1872,0.23811946521897,308.15
-9.60997186903108,-11.9483581566259,1.19676915746326,0.1882,0.239311384715358,308.15
-9.60983240148972,-11.9483905934425,1.19768136613395,0.1892,0.240502506987248,308.15
-9.60970797523102,-11.9484197210981,1.19859494878806,0.1902,0.241692832834218,308.15
-9.60959841817001,-11.948445534793,1.19950990848989,0.1912,0.242882363054776,308.15
-9.60950356081059,-11.9484680297352,1.20042624831275,0.1922,0.244071098446363,308.15
-9.60942323619891,-11.9484872011334,1.20134397133899,0.1932,0.245259039805355,308.15
-9.60935727985969,-11.9485030442126,1.20226308065999,0.1942,0.246446187927064,308.15
-9.60930552977988,-11.948515554192,1.20318357937628,0.1952,0.247632543605741,308.15
-9.60926782629467,-11.9485247263031,1.20410547059749,0.1962,0.248818107634577,308.15
-9.60924401209494,-11.9485305557846,1.20502875744242,0.1972,0.250002880805704,308.15
-9.60923393217873,-11.9485330378769,1.20595344303909,0.1982,0.251186863910197,308.15
-9.60923743374809,-11.948532167832,1.20687953052473,0.1992,0.252370057738078,308.15
-9.60925436624118,-11.9485279409031,1.20780702304585,0.2002,0.253552463078314,308.15
-9.60928458121405,-11.9485203523549,1.20873592375824,0.2012,0.254734080718824,308.15
-9.60932793236491,-11.9485093974547,1.20966623582707,0.2022,0.255914911446474,308.15
-9.60938427544389,-11.9484950714799,1.21059796242684,0.2032,0.257094956047084,308.15
-9.60945346823951,-11.9484773697107,1.21153110674147,0.2042,0.258274215305429,308.15
-9.60953537051274,-11.9484562874383,1.21246567196431,0.2052,0.259452690005237,308.15
-9.60962984399028,-11.9484318199609,1.2134016612982,0.2062,0.260630380929197,308.15
-9.60973675229685,-11.948403962579,1.21433907795547,0.2072,0.261807288858953,308.15
-9.6098559609407,-11.9483727106064,1.21527792515801,0.2082,0.262983414575115,308.15
-9.60998733727139,-11.9483380593602,1.21621820613728,0.2092,0.264158758857252,308.15
-9.6101307504199,-11.9483000041669,1.21715992413435,0.2102,0.265333322483898,308.15
-9.61028607130394,-11.9482585403609,1.21810308239995,0.2112,0.266507106232555,308.15
-9.61045317257921,-11.9482136632837,1.21904768419449,0.2122,0.26768011087969,308.15
-9.61063192859213,-11.948165368281,1.2199937327881,0.2132,0.268852337200742,308.15
-9.6108222153654,-11.9481136507126,1.22094123146067,0.2142,0.270023785970121,308.15
-9.61102391054548,-11.9480585059448,1.22189018350188,0.2152,0.271194457961209,308.15
-9.61123689339779,-11.9479999293496,1.22284059221124,0.2162,0.272364353946362,308.15
-9.61146104476981,-11.9479379163083,1.22379246089813,0.2172,0.273533474696916,308.15
-9.61169624705865,-11.9478724622111,1.22474579288184,0.2182,0.27470182098318,308.15
-9.61194238415326,-11.9478035624568,1.22570059149157,0.2192,0.275869393574447,308.15
-9.61219934147515,-11.9477312124535,1.22665686006653,0.2202,0.277036193238988,308.15
-9.61246700588838,-11.9476554076143,1.22761460195594,0.2212,0.278202220744062,308.15
-9.61274526568502,-11.9475761433665,1.22857382051904,0.2222,0.279367476855907,308.15
-9.61303401059692,-11.9474934151418,1.2295345191252,0.2232,0.280531962339752,308.15
-9.61333313170322,-11.9474072183856,1.23049670115388,0.2242,0.281695677959812,308.15
-9.6136425214892,-11.9473175485477,1.23146036999472,0.2252,0.282858624479292,308.15
-9.61396207374849,-11.9472244010887,1.23242552904758,0.2262,0.284020802660389,308.15
-9.61429168357943,-11.9471277714838,1.23339218172251,0.2272,0.285182213264294,308.15
-9.61463124740988,-11.9470276552089,1.23436033143991,0.2282,0.286342857051191,308.15
-9.61498066288651,-11.9469240477565,1.23532998163042,0.2292,0.287502734780262,308.15
-9.61533982893387,-11.9468169446272,1.23630113573509,0.2302,0.288661847209686,308.15
-9.61570864568525,-11.9467063413296,1.23727379720533,0.2312,0.289820195096643,308.15
-9.61608701448449,-11.9465922333834,1.23824796950303,0.2322,0.290977779197314,308.15
-9.61647483783578,-11.946474616322,1.23922365610048,0.2332,0.292134600266883,308.15
-9.61687201943423,-11.9463534856843,1.24020086048056,0.2342,0.293290659059539,308.15
-9.61727846409075,-11.9462288370207,1.24117958613665,0.2352,0.294445956328476,308.15
-9.61769407774026,-11.9461006658965,1.24215983657272,0.2362,0.295600492825899,308.15
-9.61811876743365,-11.9459689678789,1.24314161530342,0.2372,0.296754269303019,308.15
-9.61855244127291,-11.9458337385577,1.244124925854,0.2382,0.297907286510061,308.15
-9.61899500845956,-11.945694973525,1.24510977176047,0.2392,0.299059545196263,308.15
-9.61944637921959,-11.9455526683866,1.2460961565696,0.2402,0.300211046109876,308.15
-9.61990646480857,-11.9454068187605,1.2470840838389,0.2412,0.301361789998167,308.15
-9.62037517751705,-11.945257420276,1.24807355713677,0.2422,0.302511777607422,308.15
-9.62085243059425,-11.9451044685705,1.24906458004244,0.2432,0.303661009682947,308.15
-9.62133813827184,-11.9449479593015,1.25005715614608,0.2442,0.304809486969067,308.15
-9.6218322157835,-11.9447878881297,1.25105128904882,0.2452,0.305957210209131,308.15
-9.62233457925152,-11.944624250732,1.25204698236276,0.2462,0.307104180145511,308.15
-9.62284514576867,-11.944457042798,1.25304423971107,0.2472,0.308250397519606,308.15
-9.62336383332844,-11.9442862600247,1.25404306472799,0.2482,0.309395863071843,308.15
-9.62389056081553,-11.9441118981315,1.25504346105887,0.2492,0.310540577541676,308.15
-9.62442524800095,-11.9439339528409,1.25604543236024,0.2502,0.31168454166759,308.15
-9.62496781555948,-11.9437524198914,1.25704898229986,0.2512,0.312827756187105,308.15
-9.62551818498079,-11.9435672950349,1.2580541145567,0.2522,0.31397022183677,308.15
-9.62607627861585,-11.9433785740395,1.25906083282104,0.2532,0.315111939352174,308.15
-9.62664201962919,-11.9431862526808,1.2600691407945,0.2542,0.316252909467939,308.15
-9.62721533202482,-11.9429903267514,1.26107904219008,0.2552,0.317393132917729,308.15
-9.62779614059815,-11.9427907920551,1.26209054073222,0.2562,0.318532610434246,308.15
-9.62838437092455,-11.9425876444131,1.26310364015679,0.2572,0.319671342749233,308.15
-9.62897994936991,-11.9423808796599,1.2641183442112,0.2582,0.320809330593478,308.15
-9.62958280306732,-11.9421704936397,1.26513465665441,0.2592,0.321946574696814,308.15
-9.63019285989551,-11.941956482215,1.26615258125697,0.2602,0.323083075788119,308.15
-9.63081004847587,-11.941738841262,1.2671721218011,0.2612,0.324218834595318,308.15
-9.63143429815259,-11.9415175666706,1.26819328208067,0.2622,0.325353851845387,308.15
-9.63206553901387,-11.9412926543485,1.26921606590132,0.2632,0.326488128264355,308.15
-9.63270370181387,-11.9410641002144,1.27024047708044,0.2642,0.327621664577298,308.15
-9.63334871804819,-11.9408319002013,1.27126651944727,0.2652,0.328754461508352,308.15
-9.63400051986225,-11.9405960502639,1.2722941968429,0.2662,0.329886519780705,308.15
-9.63465904009901,-11.9403565463654,1.27332351312036,0.2672,0.331017840116603,308.15
-9.63532421225228,-11.9401133844898,1.2743544721446,0.2682,0.332148423237352,308.15
-9.63599597047106,-11.9398665606335,1.2753870777926,0.2692,0.333278269863315,308.15
-9.63667424956157,-11.9396160708136,1.27642133395341,0.2702,0.334407380713921,308.15
-9.63735898495184,-11.939361911054,1.27745724452817,0.2712,0.335535756507659,308.15
-9.63805011270139,-11.9391040774065,1.27849481343014,0.2722,0.336663397962085,308.15
-9.63874756948634,-11.9388425659305,1.27953404458482,0.2732,0.33779030579382,308.15
-9.63945129258453,-11.9385773727071,1.28057494192992,0.2742,0.338916480718552,308.15
-9.64016121987289,-11.9383084938326,1.28161750941544,0.2752,0.340041923451041,308.15
-9.64087728981514,-11.9380359254208,1.28266175100373,0.2762,0.341166634705117,308.15
-9.64159944146393,-11.9377596636015,1.28370767066952,0.2772,0.342290615193681,308.15
-9.64232761442775,-11.9374797045259,1.28475527239996,0.2782,0.343413865628708,308.15
-9.64306174890086,-11.9371960443592,1.28580456019471,0.2792,0.344536386721251,308.15
-9.64380178558869,-11.9369086792864,1.28685553806591,0.2802,0.345658179181437,308.15
-9.64454766580809,-11.936617605506,1.28790821003835,0.2812,0.346779243718472,308.15
-9.64529933135236,-11.936322819242,1.28896258014937,0.2822,0.347899581040644,308.15
-9.64605672458008,-11.9360243167337,1.29001865244903,0.2832,0.34901919185532,308.15
-9.64681978835188,-11.9357220942381,1.29107643100011,0.2842,0.350138076868951,308.15
-9.64758846607103,-11.935416148031,1.29213591987817,0.2852,0.351256236787071,308.15
-9.64836270162193,-11.9351064744074,1.29319712317159,0.2862,0.352373672314303,308.15
-9.6491424394007,-11.9347930696864,1.29426004498161,0.2872,0.353490384154353,308.15
-9.64992762429042,-11.9344759301993,1.29532468942241,0.2882,0.354606373010019,308.15
-9.65071820166475,-11.9341550523041,1.29639106062116,0.2892,0.355721639583189,308.15
-9.65151411738917,-11.93383043237,1.29745916271804,0.2902,0.356836184574841,308.15
-9.65231531776744,-11.933502066797,1.29852899986631,0.2912,0.357950008685048,308.15
-9.65312174960773,-11.9331699519962,1.29960057623237,0.2922,0.359063112612977,308.15
-9.65393336014501,-11.9328340844063,1.30067389599577,0.2932,0.360175497056891,308.15
-9.65475009708021,-11.9324944604833,1.30174896334934,0.2942,0.36128716271415,308.15
-9.65557190857021,-11.9321510767024,1.30282578249917,0.2952,0.362398110281215,308.15
-9.65639874319804,-11.9318039295641,1.30390435766469,0.2962,0.363508340453646,308.15
-9.65723054997742,-11.9314530155907,1.30498469307872,0.2972,0.364617853926105,308.15
-9.65806727836362,-11.9310983313207,1.30606679298752,0.2982,0.365726651392358,308.15
-9.65890887821802,-11.9307398733218,1.30715066165085,0.2992,0.366834733545276,308.15
-9.65975529982416,-11.9303776381799,1.30823630334203,0.3002,0.367942101076835,308.15
-9.66060649388932,-11.9300116225004,1.30932372234797,0.3012,0.369048754678121,308.15
-9.66146241149176,-11.9296418229184,1.31041292296922,0.3022,0.370154695039326,308.15
-9.66232300413196,-11.9292682360869,1.31150390952008,0.3032,0.371259922849756,308.15
-9.66318822370875,-11.9288908586854,1.31259668632859,0.3042,0.372364438797827,308.15
-9.66405802249312,-11.9285096874122,1.31369125773662,0.3052,0.373468243571069,308.15
-9.66493235314446,-11.9281247189952,1.31478762809991,0.3062,0.374571337856127,308.15
-9.6658111687085,-11.9277359501759,1.31588580178815,0.3072,0.375673722338763,308.15
-9.66669442257989,-11.9273433777363,1.31698578318496,0.3082,0.376775397703855,308.15
-9.6675820685313,-11.926946998468,1.31808757668805,0.3092,0.377876364635401,308.15
-9.66847406071279,-11.9265468091943,1.31919118670922,0.3102,0.378976623816521,308.15
-9.66937035360801,-11.9261428067619,1.32029661767442,0.3112,0.380076175929455,308.15
-9.67027090205963,-11.9257349880436,1.32140387402379,0.3122,0.381175021655568,308.15
-9.67117566126803,-11.9253233499355,1.32251296021176,0.3132,0.382273161675348,308.15
-9.67208458676579,-11.9249078893595,1.32362388070709,0.3142,0.383370596668411,308.15
-9.67299763442918,-11.924488603266,1.32473663999289,0.3152,0.3844673273135,308.15
-9.67391476045191,-11.9240654886326,1.32585124256672,0.3162,0.385563354288486,308.15
-9.67483592139133,-11.9236385424549,1.32696769294066,0.3172,0.386658678270372,308.15
-9.67576107409418,-11.9232077617669,1.3280859956413,0.3182,0.387753299935292,308.15
-9.67669017574349,-11.9227731436203,1.32920615520989,0.3192,0.388847219958513,308.15
-9.67762318383406,-11.9223346851012,1.3303281762023,0.3202,0.389940439014439,308.15
-9.67856005617715,-11.9218923833194,1.33145206318917,0.3212,0.391032957776605,308.15
-9.67950075088973,-11.9214462354105,1.33257782075591,0.3222,0.392124776917688,308.15
-9.68044522639577,-11.9209962385411,1.3337054535028,0.3232,0.393215897109502,308.15
-9.68139344140689,-11.9205423899081,1.334834966045,0.3242,0.394306319023002,308.15
-9.6823453549422,-11.9200846867345,1.33596636301264,0.3252,0.395396043328281,308.15
-9.68330092631206,-11.9196231262718,1.3370996490509,0.3262,0.396485070694581,308.15
-9.68426011511937,-11.919157705799,1.33823482882005,0.3272,0.397573401790282,308.15
-9.68522288123161,-11.9186884226331,1.33937190699548,0.3282,0.398661037282914,308.15
-9.68618918480092,-11.9182152741164,1.3405108882678,0.3292,0.399747977839152,308.15
-9.6871589862781,-11.9177382576138,1.34165177734291,0.3302,0.400834224124819,308.15
-9.6881322463864,-11.9172573705298,1.34279457894207,0.3312,0.40191977680489,308.15
-9.6891089260858,-11.9167726102984,1.34393929780187,0.3322,0.403004636543488,308.15
-9.6900889866415,-11.9162839743802,1.34508593867442,0.3332,0.404088804003891,308.15
-9.69107238952605,-11.9157914602799,1.34623450632727,0.3342,0.405172279848529,308.15
-9.69205909655273,-11.915295065512,1.34738500554368,0.3352,0.406255064738988,308.15
-9.69304906973184,-11.914794787641,1.34853744112246,0.3362,0.407337159336011,308.15
-9.69404227132952,-11.91429062426,1.34969181787815,0.3372,0.408418564299496,308.15
-9.69503866389954,-11.9137825729914,1.35084814064111,0.3382,0.409499280288504,308.15
-9.69603821018841,-11.9132706314901,1.35200641425747,0.3392,0.410579307961254,308.15
-9.69704087321201,-11.9127547974513,1.35316664358932,0.3402,0.411658647975128,308.15
-9.69804661627161,-11.9122350685914,1.35432883351473,0.3412,0.41273730098667,308.15
-9.69905540281091,-11.9117114426781,1.35549298892774,0.3422,0.413815267651588,308.15
-9.70006719659272,-11.9111839174941,1.35665911473855,0.3432,0.41489254862476,308.15
-9.70108196155766,-11.9106524908757,1.35782721587349,0.3442,0.415969144560225,308.15
-9.70209966191595,-11.9101171606753,1.35899729727518,0.3452,0.417045056111195,308.15
-9.70312026205947,-11.9095779247955,1.36016936390245,0.3462,0.41812028393005,308.15
-9.70414372664086,-11.9090347811665,1.36134342073057,0.3472,0.419194828668341,308.15
-9.70517002049963,-11.9084877277617,1.36251947275121,0.3482,0.420268690976793,308.15
-9.70619910871673,-11.9079367625842,1.36369752497253,0.3492,0.421341871505303,308.15
-9.70723095659782,-11.9073818836736,1.36487758241933,0.3502,0.422414370902942,308.15
-9.70826552961149,-11.9068230891107,1.36605965013294,0.3512,0.423486189817961,308.15
-9.70930279349575,-11.9062603770102,1.36724373317149,0.3522,0.424557328897786,308.15
-9.7103427141428,-11.9056937455269,1.36842983660982,0.3532,0.425627788789022,308.15
-9.71138525766613,-11.9051231928591,1.36961796553962,0.3542,0.426697570137455,308.15
-9.71243039038726,-11.9045487172347,1.37080812506952,0.3552,0.427766673588053,308.15
-9.71347807885243,-11.903970316917,1.37200032032516,0.3562,0.428835099784965,308.15
-9.71452828975785,-11.9033879902202,1.37319455644917,0.3572,0.429902849371526,308.15
-9.71558099000216,-11.9028017354924,1.37439083860132,0.3582,0.430969922990257,308.15
-9.71663614668501,-11.9022115511267,1.37558917195857,0.3592,0.432036321282862,308.15
-9.71769372711728,-11.9016174355403,1.37678956171521,0.3602,0.433102044890238,308.15
-9.71875369875131,-11.9010193872182,1.37799201308277,0.3612,0.434167094452467,308.15
-9.71981602924479,-11.9004174046645,1.37919653129024,0.3622,0.435231470608825,308.15
-9.72088068645625,-11.8998114864306,1.38040312158411,0.3632,0.436295173997777,308.15
-9.72194763840486,-11.89920163111,1.38161178922839,0.3642,0.437358205256982,308.15
-9.72301685326448,-11.8985878373468,1.3828225395047,0.3652,0.438420565023296,308.15
-9.72408829944152,-11.8979701038161,1.38403537771244,0.3662,0.439482253932767,308.15
-9.7251619454712,-11.89734842924,1.3852503091687,0.3672,0.440543272620641,308.15
-9.72623776006932,-11.8967228123872,1.38646733920846,0.3682,0.441603621721363,308.15
-9.72731571213579,-11.8960932520647,1.38768647318463,0.3692,0.442663301868579,308.15
-9.72839577070192,-11.895459747137,1.38890771646806,0.3702,0.443722313695131,308.15
-9.72947790500664,-11.8948222964945,1.39013107444775,0.3712,0.444780657833068,308.15
-9.73056208444208,-11.8941808990851,1.39135655253084,0.3722,0.445838334913639,308.15
-9.73164827853603,-11.8935355539008,1.39258415614262,0.3732,0.446895345567299,308.15
-9.73273645699272,-11.8928862599811,1.39381389072675,0.3742,0.447951690423709,308.15
-9.73382658967859,-11.8922330164029,1.39504576174526,0.3752,0.449007370111736,308.15
-9.73491864661054,-11.8915758223016,1.39627977467863,0.3762,0.450062385259456,308.15
-9.73601259795627,-11.8909146768552,1.39751593502585,0.3772,0.451116736494154,308.15
-9.73710841402745,-11.8902495792842,1.39875424830454,0.3782,0.452170424442326,308.15
-9.73820606530785,-11.8895805288778,1.39999472005101,0.3792,0.45322344972968,308.15
-9.7393055224152,-11.8889075249407,1.40123735582035,0.3802,0.454275812981137,308.15
-9.74040675610396,-11.8882305668559,1.40248216118647,0.3812,0.455327514820833,308.15
-9.74150973729639,-11.8875496540387,1.40372914174224,0.3822,0.45637855587212,308.15
-9.7426144370296,-11.8868647859684,1.40497830309948,0.3832,0.457428936757565,308.15
-9.74372082650853,-11.8861759621621,1.40622965088917,0.3842,0.458478658098956,308.15
-9.74482887705627,-11.8854831821984,1.40748319076139,0.3852,0.459527720517298,308.15
-9.74593856014517,-11.8847864456978,1.40873892838553,0.3862,0.460576124632818,308.15
-9.74704984737316,-11.8840857523418,1.40999686945024,0.3872,0.461623871064964,308.15
-9.74816271050092,-11.8833811018552,1.41125701966368,0.3882,0.462670960432408,308.15
-9.74927712137479,-11.8826724940265,1.4125193847534,0.3892,0.463717393353045,308.15
-9.75039305201262,-11.8819599286928,1.41378397046658,0.3902,0.464763170443997,308.15
-9.75151047453738,-11.8812434057376,1.41505078257007,0.3912,0.465808292321611,308.15
-9.75262936122386,-11.8805229251152,1.41631982685045,0.3922,0.466852759601464,308.15
-9.75374968443686,-11.8797984868213,1.4175911091141,0.3932,0.467896572898359,308.15
-9.75487141670831,-11.879070090908,1.41886463518738,0.3942,0.468939732826334,308.15
-9.75599453068268,-11.8783377374858,1.42014041091663,0.3952,0.469982239998654,308.15
-9.7571189990745,-11.8776014267361,1.42141844216816,0.3962,0.471024095027818,308.15
-9.75824479480024,-11.8768611588697,1.42269873482862,0.3972,0.472065298525562,308.15
-9.75937189084994,-11.8761169341751,1.42398129480483,0.3982,0.473105851102852,308.15
-9.76050026032884,-11.8753687529923,1.42526612802393,0.3992,0.474145753369894,308.15
-9.76162987646238,-11.8746166157227,1.42655324043353,0.4002,0.475185005936131,308.15
-9.76276071261344,-11.873860522823,1.42784263800176,0.4012,0.476223609410244,308.15
-9.76389274223224,-11.8731004748129,1.42913432671734,0.4022,0.477261564400154,308.15
-9.76502593887381,-11.8723364722722,1.43042831258964,0.4032,0.478298871513024,308.15
-9.76616027626273,-11.8715685158345,1.43172460164894,0.4042,0.479335531355256,308.15
-9.76729572815479,-11.8707966062062,1.43302319994624,0.4052,0.480371544532501,308.15
-9.76843226845413,-11.8700207441531,1.43432411355358,0.4062,0.481406911649649,308.15
-9.76956987117564,-11.8692409304942,1.43562734856406,0.4072,0.48244163331084,308.15
-9.77070851042131,-11.8684571661211,1.43693291109188,0.4082,0.483475710119459,308.15
-9.77184816042852,-11.8676694519837,1.43824080727254,0.4092,0.484509142678139,308.15
-9.77298879551017,-11.8668777891,1.43955104326281,0.4102,0.485541931588763,308.15
-9.77413039006494,-11.8660821785543,1.44086362524085,0.4112,0.486574077452465,308.15
-9.77527291864602,-11.8652826214881,1.44217855940642,0.4122,0.48760558086963,308.15
-9.77641635586516,-11.8644791191149,1.44349585198083,0.4132,0.488636442439895,308.15
-9.77756067644418,-11.8636716727171,1.44481550920709,0.4142,0.489666662762152,308.15
-9.77870585519293,-11.8628602836377,1.44613753734999,0.4152,0.490696242434548,308.15
-9.77985186703177,-11.8620449532934,1.44746194269624,0.4162,0.491725182054487,308.15
-9.78099868699258,-11.8612256831604,1.44878873155454,0.4172,0.492753482218629,308.15
-9.78214629013743,-11.8604024747982,1.45011791025557,0.4182,0.493781143522894,308.15
-9.78329465170168,-11.8595753298252,1.45144948515233,0.4192,0.494808166562461,308.15
-9.7844437469457,-11.858744249931,1.45278346261997,0.4202,0.495834551931769,308.15
-9.78559355124415,-11.8579092368856,1.45411984905602,0.4212,0.496860300224521,308.15
-9.78674404010578,-11.8570702925106,1.4554586508806,0.4222,0.497885412033682,308.15
-9.78789518904288,-11.8562274187225,1.45679987453621,0.4232,0.498909887951483,308.15
-9.78904697371405,-11.8553806174976,1.45814352648812,0.4242,0.499933728569417,308.15
-9.79019936987011,-11.8545298908934,1.45948961322437,0.4252,0.500956934478247,308.15
-9.79135235328524,-11.8536752410163,1.46083814125579,0.4262,0.501979506268003,308.15
-9.79250589990361,-11.8528166700874,1.46218911711624,0.4272,0.503001444527982,308.15
-9.79365998568501,-11.8519541803817,1.46354254736259,0.4282,0.504022749846754,308.15
-9.79481458669404,-11.8510877742505,1.46489843857488,0.4292,0.505043422812158,308.15
-9.79596967909785,-11.8502174541213,1.46625679735647,0.4302,0.506063464011305,308.15
-9.7971252391041,-11.8493432225052,1.46761763033399,0.4312,0.507082874030582,308.15
-9.79828124303809,-11.8484650819826,1.46898094415765,0.4322,0.508101653455648,308.15
-9.79943766725826,-11.8475830352291,1.47034674550109,0.4332,0.509119802871438,308.15
-9.80059448826423,-11.8466970849784,1.47171504106179,0.4342,0.510137322862166,308.15
-9.80175168258483,-11.8458072340566,1.47308583756091,0.4352,0.511154214011321,308.15
-9.8029092268322,-11.844913485376,1.47445914174351,0.4362,0.512170476901672,308.15
-9.80406709770364,-11.8440158419195,1.47583496037865,0.4372,0.513186112115269,308.15
-9.80522527195862,-11.8431143067581,1.47721330025948,0.4382,0.514201120233443,308.15
-9.80638372643999,-11.8422088830472,1.47859416820336,0.4392,0.515215501836806,308.15
-9.80754243807232,-11.8412995740224,1.479977571052,0.4402,0.516229257505255,308.15
-9.80870138383244,-11.8403863830038,1.48136351567146,0.4412,0.51724238781797,308.15
-9.80986054075808,-11.8394693134069,1.48275200895234,0.4422,0.518254893353419,308.15
-9.81101988599719,-11.8385483687179,1.48414305780993,0.4432,0.519266774689354,308.15
-9.8121793967434,-11.8376235525171,1.48553666918426,0.4442,0.520278032402818,308.15
-9.81333905024291,-11.836694868483,1.48693285004014,0.4452,0.52128866707014,308.15
-9.81449882383457,-11.8357623203627,1.48833160736741,0.4462,0.52229867926694,308.15
-9.81565869492717,-11.8348259120073,1.48973294818102,0.4472,0.523308069568131,308.15
-9.81681864096534,-11.833885647353,1.49113687952103,0.4482,0.524316838547914,308.15
-9.81797863948863,-11.8329415304319,1.49254340845285,0.4492,0.525324986779788,308.15
-9.81913866808076,-11.8319935653562,1.49395254206729,0.4502,0.526332514836544,308.15
-9.82029870438243,-11.8310417563526,1.49536428748066,0.4512,0.527339423290269,308.15
-9.82145872616674,-11.8300861077046,1.49677865183509,0.4522,0.528345712712346,308.15
-9.82261871116655,-11.8291266238288,1.4981956422982,0.4532,0.529351383673456,308.15
-9.82377863724053,-11.828163309215,1.49961526606367,0.4542,0.530356436743579,308.15
-9.82493848230005,-11.8271961684513,1.50103753035113,0.4552,0.531360872491995,308.15
-9.82609822428507,-11.8262252062331,1.50246244240626,0.4562,0.532364691487284,308.15
-9.82725784125343,-11.8252504273367,1.50389000950108,0.4572,0.53336789429733,308.15
-9.82841731128238,-11.8242718366451,1.50532023893388,0.4582,0.534370481489316,308.15
-9.8295766124887,-11.8232894391478,1.50675313802936,0.4592,0.535372453629734,308.15
-9.83073572307313,-11.8223032399293,1.50818871413888,0.4602,0.536373811284378,308.15
-9.83189462130701,-11.8213132441676,1.50962697464052,0.4612,0.537374555018349,308.15
-9.83305328549977,-11.820319457149,1.51106792693913,0.4622,0.538374685396054,308.15
-9.83421169400275,-11.8193218842673,1.51251157846649,0.4632,0.539374202981213,308.15
-9.83536982526011,-11.8183205310084,1.51395793668153,0.4642,0.540373108336849,308.15
-9.83652765771923,-11.8173154029754,1.51540700907025,0.4652,0.5413714020253,308.15
-9.83768516993669,-11.8163065058695,1.51685880314609,0.4662,0.542369084608214,308.15
-9.83884234048999,-11.8152938454922,1.51831332644984,0.4672,0.543366156646553,308.15
-9.83999914798352,-11.8142774277757,1.51977058654981,0.4682,0.544362618700588,308.15
-9.84115557114748,-11.8132572587287,1.52123059104216,0.4692,0.545358471329912,308.15
-9.84231158868894,-11.8122333444999,1.52269334755068,0.4702,0.546353715093427,308.15
-9.84346717940206,-11.811205691326,1.52415886372719,0.4712,0.547348350549356,308.15
-9.84462232213724,-11.8101743055619,1.52562714725159,0.4722,0.548342378255237,308.15
-9.84577699575406,-11.8091391936866,1.52709820583188,0.4732,0.54933579876793,308.15
-9.84693117922778,-11.8081003622655,1.52857204720454,0.4742,0.550328612643613,308.15
-9.84808485150888,-11.8070578180046,1.53004867913432,0.4752,0.551320820437783,308.15
-9.84923799165478,-11.8060115677101,1.53152810941471,0.4762,0.552312422705263,308.15
-9.85039057873769,-11.8049616183114,1.53301034586781,0.4772,0.553303420000197,308.15
-9.85154259186675,-11.803907976856,1.53449539634456,0.4782,0.554293812876053,308.15
-9.85269401024693,-11.8028506504954,1.535983268725,0.4792,0.555283601885623,308.15
-9.85384481304959,-11.8017896465285,1.53747397091806,0.4802,0.556272787581028,308.15
-9.85499497958948,-11.8007249723399,1.53896751086219,0.4812,0.557261370513713,308.15
-9.85614448915903,-11.7996566354588,1.54046389652501,0.4822,0.558249351234454,308.15
-9.85729332108944,-11.7985846435382,1.54196313590368,0.4832,0.559236730293353,308.15
-9.85844145479638,-11.7975090043386,1.54346523702509,0.4842,0.560223508239846,308.15
-9.85958886971352,-11.7964297257532,1.54497020794587,0.4852,0.561209685622697,308.15
-9.86073554532758,-11.7953468158063,1.54647805675256,0.4862,0.562195262990004,308.15
-9.86188146115899,-11.7942602826442,1.54798879156177,0.4872,0.563180240889197,308.15
-9.86302659677194,-11.7931701345372,1.54950242052032,0.4882,0.564164619867041,308.15
-9.8641709317814,-11.7920763798919,1.55101895180538,0.4892,0.565148400469637,308.15
-9.86531444583015,-11.7909790272353,1.55253839362457,0.4902,0.56613158324242,308.15
-9.86645711861915,-11.789878085231,1.55406075421618,0.4912,0.567114168730166,308.15
-9.86759892984976,-11.788773562688,1.55558604184916,0.4922,0.568096157476985,308.15
-9.86873985932384,-11.7876654685181,1.55711426482353,0.4932,0.569077550026329,308.15
-9.86987988680984,-11.7865538118025,1.55864543147016,0.4942,0.570058346920991,308.15
-9.87101899219788,-11.7854386017271,1.56017955015133,0.4952,0.571038548703102,308.15
-9.87215715534539,-11.784319847638,1.5617166292605,0.4962,0.572018155914138,308.15
-9.87329435617544,-11.7831975590081,1.56325667722267,0.4972,0.572997169094918,308.15
-9.87443057466162,-11.7820717454517,1.56479970249449,0.4982,0.573975588785606,308.15
-9.87556579079036,-11.780942416722,1.56634571356437,0.4992,0.574953415525708,308.15
-9.87669998459344,-11.7798095827236,1.56789471895263,0.5002,0.575930649854079,308.15
-9.87783313615273,-11.7786732534831,1.56944672721173,0.5012,0.576907292308922,308.15
-9.87896522556232,-11.7775334391976,1.57100174692629,0.5022,0.577883343427785,308.15
-9.88009623298814,-11.7763901501859,1.57255978671341,0.5032,0.57885880374757,308.15
-9.881226138563,-11.7752433969354,1.57412085522252,0.5042,0.579833673804524,308.15
-9.88235492253772,-11.7740931900631,1.57568496113599,0.5052,0.580807954134249,308.15
-9.88348256514258,-11.7729395403464,1.57725211316885,0.5062,0.581781645271698,308.15
-9.88460904665125,-11.7717824587077,1.57882232006917,0.5072,0.582754747751176,308.15
-9.88573434741314,-11.7706219562158,1.58039559061826,0.5082,0.583727262106344,308.15
-9.88685844772086,-11.7694580441169,1.58197193363051,0.5092,0.584699188870217,308.15
-9.88798132800495,-11.7682907337801,1.58355135795404,0.5102,0.585670528575167,308.15
-9.88910296865334,-11.7671200367509,1.58513387247039,0.5112,0.586641281752922,308.15
-9.89022335010917,-11.7659459647273,1.58671948609494,0.5122,0.58761144893457,308.15
-9.89134245288048,-11.764768529556,1.5883082077771,0.5132,0.588581030650554,308.15
-9.89246025742784,-11.763587743269,1.58990004650016,0.5142,0.589550027430682,308.15
-9.89357674434268,-11.7624036180252,1.59149501128193,0.5152,0.590518439804119,308.15
-9.89469189418499,-11.7612161661708,1.59309311117449,0.5162,0.591486268299393,308.15
-9.89580568753703,-11.7600254002109,1.59469435526447,0.5172,0.592453513444397,308.15
-9.8969181050358,-11.7588313328208,1.5962987526733,0.5182,0.593420175766386,308.15
-9.89802912738281,-11.7576339768156,1.59790631255746,0.5192,0.594386255791978,308.15
-9.89913873524691,-11.7564333452167,1.5995170441083,0.5202,0.595351754047161,308.15
-9.9002469093415,-11.7552294511947,1.60113095655249,0.5212,0.596316671057285,308.15
-9.901353630435,-11.7540223080957,1.60274805915214,0.5222,0.597281007347072,308.15
-9.90245887933051,-11.7528119294283,1.60436836120502,0.5232,0.598244763440609,308.15
-9.90356263679629,-11.7515983288963,1.60599187204443,0.5242,0.599207939861355,308.15
-9.90466488372299,-11.7503815203553,1.60761860103988,0.5252,0.600170537132139,308.15
-9.90576560094763,-11.7491615178608,1.60924855759675,0.5262,0.60113255577516,308.15
-9.90686476938567,-11.7479383356343,1.6108817511568,0.5272,0.602093996311991,308.15
-9.90796236993815,-11.7467119880825,1.61251819119817,0.5282,0.603054859263579,308.15
-9.90905838359981,-11.7454824897792,1.61415788723576,0.5292,0.604015145150242,308.15
-9.91015279134423,-11.7442498555113,1.61580084882112,0.5302,0.604974854491676,308.15
-9.91124557414489,-11.7430141002021,1.61744708554279,0.5312,0.605933987806953,308.15
-9.91233671308789,-11.7417752390328,1.61909660702653,0.5322,0.606892545614521,308.15
-9.91342618918721,-11.7405332872945,1.62074942293535,0.5332,0.607850528432207,308.15
-9.91451398357422,-11.7392882605336,1.62240554296984,0.5342,0.608807936777216,308.15
-9.91560007735272,-11.7380401744476,1.62406497686825,0.5352,0.609764771166133,308.15
-9.91668445167201,-11.7367890449387,1.62572773440672,0.5362,0.610721032114925,308.15
-9.91776708768582,-11.7355348881138,1.62739382539935,0.5372,0.61167672013894,308.15
-9.91884796662084,-11.7342777202523,1.62906325969868,0.5382,0.612631835752908,308.15
-9.91992706965699,-11.7330175578651,1.63073604719539,0.5392,0.613586379470943,308.15
-9.92100437808014,-11.7317544176261,1.63241219781908,0.5402,0.614540351806544,308.15
-9.92207987314671,-11.7304883164347,1.63409172153793,0.5412,0.615493753272595,308.15
-9.92315353616451,-11.7292192713882,1.6357746283592,0.5422,0.616446584381367,308.15
-9.92422534842551,-11.7279472997978,1.6374609283292,0.5432,0.617398845644517,308.15
-9.92529529134631,-11.7266724191412,1.63915063153394,0.5442,0.618350537573092,308.15
-9.92636334623385,-11.7253946471708,1.64084374809852,0.5452,0.619301660677525,308.15
-9.92742949448992,-11.7241140018026,1.64254028818805,0.5462,0.620252215467644,308.15
-9.92849371760049,-11.7228305011538,1.64424026200776,0.5472,0.621202202452661,308.15
-9.92955599694988,-11.7215441636059,1.64594367980261,0.5482,0.622151622141188,308.15
-9.93061631402946,-11.7202550077108,1.64765055185818,0.5492,0.623100475041222,308.15
-9.93167465033959,-11.7189630522617,1.64936088850052,0.5502,0.624048761660159,308.15
-9.93273098741759,-11.7176683162529,1.65107470009645,0.5512,0.624996482504788,308.15
-9.93378530679333,-11.7163708189166,1.65279199705364,0.5522,0.625943638081291,308.15
-9.93483759000127,-11.7150705797139,1.65451278982079,0.5532,0.626890228895251,308.15
-9.93588781870693,-11.7137676182937,1.65623708888834,0.5542,0.627836255451645,308.15
-9.93693597445174,-11.7124619545881,1.65796490478772,0.5552,0.628781718254848,308.15
-9.93798203894118,-11.7111536086971,1.65969624809263,0.5562,0.629726617808636,308.15
-9.93902599380537,-11.7098426010003,1.66143112941832,0.5572,0.630670954616183,308.15
-9.94006782070452,-11.7085289520968,1.66316955942228,0.5582,0.631614729180066,308.15
-9.94110750140678,-11.7072126827956,1.6649115488046,0.5592,0.632557942002261,308.15
-9.94214501760314,-11.7058938141806,1.66665710830763,0.5602,0.633500593584149,308.15
-9.943180351067,-11.7045723675493,1.66840624871667,0.5612,0.634442684426513,308.15
-9.94421348357324,-11.7032483644474,1.67015898085998,0.5622,0.635384215029542,308.15
-9.9452443969304,-11.701921826665,1.67191531560903,0.5632,0.636325185892828,308.15
-9.94627307298425,-11.7005927762214,1.67367526387878,0.5642,0.637265597515372,308.15
-9.947299493552,-11.6992612354183,1.67543883662761,0.5652,0.638205450395578,308.15
-9.94832364050839,-11.697927226781,1.67720604485793,0.5662,0.639144745031263,308.15
-9.94934549578292,-11.6965907730772,1.67897689961627,0.5672,0.640083481919648,308.15
-9.95036504124669,-11.6952518973638,1.6807514119932,0.5682,0.641021661557367,308.15
-9.95138225887904,-11.6939106229095,1.68252959312411,0.5692,0.641959284440463,308.15
-9.95239713064669,-11.692566973267,1.68431145418896,0.5702,0.642896351064392,308.15
-9.95340963848866,-11.6912209722649,1.6860970064125,0.5712,0.64383286192402,308.15
-9.95441976447345,-11.6898726439482,1.68788626106504,0.5722,0.644768817513627,308.15
-9.95542749060683,-11.6885220126682,1.68967922946199,0.5732,0.645704218326908,308.15
-9.95643279895757,-11.6871691030131,1.69147592296454,0.5742,0.646639064856973,308.15
-9.95743567159826,-11.6858139398618,1.69327635297967,0.5752,0.647573357596345,308.15
-9.95843609061387,-11.6844565483646,1.6950805309604,0.5762,0.648507097036968,308.15
-9.9594340381521,-11.6830969539303,1.69688846840622,0.5772,0.649440283670199,308.15
-9.96042949639469,-11.6817351822315,1.69870017686323,0.5782,0.650372917986817,308.15
-9.96142244742991,-11.6803712592818,1.70051566792386,0.5792,0.651305000477019,308.15
-9.96241287352742,-11.6790052112942,1.70233495322818,0.5802,0.652236531630421,308.15
-9.96340075685563,-11.6776370648252,1.70415804446304,0.5812,0.65316751193606,308.15
-9.96438607969651,-11.6762668466771,1.70598495336313,0.5822,0.654097941882398,308.15
-9.9653688242841,-11.6748945839709,1.70781569171061,0.5832,0.655027821957316,308.15
-9.96634897293133,-11.673520304095,1.70965027133582,0.5842,0.655957152648119,308.15
-9.96732650791999,-11.6721440347546,1.71148870411714,0.5852,0.656885934441539,308.15
-9.96830141162254,-11.6707658039181,1.71333100198164,0.5862,0.65781416782373,308.15
-9.96927366634378,-11.6693856398941,1.71517717690477,0.5872,0.658741853280273,308.15
-9.97024325453262,-11.6680035712381,1.71702724091141,0.5882,0.659668991296177,308.15
-9.97121015853913,-11.6666196268589,1.71888120607515,0.5892,0.660595582355879,308.15
-9.9721743608339,-11.6652338359382,1.72073908451941,0.5902,0.661521626943242,308.15
-9.97313584382341,-11.663846227996,1.72260088841701,0.5912,0.662447125541561,308.15
-9.97409459002741,-11.6624568328225,1.72446662999104,0.5922,0.66337207863356,308.15
-9.97505058194146,-11.6610656805526,1.72633632151464,0.5932,0.664296486701394,308.15
-9.97600380207537,-11.6596728016351,1.72820997531136,0.5942,0.665220350226652,308.15
-9.97695423299728,-11.6582782268179,1.73008760375564,0.5952,0.666143669690352,308.15
-9.97790185725908,-11.6568819871966,1.73196921927271,0.5962,0.66706644557295,308.15
-9.97884665747628,-11.6554841141725,1.73385483433924,0.5972,0.667988678354333,308.15
-9.97978861629132,-11.6540846394734,1.73574446148338,0.5982,0.668910368513825,308.15
-9.98072771631957,-11.6526835951736,1.73763811328489,0.5992,0.669831516530185,308.15
-9.98166394023447,-11.6512810136763,1.73953580237566,0.6002,0.670752122881611,308.15
-9.98259727077517,-11.6498769276876,1.74143754144009,0.6012,0.671672188045736,308.15
-9.98352769063475,-11.6484713702982,1.74334334321482,0.6022,0.672591712499634,308.15
-9.98445518257423,-11.6470643749149,1.74525322048954,0.6032,0.673510696719817,308.15
-9.98537972937216,-11.6456559752958,1.74716718610701,0.6042,0.674429141182238,308.15
-9.98630131383288,-11.6442462055382,1.74908525296339,0.6052,0.675347046362291,308.15
-9.987219918777,-11.6428351001,1.75100743400846,0.6062,0.67626441273481,308.15
-9.98813552703646,-11.6414226937985,1.75293374224587,0.6072,0.677181240774075,308.15
-9.98904812156107,-11.6400090217661,1.75486419073389,0.6082,0.678097530953808,308.15
-9.98995768520117,-11.6385941195495,1.75679879258475,0.6092,0.679013283747174,308.15
-9.99086420091969,-11.6371780230198,1.75873756096583,0.6102,0.679928499626785,308.15
-9.99176765165526,-11.6357607684408,1.76068050909937,0.6112,0.680843179064699,308.15
-9.99266802043724,-11.6343423924042,1.7626276502632,0.6122,0.681757322532419,308.15
-9.9935652902523,-11.6329229319194,1.76457899779052,0.6132,0.682670930500897,308.15
-9.99445944415668,-11.6315024243412,1.76653456507064,0.6142,0.683584003440534,308.15
-9.99535046521445,-11.6300809073995,1.76849436554901,0.6152,0.684496541821179,308.15
-9.99623833656144,-11.6286584192584,1.77045841272766,0.6162,0.685408546112131,308.15
-9.9971230413148,-11.6272349983718,1.77242672016543,0.6172,0.68632001678214,308.15
-9.99800456261309,-11.6258106836652,1.77439930147809,0.6182,0.687230954299408,308.15
-9.99888288364683,-11.6243855144203,1.77637617033895,0.6192,0.688141359131589,308.15
-9.9997579876741,-11.6229595302986,1.77835734047918,0.6202,0.689051231745791,308.15
-10.000629857919,-11.6215327713919,1.78034282568766,0.6212,0.689960572608575,308.15
-10.0014984776579,-11.6201052781804,1.78233263981171,0.6222,0.690869382185958,308.15
-10.0023638302115,-11.6186770915349,1.7843267967573,0.6232,0.691777660943411,308.15
-10.0032258989294,-11.6172482527472,1.7863253104893,0.6242,0.692685409345863,308.15
-10.0040846671755,-11.6158188035219,1.78832819503176,0.6252,0.693592627857699,308.15
-10.0049401183506,-11.6143887859742,1.79033546446829,0.6262,0.694499316942762,308.15
-10.0057922359103,-11.6129582426289,1.79234713294244,0.6272,0.695405477064356,308.15
-10.006641003276,-11.6115272164652,1.79436321465765,0.6282,0.696311108685241,308.15
-10.0074864039878,-11.6100957508476,1.79638372387822,0.6292,0.697216212267641,308.15
-10.0083284215874,-11.6086638895847,1.79840867492911,0.6302,0.698120788273238,308.15
-10.0091670396045,-11.6072316769328,1.80043808219623,0.6312,0.699024837163178,308.15
-10.0100022416901,-11.6057991575509,1.80247196012729,0.6322,0.699928359398069,308.15
-10.0108340114372,-11.6043663765797,1.80451032323141,0.6332,0.700831355437982,308.15
-10.0116623325075,-11.602933379582,1.80655318607992,0.6342,0.701733825742453,308.15
-10.0124871886541,-11.6015002125576,1.80860056330686,0.6352,0.702635770770483,308.15
-10.0133085635752,-11.600066921979,1.81065246960862,0.6362,0.703537190980539,308.15
-10.0141264410656,-11.5986335547609,1.81270891974497,0.6372,0.704438086830555,308.15
-10.014940804942,-11.5972001582716,1.81476992853902,0.6382,0.70533845877793,308.15
-10.0157516390378,-11.5957667803676,1.81683551087759,0.6392,0.706238307279534,308.15
-10.0165589272277,-11.5943334693648,1.81890568171158,0.6402,0.707137632791704,308.15
-10.0173626534677,-11.592900274017,1.8209804560566,0.6412,0.708036435770248,308.15
-10.0181628016781,-11.5914672435983,1.82305984899269,0.6422,0.708934716670445,308.15
-10.0189593559106,-11.5900344278265,1.82514387566542,0.6432,0.709832475947043,308.15
-10.0197523001337,-11.5886018769453,1.82723255128533,0.6442,0.710729714054263,308.15
-10.0205416185,-11.5871696416615,1.82932589112938,0.6452,0.711626431445801,308.15
-10.0213272950405,-11.585737773103,1.83142391054027,0.6462,0.712522628574822,308.15
-10.0221093139925,-11.5843063230281,1.83352662492757,0.6472,0.71341830589397,308.15
-10.0228876595171,-11.5828753436197,1.83563404976748,0.6482,0.714313463855361,308.15
-10.023662315853,-11.581444887564,1.83774620060361,0.6492,0.715208102910589,308.15
-10.0244332672887,-11.5800150080697,1.83986309304718,0.6502,0.716102223510721,308.15
-10.0252004981511,-11.5785857588446,1.8419847427774,0.6512,0.716995826106306,308.15
-10.0259639927852,-11.5771571941411,1.84411116554171,0.6522,0.717888911147368,308.15
-10.0267237356295,-11.5757293686984,1.84624237715651,0.6532,0.718781479083411,308.15
-10.0274797111206,-11.5743023378136,1.84837839350707,0.6542,0.719673530363418,308.15
-10.0282319037704,-11.5728761572865,1.85051923054829,0.6552,0.720565065435854,308.15
-10.0289802980986,-11.5714508834778,1.85266490430471,0.6562,0.721456084748661,308.15
-10.0297248787278,-11.570026573263,1.85481543087137,0.6572,0.722346588749269,308.15
-10.0304656302791,-11.5686032840827,1.85697082641368,0.6582,0.723236577884585,308.15
-10.0312025374425,-11.5671810739133,1.85913110716814,0.6592,0.724126052601003,308.15
-10.0319355849148,-11.5657600013041,1.86129628944243,0.6602,0.725015013344399,308.15
-10.0326647575424,-11.5643401253234,1.86346638961644,0.6612,0.725903460560135,308.15
-10.0333900400968,-11.5629215056453,1.86564142414166,0.6622,0.726791394693058,308.15
-10.034111417481,-11.5615042024942,1.86782140954246,0.6632,0.727678816187502,308.15
-10.0348288746135,-11.5600882766621,1.87000636241602,0.6642,0.728565725487288,308.15
-10.0355423964911,-11.5586737895223,1.87219629943295,0.6652,0.729452123035724,308.15
-10.0362519681342,-11.5572608030303,1.8743912373375,0.6662,0.730338009275607,308.15
-10.0369575746193,-11.5558493797467,1.876591192948,0.6672,0.731223384649225,308.15
-10.0376592010909,-11.5544395827942,1.87879618315748,0.6682,0.732108249598351,308.15
-10.0383568327524,-11.5530314759063,1.88100622493388,0.6692,0.732992604564256,308.15
-10.0390504548294,-11.5516251234324,1.88322133532036,0.6702,0.733876449987696,308.15
-10.0397400526312,-11.550220590309,1.88544153143602,0.6712,0.734759786308924,308.15
-10.0404256115107,-11.5488179421052,1.88766683047603,0.6722,0.735642613967682,308.15
-10.0411071169058,-11.5474172449758,1.88989724971237,0.6732,0.736524933403209,308.15
-10.0417845542568,-11.5460185657444,1.89213280649372,0.6742,0.737406745054236,308.15
-10.0424579091098,-11.5446219718332,1.89437351824649,0.6752,0.738288049358991,308.15
-10.0431271670379,-11.5432275313109,1.89661940247478,0.6762,0.739168846755197,308.15
-10.043792313709,-11.5418353128735,1.89887047676121,0.6772,0.740049137680074,308.15
-10.0444533348219,-11.5404453858778,1.90112675876693,0.6782,0.740928922570338,308.15
-10.0451102161514,-11.5390578203129,1.90338826623243,0.6792,0.741808201862205,308.15
-10.0457629435353,-11.5376726868395,1.90565501697773,0.6802,0.742686975991389,308.15
-10.0464115028893,-11.5362900567637,1.90792702890304,0.6812,0.743565245393102,308.15
-10.0470558801317,-11.534910002097,1.91020431998871,0.6822,0.744443010502059,308.15
-10.0476960613146,-11.53353259548,1.91248690829644,0.6832,0.745320271752474,308.15
-10.0483320325217,-11.5321579102589,1.91477481196909,0.6842,0.746197029578062,308.15
-10.0489637799262,-11.5307860204447,1.91706804923154,0.6852,0.747073284412044,308.15
-10.0495912897452,-11.5294170007608,1.91936663839081,0.6862,0.747949036687139,308.15
-10.0502145482687,-11.5280509266128,1.92167059783674,0.6872,0.748824286835574,308.15
-10.0508335418862,-11.5266878741062,1.92397994604252,0.6882,0.749699035289078,308.15
-10.0514482570136,-11.5253279200639,1.9262947015648,0.6892,0.750573282478886,308.15
-10.0520586801935,-11.5239711420098,1.92861488304471,0.6902,0.75144702883574,308.15
-10.0526647979478,-11.5226176182261,1.93094050920746,0.6912,0.752320274789886,308.15
-10.0532665969785,-11.5212674276728,1.93327159886395,0.6922,0.75319302077108,308.15
-10.0538640640087,-11.5199206500686,1.93560817091039,0.6932,0.754065267208585,308.15
-10.0544571858172,-11.518577365881,1.93795024432889,0.6942,0.754937014531172,308.15
-10.0550459493174,-11.5172376562872,1.94029783818847,0.6952,0.755808263167122,308.15
-10.0556303414632,-11.5159016032519,1.94265097164493,0.6962,0.756679013544227,308.15
-10.0562103492875,-11.5145692894743,1.94500966394163,0.6972,0.757549266089789,308.15
-10.0567859599069,-11.5132407984446,1.94737393440988,0.6982,0.758419021230621,308.15
-10.0573571605108,-11.5119162144049,1.94974380246953,0.6992,0.75928827939305,308.15
-10.0579239384078,-11.5105956223737,1.95211928762958,0.7002,0.760157041002913,308.15
-10.0584862809457,-11.5092791081599,1.95450040948833,0.7012,0.761025306485564,308.15
-10.0590441755822,-11.5079667583638,1.95688718773421,0.7022,0.761893076265869,308.15
-10.0595976098553,-11.5066586603774,1.95927964214614,0.7032,0.76276035076821,308.15
-10.0601465713614,-11.5053549024258,1.9616777925939,0.7042,0.763627130416485,308.15
-10.0606910478552,-11.5040555734914,1.96408165903925,0.7052,0.764493415634107,308.15
-10.0612310271134,-11.5027607634263,1.9664912615356,0.7062,0.765359206844007,308.15
-10.0617664970044,-11.5014705628912,1.96890662022898,0.7072,0.766224504468634,308.15
-10.0622974455609,-11.500185063364,1.97132775535893,0.7082,0.767089308929956,308.15
-10.062823860807,-11.4989043571933,1.97375468725805,0.7092,0.767953620649458,308.15
-10.0633457309506,-11.497628537541,1.97618743635365,0.7102,0.768817440048147,308.15
-10.063863044216,-11.4963576984604,1.97862602316729,0.7112,0.769680767546549,308.15
-10.0643757890122,-11.4950919348168,1.98107046831631,0.7122,0.770543603564713,308.15
-10.0648839537588,-11.4938313423989,1.98352079251329,0.7132,0.771405948522208,308.15
-10.0653875270515,-11.4925760178285,1.98597701656765,0.7142,0.772267802838126,308.15
-10.0658864975108,-11.4913260586449,1.98843916138523,0.7152,0.773129166931084,308.15
-10.0663808539115,-11.4900815632619,1.99090724796964,0.7162,0.77399004121922,308.15
-10.0668705851327,-11.488842630981,1.99338129742251,0.7172,0.774850426120199,308.15
-10.0673556801656,-11.4876093620126,1.99586133094407,0.7182,0.77571032205121,308.15
-10.067836128023,-11.4863818575293,1.99834736983317,0.7192,0.776569729428968,308.15
-10.0683119179359,-11.4851602195679,2.00083943548905,0.7202,0.777428648669716,308.15
-10.068783039202,-11.4839445511015,2.00333754941096,0.7212,0.778287080189222,308.15
-10.0692494812254,-11.4827349560626,2.00584173319899,0.7222,0.779145024402783,308.15
-10.0697112334976,-11.4815315393403,2.00835200855449,0.7232,0.780002481725227,308.15
-10.070168285659,-11.4803344067561,2.01086839728106,0.7242,0.780859452570907,308.15
-10.0706206274697,-11.4791436650863,2.01339092128494,0.7252,0.781715937353709,308.15
-10.0710682487837,-11.4779594220983,2.01591960257543,0.7262,0.782571936487048,308.15
-10.0715111396068,-11.476781786513,2.01845446326584,0.7272,0.783427450383871,308.15
-10.0719492899959,-11.4756108680857,2.02099552557344,0.7282,0.784282479456658,308.15
-10.0723826902368,-11.474446777501,2.02354281182117,0.7292,0.78513702411742,308.15
-10.0728113306213,-11.4732896265175,2.02609634443687,0.7302,0.785991084777702,308.15
-10.0732352016563,-11.4721395278453,2.02865614595518,0.7312,0.786844661848583,308.15
-10.0736542939186,-11.4709965952645,2.03122223901717,0.7322,0.787697755740675,308.15
-10.0740685981578,-11.469860943555,2.03379464637169,0.7332,0.788550366864129,308.15
-10.0744781052318,-11.4687326885843,2.03637339087544,0.7342,0.789402495628628,308.15
-10.0748828061017,-11.4676119470958,2.03895849549416,0.7352,0.790254142443393,308.15
-10.0752826919171,-11.4664988371668,2.04154998330247,0.7362,0.791105307717184,308.15
-10.0756777539383,-11.4653934777383,2.04414787748539,0.7372,0.791955991858296,308.15
-10.0760679835573,-11.4642959888879,2.04675220133839,0.7382,0.792806195274564,308.15
-10.0764533723079,-11.463206491772,2.04936297826825,0.7392,0.793655918373363,308.15
-10.0768339118678,-11.4621251086347,2.0519802317937,0.7402,0.794505161561606,308.15
-10.0772095940762,-11.4610519628277,2.05460398554616,0.7412,0.795353925245747,308.15
-10.0775804108533,-11.459987178842,2.05723426326988,0.7422,0.796202209831782,308.15
-10.0779463543664,-11.4589308822247,2.05987108882371,0.7432,0.797050015725249,308.15
-10.07830741682,-11.4578831997256,2.06251448618032,0.7442,0.797897343331228,308.15
-10.0786635906815,-11.4568442591653,2.06516447942841,0.7452,0.79874419305434,308.15
-10.0790148684574,-11.4558141895964,2.06782109277178,0.7462,0.799590565298752,308.15
-10.0793612429118,-11.4547931211583,2.07048435053161,0.7472,0.800436460468177,308.15
-10.0797027068875,-11.4537811851999,2.07315427714582,0.7482,0.801281878965868,308.15
-10.0800392534285,-11.452778514237,2.07583089717064,0.7492,0.802126821194629,308.15
-10.0803708757483,-11.4517852419693,2.078514235281,0.7502,0.802971287556806,308.15
-10.0806975671816,-11.4508015033216,2.08120431627095,0.7512,0.803815278454295,308.15
-10.0810193212565,-11.4498274343996,2.08390116505488,0.7522,0.804658794288538,308.15
-10.0813361316551,-11.4488631725547,2.08660480666783,0.7532,0.805501835460526,308.15
-10.0816479922368,-11.4479088563563,2.08931526626645,0.7542,0.806344402370798,308.15
-10.0819548970566,-11.4469646256076,2.09203256912977,0.7552,0.807186495419442,308.15
-10.0822568402975,-11.4460306213842,2.09475674065951,0.7562,0.808028115006099,308.15
-10.0825538163138,-11.4451069859614,2.0974878063812,0.7572,0.808869261529957,308.15
-10.0828458197389,-11.4441938630871,2.10022579194482,0.7582,0.809709935389757,308.15
-10.0831328452553,-11.443291397498,2.10297072312563,0.7592,0.810550136983793,308.15
-10.0834148877871,-11.4423997354395,2.10572262582453,0.7602,0.811389866709911,308.15
-10.0836919424698,-11.4415190243806,2.10848152606945,0.7612,0.812229124965509,308.15
-10.083964004573,-11.4406494131365,2.11124745001537,0.7622,0.81306791214754,308.15
-10.0842310695848,-11.4397910518563,2.11402042394563,0.7632,0.813906228652511,308.15
-10.0844931332337,-11.4389440920014,2.1168004742728,0.7642,0.814744074876486,308.15
-10.0847501913196,-11.4381086863621,2.1195876275386,0.7652,0.815581451215082,308.15
-10.0850022399715,-11.4372849891737,2.1223819104157,0.7662,0.816418358063474,308.15
-10.0852492754471,-11.4364731559913,2.12518334970785,0.7672,0.817254795816393,308.15
-10.0854912942071,-11.435673343761,2.12799197235082,0.7682,0.818090764868129,308.15
-10.085728292948,-11.4348857108278,2.13080780541341,0.7692,0.818926265612529,308.15
-10.0859602685773,-11.4341104169424,2.13363087609809,0.7702,0.819761298443,308.15
-10.0861872181645,-11.4333476232987,2.13646121174149,0.7712,0.820595863752507,308.15
-10.0864091390491,-11.4325974924947,2.13929883981586,0.7722,0.821429961933576,308.15
-10.0866260287461,-11.4318601885977,2.14214378792927,0.7732,0.822263593378295,308.15
-10.0868378850189,-11.4311358771177,2.14499608382688,0.7742,0.82309675847831,308.15
-10.0870447058316,-11.4304247250457,2.14785575539142,0.7752,0.823929457624832,308.15
-10.0872464893611,-11.4297269008087,2.15072283064427,0.7762,0.824761691208633,308.15
-10.0874432341064,-11.4290425744981,2.15359733774622,0.7772,0.825593459620048,308.15
-10.0876349386613,-11.4283719174506,2.1564793049983,0.7782,0.826424763248978,308.15
-10.0878216019227,-11.4277151027204,2.15936876084244,0.7792,0.827255602484885,308.15
-10.0880032230325,-11.4270723048173,2.1622657338628,0.7802,0.828085977716799,308.15
-10.0881798013208,-11.4264436998437,2.16517025278589,0.7812,0.828915889333314,308.15
-10.0883513364516,-11.4258294653934,2.1680823464826,0.7822,0.829745337722591,308.15
-10.088517828241,-11.4252297807078,2.17100204396763,0.7832,0.830574323272355,308.15
-10.0886792767984,-11.4246448265633,2.17392937440144,0.7842,0.831402846369904,308.15
-10.0888356824906,-11.4240747853563,2.17686436709083,0.7852,0.832230907402098,308.15
-10.0889870459111,-11.4235198410946,2.17980705148957,0.7862,0.83305850675537,308.15
-10.0891333679337,-11.4229801794137,2.18275745719963,0.7872,0.83388564481572,308.15
-10.0892746496853,-11.4224559875826,2.18571561397197,0.7882,0.834712321968719,308.15
-10.0894108925811,-11.4219474545181,2.18868155170757,0.7892,0.835538538599507,308.15
-10.0895420982682,-11.4214547708191,2.19165530045795,0.7902,0.836364295092796,308.15
-10.0896682686928,-11.4209781287615,2.19463689042656,0.7912,0.837189591832869,308.15
-10.0897894060279,-11.4205177223445,2.19762635196909,0.7922,0.838014429203583,308.15
-10.089905512811,-11.4200737472113,2.20062371559557,0.7932,0.838838807588365,308.15
-10.0900165917719,-11.4196464007959,2.20362901196977,0.7942,0.839662727370218,308.15
-10.0901226460029,-11.4192358822271,2.20664227191156,0.7952,0.840486188931717,308.15
-10.0902236788246,-11.4188423924183,2.20966352639676,0.7962,0.841309192655013,308.15
-10.0903196938802,-11.4184661340359,2.21269280655879,0.7972,0.842131738921831,308.15
-10.0904106950846,-11.4181073115409,2.21573014368923,0.7982,0.842953828113473,308.15
-10.0904966867153,-11.4177661311563,2.21877556923948,0.7992,0.843775460610816,308.15
-10.0905776732529,-11.4174428009876,2.22182911482038,0.8002,0.844596636794316,308.15
-10.090653659593,-11.4171375308841,2.22489081220501,0.8012,0.845417357044003,308.15
-10.0907246508936,-11.4168505325888,2.22796069332823,0.8022,0.846237621739489,308.15
-10.0907906525792,-11.4165820197829,2.23103879028762,0.8032,0.847057431259962,308.15
-10.0908516704481,-11.4163322077469,2.23412513534627,0.8042,0.847876785984191,308.15
-10.0909077106628,-11.4161013139872,2.23721976093172,0.8052,0.848695686290524,308.15
-10.0909587796108,-11.4158895577488,2.24032269963773,0.8062,0.849514132556889,308.15
-10.0910048840914,-11.4156971601992,2.24343398422589,0.8072,0.850332125160796,308.15
-10.0910460312034,-11.4155243444637,2.24655364762586,0.8082,0.851149664479337,308.15
-10.0910822283714,-11.415371335629,2.24968172293661,0.8092,0.851966750889184,308.15
-10.0911134834412,-11.4152383607073,2.25281824342819,0.8102,0.852783384766594,308.15
-10.0911398044977,-11.4151256487673,2.25596324254124,0.8112,0.853599566487406,308.15
-10.0911612000527,-11.4150334308276,2.25911675388963,0.8122,0.854415296427045,308.15
-10.0911776789306,-11.4149619399565,2.26227881126047,0.8132,0.855230574960516,308.15
-10.0911892503445,-11.4149114112448,2.26544944861584,0.8142,0.856045402462415,308.15
-10.0911959238707,-11.4148820818169,2.26862870009362,0.8152,0.856859779306919,308.15
-10.091197709455,-11.4148741908841,2.27181660000856,0.8162,0.857673705867794,308.15
-10.0911946174063,-11.4148879797646,2.27501318285327,0.8172,0.85848718251839,308.15
-10.0911866584138,-11.4149236918436,2.27821848329954,0.8182,0.859300209631648,308.15
-10.0911738435426,-11.4149815726584,2.28143253619925,0.8192,0.860112787580093,308.15
-10.0911561842826,-11.4150618698485,2.28465537658596,0.8202,0.860924916735843,308.15
-10.0911336924546,-11.4151648332536,2.28788703967512,0.8212,0.8617365974706,308.15
-10.0911063803195,-11.4152907148683,2.29112756086613,0.8222,0.862547830155659,308.15
-10.0910742605814,-11.4154397688253,2.29437697574357,0.8232,0.863358615161905,308.15
-10.0910373462205,-11.4156122515859,2.29763532007664,0.8242,0.864168952859813,308.15
-10.0909956507644,-11.4158084217162,2.30090262982289,0.8252,0.864978843619449,308.15
-10.0909491881046,-11.4160285400852,2.30417894112753,0.8262,0.865788287810472,308.15
-10.0908979725129,-11.4162728698404,2.30746429032482,0.8272,0.866597285802132,308.15
-10.0908420187616,-11.4165416763757,2.31075871394023,0.8282,0.867405837963274,308.15
-10.0907813420141,-11.4168352274049,2.31406224869062,0.8292,0.868213944662334,308.15
-10.0907159578523,-11.4171537929597,2.31737493148568,0.8302,0.869021606267345,308.15
-10.0906458823969,-11.4174976453703,2.3206967994301,0.8312,0.869828823145933,308.15
-10.0905711320478,-11.4178670594163,2.32402788982239,0.8322,0.870635595665318,308.15
-10.0904917238281,-11.4182623121425,2.32736824015929,0.8332,0.871441924192319,308.15
-10.0904076751059,-11.4186836830863,2.3307178881342,0.8342,0.87224780909335,308.15
-10.0903190037762,-11.4191314541247,2.3340768716403,0.8352,0.87305325073442,308.15
-10.0902257281805,-11.4196059095901,2.33744522877084,0.8362,0.873858249481138,308.15
-10.0901278671418,-11.4201073362787,2.34082299782066,0.8372,0.87466280569871,308.15
-10.0900254399209,-11.4206360234853,2.34421021728704,0.8382,0.875466919751941,308.15
-10.089918466373,-11.4211922629078,2.34760692587242,0.8392,0.876270592005235,308.15
-10.089806966708,-11.4217763488673,2.35101316248329,0.8402,0.877073822822595,308.15
-10.089690961706,-11.4223885781525,2.35442896623353,0.8412,0.877876612567625,308.15
-10.0895704726872,-11.4230292500885,2.35785437644532,0.8422,0.87867896160353,308.15
-10.0894455214085,-11.4236986666272,2.3612894326494,0.8432,0.879480870293115,308.15
-10.0893161301686,-11.4243971322753,2.36473417458743,0.8442,0.880282338998789,308.15
-10.0891823218155,-11.4251249541603,2.36818864221313,0.8452,0.881083368082561,308.15
-10.0890441197265,-11.4258824420058,2.37165287569365,0.8462,0.881883957906044,308.15
-10.0889015477284,-11.4266699082994,2.37512691540968,0.8472,0.882684108830456,308.15
-10.0887546303025,-11.4274876680932,2.3786108019591,0.8482,0.883483821216617,308.15
-10.0886033923607,-11.4283360391675,2.38210457615611,0.8492,0.884283095424953,308.15
-10.0884478595008,-11.4292153420342,2.38560827903447,0.8502,0.885081931815493,308.15
-10.0882880577994,-11.4301258999182,2.38912195184752,0.8512,0.885880330747874,308.15
-10.0881240138749,-11.4310680388532,2.39264563606961,0.8522,0.886678292581339,308.15
-10.0879557549708,-11.4320420876074,2.39617937339849,0.8532,0.887475817674736,308.15
-10.0877833089343,-11.4330483777266,2.39972320575638,0.8542,0.888272906386522,308.15
-10.0876067040732,-11.4340872436871,2.40327717528979,0.8552,0.889069559074762,308.15
-10.0874259694857,-11.4351590226489,2.40684132437438,0.8562,0.889865776097127,308.15
-10.0872411346579,-11.4362640548079,2.41041569561203,0.8572,0.8906615578109,308.15
-10.0870522298618,-11.4374026831116,2.41400033183642,0.8582,0.891456904572972,308.15
-10.0868592858587,-11.4385752535032,2.41759527611133,0.8592,0.892251816739842,308.15
-10.086662334066,-11.4397821148531,2.42120057173361,0.8602,0.893046294667624,308.15
-10.0864614065871,-11.4410236189099,2.42481626223517,0.8612,0.893840338712039,308.15
-10.0862565360837,-11.4423001204994,2.42844239138269,0.8622,0.894633949228421,308.15
-10.0860477559274,-11.4436119773528,2.43207900318097,0.8632,0.895427126571717,308.15
-10.0858351000203,-11.4449595503472,2.43572614187212,0.8642,0.896219871096485,308.15
-10.0856186031059,-11.4463432032454,2.43938385194057,0.8652,0.897012183156898,308.15
-10.0853983004131,-11.4477633030207,2.44305217811049,0.8662,0.89780406310674,308.15
-10.08517422799,-11.4492202196131,2.446731165351,0.8672,0.898595511299412,308.15
-10.0849464224192,-11.4507143262187,2.45042085887427,0.8682,0.899386528087929,308.15
-10.0847149211072,-11.4522459990282,2.45412130414044,0.8692,0.90017711382492,308.15
-10.0844797620938,-11.4538156174442,2.45783254685684,0.8702,0.900967268862631,308.15
-10.0842409841308,-11.4554235640977,2.46155463298014,0.8712,0.901756993552924,308.15
-10.083998626626,-11.4570702247331,2.46528760871787,0.8722,0.902546288247278,308.15
-10.0837527298192,-11.4587559884004,2.46903152053082,0.8732,0.903335153296788,308.15
-10.0835033345794,-11.4604812473824,2.47278641513317,0.8742,0.904123589052169,308.15
-10.0832504825953,-11.4622463971893,2.47655233949577,0.8752,0.904911595863753,308.15
-10.0829942161998,-11.4640518366956,2.48032934084574,0.8762,0.905699174081491,308.15
-10.0827345785693,-11.465897968029,2.48411746667018,0.8772,0.906486324054955,308.15
-10.0824716135985,-11.4677851967361,2.48791676471621,0.8782,0.907273046133334,308.15
-10.0822053659825,-11.4697139316332,2.49172728299376,0.8792,0.908059340665441,308.15
-10.08193588112,-11.4716845850559,2.49554906977557,0.8802,0.908845207999706,308.15
-10.081663205292,-11.4736975726243,2.49938217360121,0.8812,0.909630648484184,308.15
-10.0813873854882,-11.4757533135139,2.50322664327626,0.8822,0.91041566246655,308.15
-10.0811084695947,-11.4778522302442,2.50708252787639,0.8832,0.911200250294103,308.15
-10.0808265062452,-11.479994748903,2.51094987674694,0.8842,0.911984412313764,308.15
-10.0805415449051,-11.4821812990585,2.51482873950566,0.8852,0.912768148872076,308.15
-10.0802536358806,-11.4844123138312,2.51871916604428,0.8862,0.91355146031521,308.15
-10.0799628303354,-11.486688229858,2.52262120653043,0.8872,0.914334346988958,308.15
-10.0796691802344,-11.4890094874113,2.52653491140845,0.8882,0.91511680923874,308.15
-10.0793727384308,-11.491376530334,2.53046033140216,0.8892,0.915898847409597,308.15
-10.079073558705,-11.493789806057,2.53439751751687,0.8902,0.916680461846202,308.15
-10.0787716955909,-11.4962497657567,2.53834652103895,0.8912,0.91746165289285,308.15
-10.0784672046364,-11.498756864169,2.54230739354069,0.8922,0.918242420893465,308.15
-10.0781601421996,-11.5013115598313,2.54628018687922,0.8932,0.919022766191599,308.15
-10.0778505655454,-11.5039143149738,2.55026495319966,0.8942,0.919802689130431,308.15
-10.0775385329369,-11.5065655955211,2.55426174493767,0.8952,0.92058219005277,308.15
-10.0772241034974,-11.5092658712188,2.5582706148195,0.8962,0.921361269301051,308.15
-10.0769073372878,-11.5120156155878,2.56229161586471,0.8972,0.922139927217343,308.15
-10.0765882953433,-11.5148153059508,2.56632480138812,0.8982,0.922918164143342,308.15
-10.0762670396239,-11.517665423513,2.57037022500096,0.8992,0.923695980420376,308.15
-10.0759436331038,-11.5205664532843,2.57442794061373,0.9002,0.924473376389403,308.15
-10.0756181397043,-11.5235188841742,2.5784980024371,0.9012,0.925250352391013,308.15
-10.0752906243145,-11.5265232090274,2.58258046498372,0.9022,0.92602690876543,308.15
-10.0749611528746,-11.5295799245944,2.58667538307104,0.9032,0.926803045852507,308.15
-10.0746297922751,-11.5326895315862,2.5907828118219,0.9042,0.927578763991733,308.15
-10.0742966104761,-11.5358525346848,2.59490280666754,0.9052,0.928354063522231,308.15
-10.073961676421,-11.5390694425828,2.59903542334849,0.9062,0.929128944782754,308.15
-10.0736250601807,-11.5423407679358,2.60318071791792,0.9072,0.929903408111695,308.15
-10.0732868327465,-11.5456670275467,2.60733874674086,0.9082,0.930677453847077,308.15
-10.0729470662909,-11.5490487421685,2.61150956649937,0.9092,0.931451082326563,308.15
-10.0726058340421,-11.5524864367852,2.61569323419201,0.9102,0.93222429388745,308.15
-10.0722632101599,-11.5559806401845,2.61988980713643,0.9112,0.93299708886667,308.15
-10.0719192701877,-11.5595318856611,2.62409934297254,0.9122,0.933769467600795,308.15
-10.0715740905097,-11.5631407104841,2.6283218996615,0.9132,0.934541430426033,308.15
-10.0712277487759,-11.5668076560448,2.63255753549111,0.9142,0.93531297767823,308.15
-10.0708803237231,-11.5705332679885,2.6368063090754,0.9152,0.936084109692871,308.15
-10.0705318952086,-11.5743180961633,2.64106827935708,0.9162,0.936854826805079,308.15
-10.0701825443215,-11.5781626946052,2.64534350561071,0.9172,0.937625129349617,308.15
-10.069832353222,-11.5820676216615,2.64963204744237,0.9182,0.938395017660889,308.15
-10.0694814052805,-11.5860334399273,2.65393396479334,0.9192,0.939164492072939,308.15
-10.0691297850706,-11.5900607162652,2.65824931794182,0.9202,0.93993355291945,308.15
-10.0687775783926,-11.5941500218326,2.66257816750507,0.9212,0.940702200533749,308.15
-10.0684248722013,-11.5983019321648,2.66692057444012,0.9222,0.941470435248804,308.15
-10.0680717547162,-11.6025170270786,2.67127660004737,0.9232,0.942238257397224,308.15
-10.0677183153341,-11.6067958908256,2.67564630597085,0.9242,0.943005667311262,308.15
-10.0673646447949,-11.6111391119257,2.68002975420273,0.9252,0.943772665322816,308.15
-10.0670108350343,-11.6155472833781,2.68442700708267,0.9262,0.944539251763425,308.15
-10.0666569792965,-11.6200210025333,2.68883812730162,0.9272,0.945305426964273,308.15
-10.0663031720386,-11.6245608712661,2.69326317790188,0.9282,0.946071191256191,308.15
-10.0659495091149,-11.6291674957385,2.6977022222821,0.9292,0.946836544969651,308.15
-10.0655960876563,-11.6338414866317,2.70215532419692,0.9302,0.947601488434775,308.15
-10.0652430060552,-11.6385834591919,2.70662254775849,0.9312,0.948366021981329,308.15
-10.0648903641251,-11.6433940329732,2.71110395744129,0.9322,0.949130145938726,308.15
-10.0645382629823,-11.6482738321388,2.71559961808144,0.9332,0.949893860636025,308.15
-10.0641868050943,-11.6532234853204,2.72010959487978,0.9342,0.950657166401936,308.15
-10.0638360943537,-11.6582436256561,2.72463395340443,0.9352,0.951420063564813,308.15
-10.0634862359991,-11.6633348907899,2.72917275959184,0.9362,0.95218255245266,308.15
-10.0631373366503,-11.6684979229775,2.7337260797486,0.9372,0.952944633393133,308.15
-10.0627895044076,-11.6737333689075,2.73829398055532,0.9382,0.953706306713532,308.15
-10.062442848676,-11.6790418799621,2.74287652906531,0.9392,0.954467572740812,308.15
-10.0620974804683,-11.6844241119147,2.7474737927113,0.9402,0.955228431801575,308.15
-10.0617535120574,-11.6898807252783,2.75208583930182,0.9412,0.955988884222076,308.15
-10.0614110573262,-11.6954123850001,2.75671273702841,0.9422,0.95674893032822,308.15
-10.0610702315865,-11.701019760653,2.76135455446458,0.9432,0.957508570445564,308.15
-10.0607311516257,-11.7067035264069,2.76601136056836,0.9442,0.958267804899319,308.15
-10.0603939357063,-11.7124643610302,2.77068322468406,0.9452,0.959026634014347,308.15
-10.0600587037017,-11.7183029478026,2.77537021654618,0.9462,0.959785058115162,308.15
-10.0597255769063,-11.7242199746737,2.78007240627824,0.9472,0.960543077525936,308.15
-10.0593946781778,-11.7302161341786,2.78478986439662,0.9482,0.96130069257049,308.15
-10.0590661320072,-11.736292123343,2.78952266181375,0.9492,0.962057903572304,308.15
-10.0587400643502,-11.7424486439012,2.79427086983673,0.9502,0.96281471085451,308.15
-10.0584166027953,-11.7486864020927,2.79903456017219,0.9512,0.963571114739897,308.15
-10.0580958764941,-11.7550061087965,2.80381380492647,0.9522,0.964327115550909,308.15
-10.0577780162412,-11.7614084793878,2.8086086766091,0.9532,0.965082713609648,308.15
-10.0574631544297,-11.7678942338693,2.8134192481333,0.9542,0.965837909237872,308.15
-10.0571514250817,-11.7744640967811,2.81824559281847,0.9552,0.966592702756996,308.15
-10.0568429638448,-11.7811187972621,2.82308778439158,0.9562,0.967347094488093,308.15
-10.0565379080246,-11.787859068954,2.82794589698966,0.9572,0.968101084751895,308.15
-10.0562363966523,-11.794685650026,2.83282000516221,0.9582,0.968854673868791,308.15
-10.0559385703394,-11.8015992832537,2.83771018387053,0.9592,0.969607862158832,308.15
-10.0556445714758,-11.8086007158485,2.84261650849274,0.9602,0.970360649941725,308.15
-10.055354544094,-11.8156906995696,2.847539054823,0.9612,0.97111303753684,308.15
-10.0550686340439,-11.8228699906065,2.85247789907595,0.9622,0.971865025263207,308.15
-10.054786988737,-11.8301393497974,2.85743311788379,0.9632,0.972616613439516,308.15
-10.0545097574974,-11.8374995422486,2.86240478830426,0.9642,0.973367802384119,308.15
-10.054237091266,-11.8449513377012,2.86739298781641,0.9652,0.97411859241503,308.15
-10.0539691428449,-11.8524955102263,2.87239779432681,0.9662,0.974868983849925,308.15
-10.0537060667767,-11.8601328383989,2.87741928616851,0.9672,0.975618977006143,308.15
-10.053448019352,-11.86786410527,2.88245754210268,0.9682,0.976368572200686,308.15
-10.0531951587182,-11.8756900982502,2.88751264132208,0.9692,0.977117769750221,308.15
-10.0529476448061,-11.8836116092482,2.89258466345074,0.9702,0.977866569971076,308.15
-10.0527056393606,-11.8916294345852,2.89767368854618,0.9712,0.978614973179248,308.15
-10.0524693059705,-11.8997443750683,2.90277979710086,0.9722,0.979362979690394,308.15
-10.0522388100193,-11.9079572360128,2.90790307004273,0.9732,0.98011058981984,308.15
-10.0520143188019,-11.9162688272018,2.91304358873851,0.9742,0.980857803882578,308.15
-10.0517960014371,-11.924679963022,2.91820143499318,0.9752,0.981604622193264,308.15
-10.0515840289352,-11.9331914625121,2.92337669105225,0.9762,0.982351045066223,308.15
-10.0513785741587,-11.9418041494314,2.9285694396024,0.9772,0.983097072815445,308.15
-10.0511798118412,-11.9505188524824,2.93377976377237,0.9782,0.983842705754589,308.15
-10.050987918663,-11.9593364053483,2.93900774713572,0.9792,0.984587944196984,308.15
-10.0508030731907,-11.9682576470539,2.94425347371034,0.9802,0.985332788455623,308.15
-10.0506254558557,-11.9772834222449,2.94951702795915,0.9812,0.986077238843172,308.15
-10.0504552490378,-11.9864145816367,2.95479849479206,0.9822,0.986821295671964,308.15
-10.0502926370597,-11.9956519824791,2.96009795956722,0.9832,0.987564959254004,308.15
-10.050137806146,-12.0049964894995,2.9654155080902,0.9842,0.988308229900966,308.15
-10.0499909445043,-12.0144489757857,2.97075122661676,0.9852,0.989051107924193,308.15
-10.0498522421839,-12.0240103244499,2.97610520185017,0.9862,0.989793593634703,308.15
-10.0497218913058,-12.0336814304207,2.98147752094655,0.9872,0.990535687343183,308.15
-10.0496000858095,-12.0434632036347,2.98686827151,0.9882,0.991277389359992,308.15
-10.0494870217231,-12.0533565730526,2.99227754159839,0.9892,0.992018699995162,308.15
-10.0493828969189,-12.0633624932967,2.9977054197187,0.9902,0.992759619558399,308.15
-10.0492879113035,-12.0734819544356,3.00315199483092,0.9912,0.99350014835908,308.15
-10.0492022666971,-12.0837159981111,3.00861735634586,0.9922,0.994240286706258,308.15
-10.0491261669043,-12.0940657447642,3.01410159412617,0.9932,0.994980034908659,308.15
-10.0490598176781,-12.1045324427343,3.01960479848595,0.9942,0.995719393274684,308.15
-10.0490034267726,-12.1151175645408,3.02512706019124,0.9952,0.996458362112407,308.15
-10.0489572038332,-12.1258230174079,3.0306684704576,0.9962,0.997196941729582,308.15
-10.0489213605068,-12.1366516821763,3.03622912095179,0.9972,0.997935132433635,308.15
-10.0488961104264,-12.147609188415,3.04180910379117,0.9982,0.998672934531669,308.15
