-12.9485382926825,-11.8802537792832,1.04666815681028,0.0002,0.00027138438633377,308.15
-11.9334317647513,-11.8808203004243,1.04736788070971,0.0012,0.00162772523095156,308.15
-11.5919751123409,-11.881384445312,1.04806853191398,0.0022,0.00298309835723694,308.15
-11.3820198588828,-11.8819462090586,1.04877011224904,0.0032,0.00433750480048812,308.15
-11.2304508751654,-11.8825055867772,1.04947262354559,0.0042,0.005690945594527,308.15
-11.1120408168564,-11.8830625735758,1.0501760676391,0.0052,0.00704342177170186,308.15
-11.0150418495193,-11.8836171645654,1.05088044636977,0.0062,0.00839493436288998,308.15
-10.9330195932596,-11.8841693548476,1.05158576158263,0.0072,0.0097454843975002,308.15
-10.8620647673671,-11.8847191395268,1.05229201512745,0.0082,0.0110950729034756,308.15
-10.7996234999401,-11.8852665137048,1.05299920885887,0.0092,0.0124437009072962,308.15
-10.7439351590376,-11.8858114724778,1.05370734463634,0.0102,0.0137913694339811,308.15
-10.6937344477089,-11.886354010944,1.05441642432413,0.0112,0.0151380795070919,308.15
-10.6480814222205,-11.8868941241968,1.0551264497914,0.0122,0.0164838321487345,308.15
-10.6062586983009,-11.8874318073277,1.05583742291219,0.0132,0.017828628379562,308.15
-10.5677062986284,-11.8879670554259,1.05654934556541,0.0142,0.0191724692187775,308.15
-10.5319787241027,-11.8884998635805,1.05726221963488,0.0152,0.0205153556841363,308.15
-10.4987157302509,-11.8890302268744,1.05797604700938,0.0162,0.0218572887919485,308.15
-10.467621871946,-11.8895581403936,1.05869082958257,0.0172,0.023198269557082,308.15
-10.4384518373335,-11.8900835992179,1.05940656925312,0.0182,0.0245382989929646,308.15
-10.4109997097093,-11.890606598426,1.06012326792464,0.0192,0.0258773781115865,308.15
-10.3850909588835,-11.8911271330946,1.06084092750575,0.0202,0.0272155079235035,308.15
-10.3605763695806,-11.8916451982983,1.06155954991004,0.0212,0.0285526894378386,308.15
-10.33732737052,-11.8921607891098,1.06227913705617,0.0222,0.0298889236622854,308.15
-10.315232393466,-11.8926739006019,1.06299969086779,0.0232,0.03122421160311,308.15
-10.2941940011776,-11.8931845278409,1.06372121327363,0.0242,0.032558554265154,308.15
-10.2741265972793,-11.8936926658936,1.06444370620748,0.0252,0.0338919526518368,308.15
-10.2549545820596,-11.8941983098275,1.06516717160823,0.0262,0.0352244077651578,308.15
-10.2366108538897,-11.8947014546989,1.06589161141985,0.0272,0.0365559206056996,308.15
-10.219035581347,-11.8952020955746,1.06661702759144,0.0282,0.03788649217263,308.15
-10.2021751893901,-11.8957002275132,1.06734342207725,0.0292,0.0392161234637046,308.15
-10.1859815163155,-11.8961958455666,1.06807079683666,0.0302,0.0405448154752694,308.15
-10.1704111081097,-11.8966889447942,1.06879915383423,0.0312,0.0418725692022631,308.15
-10.1554246241468,-11.8971795202471,1.06952849503971,0.0322,0.0431993856382199,308.15
-10.1409863338173,-11.8976675669772,1.07025882242805,0.0332,0.0445252657752716,308.15
-10.1270636878686,-11.8981530800335,1.07099013797942,0.0342,0.0458502106041502,308.15
-10.1136269515403,-11.8986360544635,1.07172244367923,0.0352,0.0471742211141907,308.15
-10.1006488891104,-11.8991164853125,1.07245574151815,0.0362,0.0484972982933331,308.15
-10.0881044914268,-11.8995943676246,1.0731900334921,0.0372,0.0498194431281249,308.15
-10.0759707395927,-11.9000696964431,1.07392532160232,0.0382,0.051140656603724,308.15
-10.0642263991937,-11.9005424668066,1.07466160785534,0.0392,0.0524609397039006,308.15
-10.0528518404528,-11.9010126737534,1.07539889426301,0.0402,0.05378029341104,308.15
-10.0418288804815,-11.9014803123226,1.07613718284254,0.0412,0.0550987187061449,308.15
-10.031140644455,-11.9019453775466,1.07687647561648,0.0422,0.0564162165688377,308.15
-10.0207714430479,-11.9024078644613,1.07761677461276,0.0432,0.0577327879773634,308.15
-10.0107066638958,-11.9028677680968,1.07835808186472,0.0442,0.0590484339085913,308.15
-10.0009326752009,-11.903325083486,1.07910039941109,0.0452,0.0603631553380182,308.15
-9.99143673988208,-11.9037798056538,1.07984372929606,0.0462,0.0616769532397701,308.15
-9.98220693893371,-11.9042319296286,1.08058807356924,0.0472,0.062989828586605,308.15
-9.97323210280454,-11.904681450438,1.08133343428572,0.0482,0.0643017823499154,308.15
-9.96450174982779,-11.905128363103,1.08207981350607,0.0492,0.0656128154997305,308.15
-9.95600603085175,-11.9055726626473,1.08282721329637,0.0502,0.0669229290047183,308.15
-9.94773567932431,-11.9060143440919,1.08357563572821,0.0512,0.0682321238321887,308.15
-9.93968196620776,-11.906453402455,1.08432508287873,0.0522,0.0695404009480952,308.15
-9.93183665919195,-11.9068898327557,1.08507555683061,0.0532,0.0708477613170378,308.15
-9.92419198565774,-11.9073236300109,1.08582705967213,0.0542,0.0721542059022649,308.15
-9.9167405990775,-11.9077547892343,1.08657959349715,0.0552,0.073459735665676,308.15
-9.90947554841076,-11.9081833054408,1.08733316040514,0.0562,0.0747643515678239,308.15
-9.90239025018986,-11.9086091736416,1.08808776250121,0.0572,0.0760680545679173,308.15
-9.89547846303693,-11.9090323888486,1.08884340189612,0.0582,0.0773708456238227,308.15
-9.88873426436218,-11.909452946071,1.08960008070629,0.0592,0.0786727256920672,308.15
-9.88215202898137,-11.9098708403179,1.09035780105384,0.0602,0.0799736957278405,308.15
-9.87572640952654,-11.9102860665963,1.09111656506658,0.0612,0.0812737566849975,308.15
-9.86945231843688,-11.9106986199112,1.09187637487807,0.0622,0.0825729095160605,308.15
-9.86332491136867,-11.9111084952679,1.0926372326276,0.0632,0.0838711551722215,308.15
-9.85733957192947,-11.9115156876693,1.09339914046022,0.0642,0.0851684946033445,308.15
-9.85149189758384,-11.9119201921195,1.09416210052677,0.0652,0.0864649287579681,308.15
-9.84577768662574,-11.9123220036187,1.0949261149839,0.0662,0.0877604585833073,308.15
-9.84019292614228,-11.9127211171665,1.09569118599408,0.0672,0.0890550850252564,308.15
-9.83473378084366,-11.9131175277625,1.0964573157256,0.0682,0.0903488090283907,308.15
-9.82939658273247,-11.9135112304046,1.09722450635263,0.0692,0.0916416315359694,308.15
-9.82417782149516,-11.9139022200897,1.09799276005524,0.0702,0.0929335534899373,308.15
-9.81907413558542,-11.9142904918146,1.09876207901936,0.0712,0.0942245758309276,308.15
-9.81408230391994,-11.9146760405737,1.09953246543686,0.0722,0.0955146994982638,308.15
-9.80919923813861,-11.9150588613606,1.10030392150556,0.0732,0.0968039254299623,308.15
-9.80442197542542,-11.9154389491693,1.10107644942923,0.0742,0.0980922545627344,308.15
-9.79974767175618,-11.915816298992,1.10185005141762,0.0752,0.0993796878319887,308.15
-9.79517359564737,-11.9161909058209,1.10262472968647,0.0762,0.100666226171833,308.15
-9.79069712226084,-11.9165627646447,1.10340048645758,0.0772,0.101951870515078,308.15
-9.78631572793533,-11.9169318704554,1.10417732395874,0.0782,0.103236621793238,308.15
-9.78202698502394,-11.917298218241,1.10495524442383,0.0792,0.104520480936532,308.15
-9.77782855708904,-11.91766180299,1.1057342500928,0.0802,0.105803448873889,308.15
-9.77371819437674,-11.9180226196908,1.10651434321173,0.0812,0.10708552653295,308.15
-9.76969372956419,-11.9183806633292,1.10729552603278,0.0822,0.108366714840066,308.15
-9.76575307379434,-11.9187359288936,1.10807780081429,0.0832,0.109647014720307,308.15
-9.76189421288944,-11.9190884113687,1.10886116982075,0.0842,0.110926427097457,308.15
-9.75811520385386,-11.9194381057383,1.10964563532282,0.0852,0.112204952894021,308.15
-9.75441417154429,-11.9197850069903,1.1104311995974,0.0862,0.113482593031227,308.15
-9.75078930553573,-11.920129110107,1.11121786492759,0.0872,0.114759348429025,308.15
-9.74723885716077,-11.9204704100723,1.11200563360274,0.0882,0.116035220006094,308.15
-9.74376113673989,-11.9208089018703,1.11279450791849,0.0892,0.117310208679839,308.15
-9.74035451094087,-11.921144580483,1.11358449017675,0.0902,0.118584315366398,308.15
-9.73701740029644,-11.9214774408948,1.11437558268576,0.0912,0.11985754098064,308.15
-9.73374827685425,-11.9218074780862,1.11516778776006,0.0922,0.12112988643617,308.15
-9.73054566194712,-11.9221346870392,1.1159611077206,0.0932,0.12240135264533,308.15
-9.72740812410439,-11.9224590627381,1.11675554489465,0.0942,0.123671940519202,308.15
-9.7243342770337,-11.9227806001618,1.11755110161592,0.0952,0.12494165096761,308.15
-9.72132277775524,-11.9230992942931,1.11834778022451,0.0962,0.126210484899121,308.15
-9.71837232480442,-11.9234151401131,1.119145583067,0.0972,0.127478443221047,308.15
-9.71548165651703,-11.9237281326017,1.11994451249639,0.0982,0.128745526839452,308.15
-9.71264954943498,-11.9240382667425,1.12074457087219,0.0992,0.130011736659145,308.15
-9.70987481676158,-11.9243455375137,1.12154576056044,0.1002,0.131277073583693,308.15
-9.70715630690576,-11.9246499398993,1.12234808393366,0.1012,0.132541538515412,308.15
-9.7044929021052,-11.9249514688789,1.12315154337096,0.1022,0.133805132355381,308.15
-9.70188351710047,-11.9252501194333,1.12395614125802,0.1032,0.135067856003432,308.15
-9.6993270978733,-11.9255458865447,1.12476187998711,0.1042,0.136329710358162,308.15
-9.69682262048162,-11.9258387651955,1.12556876195713,0.1052,0.137590696316929,308.15
-9.6943690898848,-11.9261287503653,1.12637678957362,0.1062,0.138850814775858,308.15
-9.6919655388866,-11.9264158370393,1.12718596524878,0.1072,0.14011006662984,308.15
-9.68961102708017,-11.9267000201962,1.12799629140151,0.1082,0.141368452772537,308.15
-9.68730463987637,-11.9269812948206,1.12880777045741,0.1092,0.142625974096381,308.15
-9.68504548756931,-11.9272596558958,1.12962040484883,0.1102,0.14388263149258,308.15
-9.68283270441041,-11.9275350984062,1.13043419701487,0.1112,0.145138425851115,308.15
-9.68066544777211,-11.9278076173325,1.13124914940141,0.1122,0.146393358060747,308.15
-9.67854289732285,-11.9280772076632,1.13206526446114,0.1132,0.147647429009017,308.15
-9.67646425423104,-11.9283438643796,1.13288254465358,0.1142,0.148900639582248,308.15
-9.67442874043365,-11.9286075824701,1.1337009924451,0.1152,0.150152990665546,308.15
-9.67243559790376,-11.928868356919,1.13452061030894,0.1162,0.151404483142805,308.15
-9.67048408795311,-11.9291261827164,1.13534140072525,0.1172,0.152655117896707,308.15
-9.66857349061137,-11.9293810548459,1.1361633661811,0.1182,0.153904895808725,308.15
-9.66670310396469,-11.9296329682997,1.1369865091705,0.1192,0.155153817759122,308.15
-9.66487224355065,-11.9298819180641,1.13781083219445,0.1202,0.15640188462696,308.15
-9.6630802418022,-11.9301278991325,1.13863633776093,0.1212,0.157649097290093,308.15
-9.66132644747151,-11.930370906493,1.13946302838494,0.1222,0.158895456625177,308.15
-9.65961022510377,-11.9306109351396,1.14029090658854,0.1232,0.160140963507668,308.15
-9.65793095452198,-11.930847980066,1.14111997490084,0.1242,0.161385618811825,308.15
-9.65628803035438,-11.931082036263,1.14195023585805,0.1252,0.162629423410711,308.15
-9.65468086154123,-11.9313130987292,1.1427816920035,0.1262,0.163872378176196,308.15
-9.65310887089324,-11.9315411624618,1.14361434588768,0.1272,0.165114483978961,308.15
-9.65157149465878,-11.9317662224552,1.14444820006822,0.1282,0.166355741688496,308.15
-9.65006818210329,-11.9319882737123,1.14528325710995,0.1292,0.167596152173104,308.15
-9.64859839509633,-11.9322073112298,1.14611951958493,0.1302,0.168835716299905,308.15
-9.64716160774026,-11.9324233300118,1.14695699007245,0.1312,0.170074434934833,308.15
-9.64575730599727,-11.9326363250618,1.14779567115908,0.1322,0.171312308942645,308.15
-9.64438498732866,-11.9328462913821,1.14863556543868,0.1332,0.172549339186915,308.15
-9.64304416034906,-11.933053223981,1.14947667551242,0.1342,0.173785526530044,308.15
-9.64173434449199,-11.9332571178647,1.15031900398884,0.1352,0.175020871833256,308.15
-9.64045506969656,-11.9334579680441,1.15116255348382,0.1362,0.176255375956601,308.15
-9.63920587609354,-11.9336557695307,1.15200732662064,0.1372,0.177489039758961,308.15
-9.6379863137304,-11.9338505173365,1.15285332603004,0.1382,0.178721864098048,308.15
-9.63679594224254,-11.934042206475,1.15370055435017,0.1392,0.179953849830405,308.15
-9.63563433061959,-11.9342308319647,1.15454901422667,0.1402,0.181184997811414,308.15
-9.63450105692478,-11.9344163888246,1.15539870831267,0.1412,0.182415308895291,308.15
-9.63339570802401,-11.9345988720727,1.15624963926884,0.1422,0.183644783935092,308.15
-9.63231787936855,-11.9347782767338,1.15710180976341,0.1432,0.184873423782714,308.15
-9.6312671747243,-11.9349545978325,1.15795522247217,0.1442,0.186101229288898,308.15
-9.63024320595924,-11.9351278303942,1.15880988007852,0.1452,0.187328201303228,308.15
-9.62924559282195,-11.9352979694496,1.15966578527352,0.1462,0.188554340674137,308.15
-9.62827396273255,-11.9354650100294,1.16052294075587,0.1472,0.189779648248905,308.15
-9.62732795053851,-11.9356289471671,1.16138134923195,0.1482,0.191004124873663,308.15
-9.6264071983657,-11.9357897758981,1.16224101341588,0.1492,0.192227771393397,308.15
-9.62551135537118,-11.9359474912623,1.16310193602951,0.1502,0.193450588651945,308.15
-9.62464007761794,-11.936102088301,1.16396411980245,0.1512,0.194672577492004,308.15
-9.62379302782362,-11.936253562058,1.16482756747212,0.1522,0.195893738755127,308.15
-9.62296987525692,-11.9364019075778,1.16569228178377,0.1532,0.197114073281729,308.15
-9.6221702954892,-11.9365471199115,1.16655826549048,0.1542,0.198333581911088,308.15
-9.62139397029328,-11.9366891941116,1.16742552135325,0.1552,0.199552265481346,308.15
-9.62064058747963,-11.9368281252285,1.16829405214095,0.1562,0.20077012482951,308.15
-9.61990984069086,-11.9369639083265,1.16916386063041,0.1572,0.201987160791457,308.15
-9.61920142931073,-11.9370965384605,1.17003494960641,0.1582,0.203203374201933,308.15
-9.61851505829251,-11.937226010699,1.17090732186174,0.1592,0.204418765894557,308.15
-9.61785043800641,-11.9373523201056,1.17178098019719,0.1602,0.20563333670182,308.15
-9.61720728415146,-11.9374754617507,1.17265592742163,0.1612,0.206847087455091,308.15
-9.61658531756708,-11.937595430709,1.17353216635199,0.1622,0.208060018984616,308.15
-9.61598426413952,-11.9377122220572,1.17440969981331,0.1632,0.20927213211952,308.15
-9.61540385467897,-11.9378258308748,1.17528853063877,0.1642,0.21048342768781,308.15
-9.61484382478038,-11.9379362522462,1.17616866166972,0.1652,0.211693906516377,308.15
-9.6143039147275,-11.9380434812576,1.17705009575569,0.1662,0.212903569430997,308.15
-9.6137838693583,-11.9381475129999,1.17793283575445,0.1672,0.214112417256332,308.15
-9.61328343798285,-11.9382483425689,1.17881688453202,0.1682,0.215320450815934,308.15
-9.61280237426719,-11.9383459650608,1.17970224496272,0.1692,0.216527670932245,308.15
-9.6123404361018,-11.9384403755811,1.18058891992914,0.1702,0.217734078426603,308.15
-9.61189738556124,-11.9385315692327,1.18147691232226,0.1712,0.218939674119236,308.15
-9.6114729887464,-11.9386195411246,1.18236622504141,0.1722,0.220144458829271,308.15
-9.61106701572426,-11.9387042863776,1.18325686099432,0.1732,0.221348433374734,308.15
-9.61067924043257,-11.9387858001037,1.18414882309718,0.1742,0.222551598572549,308.15
-9.61030944057765,-11.9388640774279,1.1850421142746,0.1752,0.223753955238545,308.15
-9.60995739757316,-11.9389391134767,1.18593673745974,0.1762,0.224955504187451,308.15
-9.60962289643163,-11.9390109033807,1.18683269559424,0.1772,0.226156246232906,308.15
-9.60930572569129,-11.939079442276,1.18772999162831,0.1782,0.227356182187453,308.15
-9.60900567732948,-11.9391447253046,1.18862862852075,0.1792,0.228555312862546,308.15
-9.60872254672226,-11.9392067476092,1.18952860923899,0.1802,0.22975363906855,308.15
-9.60845613251646,-11.9392655043422,1.19042993675908,0.1812,0.230951161614745,308.15
-9.60820623657514,-11.9393209906568,1.19133261406576,0.1822,0.232147881309321,308.15
-9.60797266393907,-11.9393732017117,1.19223664415251,0.1832,0.233343798959391,308.15
-9.6077552227141,-11.9394221326719,1.19314203002152,0.1842,0.23453891537098,308.15
-9.60755372402737,-11.9394677787082,1.19404877468376,0.1852,0.235733231349039,308.15
-9.60736798195102,-11.939510134994,1.19495688115902,0.1862,0.236926747697437,308.15
-9.60719781345825,-11.9395491967085,1.19586635247592,0.1872,0.23811946521897,308.15
-9.60704303833698,-11.9395849590378,1.19677719167196,0.1882,0.239311384715358,308.15
-9.60690347913498,-11.9396174171734,1.19768940179353,0.1892,0.240502506987248,308.15
-9.6067789611128,-11.9396465663104,1.19860298589595,0.1902,0.241692832834218,308.15
-9.60666931219049,-11.9396724016517,1.19951794704354,0.1912,0.242882363054776,308.15
-9.60657436286707,-11.9396949184038,1.20043428830959,0.1922,0.244071098446363,308.15
-9.60649394619391,-11.9397141117787,1.20135201277645,0.1932,0.245259039805355,308.15
-9.60642789768471,-11.9397299769999,1.20227112353549,0.1942,0.246446187927064,308.15
-9.60637605533145,-11.9397425092879,1.20319162368724,0.1952,0.247632543605741,308.15
-9.60633825947021,-11.9397517038766,1.20411351634132,0.1962,0.248818107634577,308.15
-9.60631435279683,-11.9397575560026,1.20503680461654,0.1972,0.250002880805704,308.15
-9.60630418029236,-11.9397600609101,1.20596149164089,0.1982,0.251186863910197,308.15
-9.60630758918117,-11.9397592138469,1.20688758055161,0.1992,0.252370057738078,308.15
-9.6063244288794,-11.9397550100729,1.20781507449519,0.2002,0.253552463078314,308.15
-9.60635455096541,-11.9397474448491,1.20874397662745,0.2012,0.254734080718824,308.15
-9.6063978091144,-11.9397365134457,1.20967429011351,0.2022,0.255914911446474,308.15
-9.60645405909395,-11.9397222111394,1.2106060181279,0.2032,0.257094956047084,308.15
-9.60652315868661,-11.9397045332121,1.21153916385452,0.2042,0.258274215305429,308.15
-9.60660496765979,-11.9396834749569,1.21247373048672,0.2052,0.259452690005237,308.15
-9.6066993477156,-11.9396590316699,1.21340972122733,0.2062,0.260630380929197,308.15
-9.60680616252084,-11.939631198653,1.21434713928869,0.2072,0.261807288858953,308.15
-9.60692527754747,-11.9395999712213,1.21528598789266,0.2082,0.262983414575115,308.15
-9.60705656015155,-11.9395653446937,1.2162262702707,0.2092,0.264158758857252,308.15
-9.60719987948196,-11.9395273143964,1.2171679896639,0.2102,0.265333322483898,308.15
-9.60735510643196,-11.9394858756638,1.21811114932295,0.2112,0.266507106232555,308.15
-9.60752211367557,-11.9394410238389,1.21905575250829,0.2122,0.26768011087969,308.15
-9.60770077555899,-11.9393927542673,1.22000180249003,0.2132,0.268852337200742,308.15
-9.60789096808207,-11.9393410623146,1.22094930254804,0.2142,0.270023785970121,308.15
-9.60809256891846,-11.939285943338,1.22189825597201,0.2152,0.271194457961209,308.15
-9.60830545733015,-11.9392273927171,1.22284866606146,0.2162,0.272364353946362,308.15
-9.60852951415193,-11.9391654058335,1.22380053612574,0.2172,0.273533474696916,308.15
-9.60876462178018,-11.9390999780774,1.22475386948415,0.2182,0.27470182098318,308.15
-9.60901066412314,-11.9390311048481,1.22570866946588,0.2192,0.275869393574447,308.15
-9.60926752658263,-11.938958781553,1.22666493941014,0.2202,0.277036193238988,308.15
-9.60953509602361,-11.9388830036088,1.22762268266613,0.2212,0.278202220744062,308.15
-9.60981326075707,-11.9388037664422,1.22858190259311,0.2222,0.279367476855907,308.15
-9.61010191049488,-11.9387210654842,1.22954260256042,0.2232,0.280531962339752,308.15
-9.61040093632992,-11.9386348961832,1.23050478594753,0.2242,0.281695677959812,308.15
-9.61071023072784,-11.9385452539889,1.23146845614408,0.2252,0.282858624479292,308.15
-9.61102968750142,-11.9384521343626,1.23243361654991,0.2262,0.284020802660389,308.15
-9.61135920174332,-11.9383555327817,1.23340027057509,0.2272,0.285182213264294,308.15
-9.61169866988023,-11.9382554447212,1.23436842163998,0.2282,0.286342857051191,308.15
-9.6120479895588,-11.9381518656718,1.23533807317525,0.2292,0.287502734780262,308.15
-9.6124070597053,-11.9380447911417,1.23630922862192,0.2302,0.288661847209686,308.15
-9.61277578045125,-11.9379342166344,1.23728189143142,0.2312,0.289820195096643,308.15
-9.61315405314114,-11.9378201376723,1.23825606506561,0.2322,0.290977779197314,308.15
-9.61354178028542,-11.9377025497891,1.23923175299681,0.2332,0.292134600266883,308.15
-9.61393886556601,-11.9375814485245,1.24020895870785,0.2342,0.293290659059539,308.15
-9.61434521379543,-11.9374568294335,1.24118768569213,0.2352,0.294445956328476,308.15
-9.61476073091903,-11.9373286880748,1.24216793745362,0.2362,0.295600492825899,308.15
-9.61518532397699,-11.9371970200244,1.24314971750696,0.2372,0.296754269303019,308.15
-9.61561890108292,-11.9370618208667,1.24413302937739,0.2382,0.297907286510061,308.15
-9.61606137143235,-11.9369230861966,1.24511787660094,0.2392,0.299059545196263,308.15
-9.61651264525723,-11.93678081162,1.24610426272435,0.2402,0.300211046109876,308.15
-9.61697263380122,-11.9366349927577,1.24709219130513,0.2412,0.301361789998167,308.15
-9.61744124936019,-11.9364856252374,1.24808166591169,0.2422,0.302511777607422,308.15
-9.61791840518426,-11.9363327047002,1.24907269012325,0.2432,0.303661009682947,308.15
-9.61840401551208,-11.9361762268019,1.25006526752996,0.2442,0.304809486969067,308.15
-9.61889799554854,-11.9360161872051,1.25105940173295,0.2452,0.305957210209131,308.15
-9.61940026145931,-11.9358525815887,1.25205509634434,0.2462,0.307104180145511,308.15
-9.61991073030723,-11.935685405639,1.25305235498728,0.2472,0.308250397519606,308.15
-9.62042932008759,-11.9355146550592,1.25405118129599,0.2482,0.309395863071843,308.15
-9.62095594969782,-11.9353403255642,1.25505157891584,0.2492,0.310540577541676,308.15
-9.62149053891725,-11.9351624128818,1.25605355150336,0.2502,0.31168454166759,308.15
-9.62203300838493,-11.9349809127504,1.25705710272628,0.2512,0.312827756187105,308.15
-9.62258327962523,-11.9347958209197,1.25806223626358,0.2522,0.31397022183677,308.15
-9.62314127495479,-11.9346071331635,1.25906895580554,0.2532,0.315111939352174,308.15
-9.62370691757996,-11.9344148452526,1.26007726505378,0.2542,0.316252909467939,308.15
-9.62428013147605,-11.9342189529831,1.26108716772128,0.2552,0.317393132917729,308.15
-9.62486084144038,-11.9340194521642,1.26209866753248,0.2562,0.318532610434246,308.15
-9.62544897305987,-11.9338163386096,1.26311176822326,0.2572,0.319671342749233,308.15
-9.62604445270975,-11.9336096081588,1.26412647354103,0.2582,0.320809330593478,308.15
-9.62664720748631,-11.9333992566577,1.26514278724471,0.2592,0.321946574696814,308.15
-9.62725716529,-11.9331852799693,1.26616071310489,0.2602,0.323083075788119,308.15
-9.62787425475012,-11.93296767397,1.26718025490375,0.2612,0.324218834595318,308.15
-9.62849840521038,-11.9327464345497,1.26820141643519,0.2622,0.325353851845387,308.15
-9.62912954674347,-11.9325215576163,1.26922420150483,0.2632,0.326488128264355,308.15
-9.62976761011964,-11.9322930390921,1.27024861393005,0.2642,0.327621664577298,308.15
-9.63041252681997,-11.9320608749106,1.2712746575401,0.2652,0.328754461508352,308.15
-9.63106422898938,-11.9318250610274,1.27230233617605,0.2662,0.329886519780705,308.15
-9.63172264949259,-11.9315855934039,1.27333165369093,0.2672,0.331017840116603,308.15
-9.63238772179435,-11.9313424680278,1.2743626139497,0.2682,0.332148423237352,308.15
-9.633059380066,-11.9310956808959,1.27539522082933,0.2692,0.333278269863315,308.15
-9.63373755911256,-11.9308452280211,1.27642947821888,0.2702,0.334407380713921,308.15
-9.63442219435028,-11.9305911054389,1.27746539001945,0.2712,0.335535756507659,308.15
-9.63511322183549,-11.9303333091927,1.27850296014433,0.2722,0.336663397962085,308.15
-9.6358105782685,-11.9300718353457,1.27954219251902,0.2732,0.33779030579382,308.15
-9.63651420089692,-11.9298066799817,1.28058309108119,0.2742,0.338916480718552,308.15
-9.63722402762014,-11.9295378391953,1.28162565978087,0.2752,0.340041923451041,308.15
-9.63793999689411,-11.9292653091027,1.2826699025804,0.2762,0.341166634705117,308.15
-9.63866204777223,-11.9289890858337,1.2837158234545,0.2772,0.342290615193681,308.15
-9.63939011986264,-11.9287091655417,1.28476342639033,0.2782,0.343413865628708,308.15
-9.64012415335162,-11.9284255443895,1.28581271538752,0.2792,0.344536386721251,308.15
-9.64086408897561,-11.9281382185652,1.28686369445825,0.2802,0.345658179181437,308.15
-9.64160986800648,-11.9278471842716,1.28791636762726,0.2812,0.346779243718472,308.15
-9.64236143225948,-11.9275524377294,1.28897073893191,0.2822,0.347899581040644,308.15
-9.64311872410822,-11.9272539751774,1.29002681242228,0.2832,0.34901919185532,308.15
-9.64388168639936,-11.9269517928769,1.29108459216111,0.2842,0.350138076868951,308.15
-9.64465026251967,-11.926645887104,1.29214408222397,0.2852,0.351256236787071,308.15
-9.6454243963783,-11.926336254157,1.29320528669923,0.2862,0.352373672314303,308.15
-9.64620403236224,-11.926022890351,1.29426820968815,0.2872,0.353490384154353,308.15
-9.64698911535487,-11.9257057920196,1.29533285530489,0.2882,0.354606373010019,308.15
-9.64777959073023,-11.9253849555235,1.29639922767661,0.2892,0.355721639583189,308.15
-9.64857540435359,-11.9250603772316,1.29746733094351,0.2902,0.356836184574841,308.15
-9.6493765025374,-11.9247320535448,1.29853716925884,0.2912,0.357950008685048,308.15
-9.65018283206522,-11.9243999808762,1.29960874678897,0.2922,0.359063112612977,308.15
-9.65099434019699,-11.924064155666,1.30068206771349,0.2932,0.360175497056891,308.15
-9.65181097462442,-11.9237245743679,1.3017571362252,0.2942,0.36128716271415,308.15
-9.65263268350587,-11.9233812334615,1.3028339565302,0.2952,0.362398110281215,308.15
-9.65345941542356,-11.9230341294467,1.30391253284791,0.2962,0.363508340453646,308.15
-9.65429111939145,-11.922683258847,1.30499286941115,0.2972,0.364617853926105,308.15
-9.65512774486431,-11.9223286181995,1.30607497046618,0.2982,0.365726651392358,308.15
-9.6559692417049,-11.9219702040769,1.30715884027276,0.2992,0.366834733545276,308.15
-9.65681556019616,-11.9216080130637,1.30824448310419,0.3002,0.367942101076835,308.15
-9.65766665104571,-11.9212420417681,1.3093319032474,0.3012,0.369048754678121,308.15
-9.65852246532302,-11.920872286824,1.31042110500293,0.3022,0.370154695039326,308.15
-9.65938295455448,-11.9204987448863,1.31151209268509,0.3032,0.371259922849756,308.15
-9.6602480706126,-11.9201214126343,1.3126048706219,0.3042,0.372364438797827,308.15
-9.6611177657865,-11.9197402867684,1.31369944315524,0.3052,0.373468243571069,308.15
-9.66199199271842,-11.9193553640171,1.31479581464084,0.3062,0.374571337856127,308.15
-9.66287070445592,-11.9189666411288,1.31589398944836,0.3072,0.375673722338763,308.15
-9.66375385439938,-11.9185741148774,1.31699397196147,0.3082,0.376775397703855,308.15
-9.66464139633992,-11.9181777820597,1.31809576657786,0.3092,0.377876364635401,308.15
-9.66553328440145,-11.9177776394977,1.31919937770933,0.3102,0.378976623816521,308.15
-9.66642947306807,-11.9173736840406,1.32030480978181,0.3112,0.380076175929455,308.15
-9.6673299172077,-11.9169659125598,1.32141206723547,0.3122,0.381175021655568,308.15
-9.66823457199886,-11.9165543219646,1.32252115452471,0.3132,0.382273161675348,308.15
-9.66914339297857,-11.9161389091637,1.32363207611829,0.3142,0.383370596668411,308.15
-9.67005633602423,-11.9157196711126,1.32474483649934,0.3152,0.3844673273135,308.15
-9.67097335733768,-11.9152966047873,1.3258594401654,0.3162,0.385563354288486,308.15
-9.67189441346122,-11.9148697071924,1.32697589162856,0.3172,0.386658678270372,308.15
-9.67281946124007,-11.9144389753572,1.32809419541539,0.3182,0.387753299935292,308.15
-9.67374845787458,-11.9140044063337,1.32921435606715,0.3192,0.388847219958513,308.15
-9.67468136085216,-11.913565997212,1.33033637813972,0.3202,0.389940439014439,308.15
-9.67561812799152,-11.9131237450986,1.33146026620374,0.3212,0.391032957776605,308.15
-9.67655871738538,-11.9126776471375,1.33258602484459,0.3222,0.392124776917688,308.15
-9.67750308748275,-11.9122277004904,1.33371365866257,0.3232,0.393215897109502,308.15
-9.6784511969866,-11.9117739023564,1.33484317227283,0.3242,0.394306319023002,308.15
-9.67940300492458,-11.9113162499587,1.33597457030553,0.3252,0.395396043328281,308.15
-9.68035847059145,-11.9108547405529,1.3371078574058,0.3262,0.396485070694581,308.15
-9.6813175535897,-11.9103893714211,1.33824303823393,0.3272,0.397573401790282,308.15
-9.68228021379404,-11.9099201398743,1.33938011746531,0.3282,0.398661037282914,308.15
-9.68324641138336,-11.9094470432541,1.34051909979058,0.3292,0.399747977839152,308.15
-9.68421610677578,-11.9089700789362,1.34165998991561,0.3302,0.400834224124819,308.15
-9.68518926068383,-11.9084892443222,1.34280279256164,0.3312,0.40191977680489,308.15
-9.68616583409463,-11.9080045368459,1.34394751246528,0.3322,0.403004636543488,308.15
-9.68714578823874,-11.9075159539744,1.3450941543786,0.3332,0.404088804003891,308.15
-9.68812908466647,-11.9070234931971,1.34624272306926,0.3342,0.405172279848529,308.15
-9.68911568510557,-11.9065271520499,1.3473932233204,0.3352,0.406255064738988,308.15
-9.69010555159969,-11.9060269280873,1.34854565993089,0.3362,0.407337159336011,308.15
-9.69109864643417,-11.9055228189049,1.34970003771527,0.3372,0.408418564299496,308.15
-9.69209493213488,-11.9050148221245,1.35085636150388,0.3382,0.409499280288504,308.15
-9.69309437145995,-11.9045029354104,1.35201463614285,0.3392,0.410579307961254,308.15
-9.69409692743174,-11.9039871564488,1.35317486649429,0.3402,0.411658647975128,308.15
-9.6951025633259,-11.9034674829647,1.35433705743624,0.3412,0.41273730098667,308.15
-9.69611124263118,-11.9029439127188,1.35550121386277,0.3422,0.413815267651588,308.15
-9.69712292904735,-11.9024164435057,1.35666734068404,0.3432,0.41489254862476,308.15
-9.69813758656925,-11.9018850731536,1.35783544282643,0.3442,0.415969144560225,308.15
-9.69915517939839,-11.9013497995183,1.35900552523253,0.3452,0.417045056111195,308.15
-9.7001756719093,-11.9008106205069,1.36017759286118,0.3462,0.41812028393005,308.15
-9.70119902874607,-11.9002675340542,1.36135165068761,0.3472,0.419194828668341,308.15
-9.70222521479997,-11.8997205381179,1.36252770370358,0.3482,0.420268690976793,308.15
-9.70325419510978,-11.8991696307164,1.36370575691719,0.3492,0.421341871505303,308.15
-9.70428593495237,-11.8986148098928,1.36488581535319,0.3502,0.422414370902942,308.15
-9.70532039987956,-11.8980560737174,1.36606788405304,0.3512,0.423486189817961,308.15
-9.70635755554649,-11.8974934203172,1.36725196807474,0.3522,0.424557328897786,308.15
-9.70739736790133,-11.8969268478404,1.36843807249321,0.3532,0.425627788789022,308.15
-9.70843980304753,-11.8963563544878,1.36962620240014,0.3542,0.426697570137455,308.15
-9.70948482729781,-11.8957819384868,1.37081636290414,0.3552,0.427766673588053,308.15
-9.71053240718149,-11.8952035981127,1.37200855913082,0.3562,0.428835099784965,308.15
-9.71158250943023,-11.8946213316664,1.37320279622288,0.3572,0.429902849371526,308.15
-9.71263510091626,-11.8940351375073,1.37439907934003,0.3582,0.430969922990257,308.15
-9.71369014874839,-11.8934450140251,1.37559741365926,0.3592,0.432036321282862,308.15
-9.71474762023812,-11.8928509596415,1.37679780437485,0.3602,0.433102044890238,308.15
-9.71580748281793,-11.8922529728418,1.3780002566983,0.3612,0.434167094452467,308.15
-9.71686970419311,-11.8916510521239,1.37920477585869,0.3622,0.435231470608825,308.15
-9.71793425218521,-11.8910451960479,1.38041136710244,0.3632,0.436295173997777,308.15
-9.71900109481358,-11.8904354032098,1.38162003569357,0.3642,0.437358205256982,308.15
-9.72007020029049,-11.8898216722478,1.38283078691375,0.3652,0.438420565023296,308.15
-9.72114153696412,-11.8892040018443,1.38404362606229,0.3662,0.439482253932767,308.15
-9.72221507341016,-11.888582390723,1.38525855845636,0.3672,0.440543272620641,308.15
-9.72329077833338,-11.887956837649,1.38647558943092,0.3682,0.441603621721363,308.15
-9.72436862063445,-11.8873273414334,1.38769472433887,0.3692,0.442663301868579,308.15
-9.72544856934424,-11.8866939009391,1.38891596855107,0.3702,0.443722313695131,308.15
-9.72653059371275,-11.8860565150613,1.39013932745654,0.3712,0.444780657833068,308.15
-9.72761466309364,-11.8854151827536,1.39136480646234,0.3722,0.445838334913639,308.15
-9.72870074707215,-11.884769902997,1.39259241099389,0.3732,0.446895345567299,308.15
-9.72978881531306,-11.8841206748374,1.39382214649476,0.3742,0.447951690423709,308.15
-9.73087883770482,-11.883467497357,1.39505401842703,0.3752,0.449007370111736,308.15
-9.73197078423479,-11.8828103696924,1.39628803227112,0.3762,0.450062385259456,308.15
-9.73306462508905,-11.8821492910187,1.39752419352607,0.3772,0.451116736494154,308.15
-9.73416033060039,-11.8814842605583,1.39876250770952,0.3782,0.452170424442326,308.15
-9.73525787122075,-11.8808152775968,1.40000298035775,0.3792,0.45322344972968,308.15
-9.73635721758158,-11.8801423414507,1.40124561702586,0.3802,0.454275812981137,308.15
-9.73745834044571,-11.8794654514969,1.40249042328777,0.3812,0.455327514820833,308.15
-9.73856121069751,-11.878784607162,1.4037374047363,0.3822,0.45637855587212,308.15
-9.73966579943061,-11.8780998079095,1.40498656698338,0.3832,0.457428936757565,308.15
-9.74077207780371,-11.8774110532733,1.40623791565988,0.3842,0.458478658098956,308.15
-9.74188001716757,-11.8767183428228,1.40749145641596,0.3852,0.459527720517298,308.15
-9.74298958899674,-11.8760216761828,1.408747194921,0.3862,0.460576124632818,308.15
-9.74410076486857,-11.8753210530398,1.41000513686362,0.3872,0.461623871064964,308.15
-9.74521351654511,-11.8746164731212,1.41126528795199,0.3882,0.462670960432408,308.15
-9.74632781589078,-11.8739079362092,1.41252765391368,0.3892,0.463717393353045,308.15
-9.74744363491463,-11.8731954421444,1.41379224049589,0.3902,0.464763170443997,308.15
-9.74856094574864,-11.8724789908065,1.41505905346546,0.3912,0.465808292321611,308.15
-9.74967972064248,-11.8717585821714,1.41632809860892,0.3922,0.466852759601464,308.15
-9.75079993199676,-11.8710342162137,1.41759938173275,0.3932,0.467896572898359,308.15
-9.75192155232457,-11.8703058929948,1.41887290866325,0.3942,0.468939732826334,308.15
-9.75304455424142,-11.8695736126344,1.42014868524672,0.3952,0.469982239998654,308.15
-9.75416891053035,-11.8688373752963,1.42142671734961,0.3962,0.471024095027818,308.15
-9.75529459404085,-11.8680971812135,1.42270701085844,0.3972,0.472065298525562,308.15
-9.75642157779152,-11.8673530306651,1.42398957168008,0.3982,0.473105851102852,308.15
-9.75754983489857,-11.8666049239937,1.42527440574171,0.3992,0.474145753369894,308.15
-9.75867933858677,-11.8658528615981,1.42656151899093,0.4002,0.475185005936131,308.15
-9.75981006220011,-11.8650968439425,1.42785091739584,0.4012,0.476223609410244,308.15
-9.76094197918823,-11.8643368715473,1.42914260694516,0.4022,0.477261564400154,308.15
-9.76207506314965,-11.863572944992,1.43043659364835,0.4032,0.478298871513024,308.15
-9.76320928773245,-11.8628050649085,1.43173288353556,0.4042,0.479335531355256,308.15
-9.76434462675916,-11.8620332320108,1.4330314826579,0.4052,0.480371544532501,308.15
-9.76548105411183,-11.8612574470611,1.43433239708739,0.4062,0.481406911649649,308.15
-9.76661854381506,-11.8604777108775,1.43563563291714,0.4072,0.48244163331084,308.15
-9.76775706996319,-11.8596940243609,1.43694119626134,0.4082,0.483475710119459,308.15
-9.76889660677129,-11.8589063884611,1.43824909325546,0.4092,0.484509142678139,308.15
-9.77003712858305,-11.8581148041891,1.43955933005633,0.4102,0.485541931588763,308.15
-9.77117860978967,-11.8573192726405,1.44087191284209,0.4112,0.486574077452465,308.15
-9.77232102494237,-11.8565197949524,1.44218684781253,0.4122,0.48760558086963,308.15
-9.77346434865417,-11.8557163723424,1.44350414118893,0.4132,0.488636442439895,308.15
-9.77460855563701,-11.8549090060946,1.4448237992143,0.4142,0.489666662762152,308.15
-9.77575362074221,-11.8540976975462,1.44614582815353,0.4152,0.490696242434548,308.15
-9.77689951883703,-11.8532824481223,1.4474702342932,0.4162,0.491725182054487,308.15
-9.77804622496733,-11.8524632593052,1.44879702394208,0.4172,0.492753482218629,308.15
-9.77919371422417,-11.8516401326442,1.45012620343089,0.4182,0.493781143522894,308.15
-9.78034196180144,-11.8508130697669,1.45145777911256,0.4192,0.494808166562461,308.15
-9.78149094299257,-11.849982072361,1.4527917573623,0.4202,0.495834551931769,308.15
-9.78264063317235,-11.849147142198,1.45412814457766,0.4212,0.496860300224521,308.15
-9.78379100781731,-11.8483082811045,1.4554669471787,0.4222,0.497885412033682,308.15
-9.78494204247235,-11.8474654909937,1.45680817160798,0.4232,0.498909887951483,308.15
-9.78609371278561,-11.846618773844,1.45815182433076,0.4242,0.499933728569417,308.15
-9.7872459945055,-11.8457681317086,1.45949791183509,0.4252,0.500956934478247,308.15
-9.7883988634262,-11.8449135667169,1.46084644063181,0.4262,0.501979506268003,308.15
-9.78955229544122,-11.8440550810775,1.46219741725473,0.4272,0.503001444527982,308.15
-9.7907062665762,-11.8431926770575,1.46355084826084,0.4282,0.504022749846754,308.15
-9.79186075285313,-11.8423263570172,1.4649067402301,0.4292,0.505043422812158,308.15
-9.79301573045262,-11.841456123391,1.4662650997659,0.4302,0.506063464011305,308.15
-9.79417117556904,-11.8405819786864,1.46762593349486,0.4312,0.507082874030582,308.15
-9.79532706456292,-11.8397039254832,1.46898924806726,0.4322,0.508101653455648,308.15
-9.79648337375901,-11.8388219664637,1.47035505015667,0.4332,0.509119802871438,308.15
-9.79764007966865,-11.837936104359,1.47172334646062,0.4342,0.510137322862166,308.15
-9.7987971588317,-11.8370463419959,1.4730941437003,0.4352,0.511154214011321,308.15
-9.7999545878387,-11.8361526822923,1.4744674486207,0.4362,0.512170476901672,308.15
-9.80111234338762,-11.8352551282326,1.47584326799092,0.4372,0.513186112115269,308.15
-9.80227040226108,-11.8343536828888,1.47722160860415,0.4382,0.514201120233443,308.15
-9.80342874129012,-11.8334483494131,1.47860247727775,0.4392,0.515215501836806,308.15
-9.8045873373988,-11.8325391310447,1.47998588085341,0.4402,0.516229257505255,308.15
-9.80574616755577,-11.831626031111,1.4813718261972,0.4412,0.51724238781797,308.15
-9.80690520883995,-11.8307090530134,1.48276032019981,0.4422,0.518254893353419,308.15
-9.80806443834792,-11.8297882002581,1.48415136977643,0.4432,0.519266774689354,308.15
-9.80922383328331,-11.8288634764224,1.48554498186711,0.4442,0.520278032402818,308.15
-9.81038337091359,-11.8279348851774,1.48694116343672,0.4452,0.52128866707014,308.15
-9.81154302858036,-11.8270024302778,1.48833992147512,0.4462,0.52229867926694,308.15
-9.81270278364672,-11.8260661155824,1.48974126299716,0.4472,0.523308069568131,308.15
-9.81386261361435,-11.8251259450195,1.49114519504302,0.4482,0.524316838547914,308.15
-9.81502249600947,-11.8241819226176,1.49255172467812,0.4492,0.525324986779788,308.15
-9.81618240838653,-11.8232340525085,1.4939608589932,0.4502,0.526332514836544,308.15
-9.81734232843883,-11.8222823388963,1.4953726051047,0.4512,0.527339423290269,308.15
-9.81850223387538,-11.821326786092,1.49678697015459,0.4522,0.528345712712346,308.15
-9.81966210247337,-11.8203673984987,1.49820396131063,0.4532,0.529351383673456,308.15
-9.82082191208053,-11.8194041806093,1.49962358576647,0.4542,0.530356436743579,308.15
-9.82198164060896,-11.8184371370169,1.50104585074174,0.4552,0.531360872491995,308.15
-9.82314126600971,-11.8174662724116,1.50247076348217,0.4562,0.532364691487284,308.15
-9.82430076631856,-11.8164915915794,1.50389833125974,0.4572,0.53336789429733,308.15
-9.82546011961373,-11.8155130994039,1.50532856137275,0.4582,0.534370481489316,308.15
-9.82661930402344,-11.8145308008741,1.50676146114593,0.4592,0.535372453629734,308.15
-9.82777829776066,-11.8135447010752,1.50819703793067,0.4602,0.536373811284378,308.15
-9.82893707909495,-11.8125548051796,1.50963529910507,0.4612,0.537374555018349,308.15
-9.83009562631616,-11.811561118488,1.51107625207395,0.4622,0.538374685396054,308.15
-9.83125391778553,-11.810563646389,1.5125199042691,0.4632,0.539374202981213,308.15
-9.83241193194962,-11.8095623943753,1.51396626314949,0.4642,0.540373108336849,308.15
-9.83356964725399,-11.8085573680454,1.51541533620111,0.4652,0.5413714020253,308.15
-9.83472704225611,-11.8075485731016,1.51686713093741,0.4662,0.542369084608214,308.15
-9.83588409553605,-11.8065360153557,1.51832165489921,0.4672,0.543366156646553,308.15
-9.83704078569604,-11.8055197007328,1.51977891565481,0.4682,0.544362618700588,308.15
-9.83819709146859,-11.8044996352485,1.5212389208004,0.4692,0.545358471329912,308.15
-9.83935299155883,-11.8034758250456,1.52270167795977,0.4702,0.546353715093427,308.15
-9.8405084647644,-11.8024482763733,1.52416719478476,0.4712,0.547348350549356,308.15
-9.8416634899334,-11.8014169955786,1.52563547895528,0.4722,0.548342378255237,308.15
-9.84281804592696,-11.8003819891455,1.52710653817933,0.4732,0.54933579876793,308.15
-9.84397211172127,-11.7993432636436,1.52858038019342,0.4742,0.550328612643613,308.15
-9.8451256662781,-11.7983008257741,1.53005701276234,0.4752,0.551320820437783,308.15
-9.84627868863252,-11.7972546823511,1.53153644367952,0.4762,0.552312422705263,308.15
-9.84743115785724,-11.7962048403091,1.53301868076709,0.4772,0.553303420000197,308.15
-9.84858305308465,-11.7951513066871,1.53450373187605,0.4782,0.554293812876053,308.15
-9.8497343534978,-11.7940940886482,1.53599160488639,0.4792,0.555283601885623,308.15
-9.85088503831365,-11.7930331934746,1.53748230770719,0.4802,0.556272787581028,308.15
-9.85203508679044,-11.7919686285746,1.53897584827674,0.4812,0.557261370513713,308.15
-9.85318447822056,-11.7909004014753,1.54047223456271,0.4822,0.558249351234454,308.15
-9.85433319198118,-11.7898285198178,1.54197147456236,0.4832,0.559236730293353,308.15
-9.85548120747929,-11.7887529913733,1.54347357630257,0.4842,0.560223508239846,308.15
-9.85662850412411,-11.7876738240383,1.54497854783992,0.4852,0.561209685622697,308.15
-9.8577750614146,-11.7865910258367,1.54648639726101,0.4862,0.562195262990004,308.15
-9.85892085887116,-11.7855046049135,1.54799713268247,0.4872,0.563180240889197,308.15
-9.86006587605942,-11.7844145695453,1.54951076225111,0.4882,0.564164619867041,308.15
-9.86121009259366,-11.7833209281349,1.55102729414413,0.4892,0.565148400469637,308.15
-9.86235348811913,-11.7822236892196,1.55254673656916,0.4902,0.56613158324242,308.15
-9.86349604232403,-11.7811228614629,1.55406909776447,0.4912,0.567114168730166,308.15
-9.86463773494476,-11.7800184536608,1.55559438599913,0.4922,0.568096157476985,308.15
-9.86577854575058,-11.778910474746,1.55712260957306,0.4932,0.569077550026329,308.15
-9.86691845452,-11.7777989337908,1.55865377681721,0.4942,0.570058346920991,308.15
-9.86805744114537,-11.776683839988,1.56018789609385,0.4952,0.571038548703102,308.15
-9.86919548548302,-11.7755652026811,1.56172497579646,0.4962,0.572018155914138,308.15
-9.87033256745821,-11.7744430313489,1.56326502435006,0.4972,0.572997169094918,308.15
-9.87146866704359,-11.7733173356044,1.56480805021132,0.4982,0.573975588785606,308.15
-9.87260376422661,-11.7721881252032,1.56635406186866,0.4992,0.574953415525708,308.15
-9.87373783903975,-11.7710554100517,1.56790306784241,0.5002,0.575930649854079,308.15
-9.87487087157697,-11.7699192001751,1.5694550766851,0.5012,0.576907292308922,308.15
-9.87600284190977,-11.7687795057805,1.57101009698128,0.5022,0.577883343427785,308.15
-9.87713373019178,-11.7676363371901,1.57256813734803,0.5032,0.57885880374757,308.15
-9.8782635166275,-11.7664897048715,1.57412920643503,0.5042,0.579833673804524,308.15
-9.87939218138642,-11.7653396194699,1.5756933129244,0.5052,0.580807954134249,308.15
-9.880519704745,-11.7641860917476,1.57726046553133,0.5062,0.581781645271698,308.15
-9.88164606697864,-11.7630291326312,1.57883067300391,0.5072,0.582754747751176,308.15
-9.88277124840249,-11.7618687532042,1.58040394412338,0.5082,0.583727262106344,308.15
-9.88389522934357,-11.7607049647,1.58198028770422,0.5092,0.584699188870217,308.15
-9.88501799022132,-11.7595377784931,1.58355971259456,0.5102,0.585670528575167,308.15
-9.8861395114258,-11.7583672061347,1.58514222767595,0.5112,0.586641281752922,308.15
-9.88725977339854,-11.7571932593185,1.58672784186379,0.5122,0.58761144893457,308.15
-9.88837875663744,-11.7560159499029,1.58831656410747,0.5132,0.588581030650554,308.15
-9.88949644165061,-11.7548352898999,1.58990840339044,0.5142,0.589550027430682,308.15
-9.89061280895972,-11.7536512915021,1.59150336873032,0.5152,0.590518439804119,308.15
-9.89172783915835,-11.7524639670351,1.59310146917931,0.5162,0.591486268299393,308.15
-9.89284151285719,-11.7512733290092,1.59470271382413,0.5172,0.592453513444397,308.15
-9.89395381065451,-11.7500793901042,1.59630711178614,0.5182,0.593420175766386,308.15
-9.89506471327338,-11.7488821631602,1.59791467222184,0.5192,0.594386255791978,308.15
-9.89617420136095,-11.7476816611345,1.59952540432265,0.5202,0.595351754047161,308.15
-9.89728225565392,-11.7464778972654,1.60113931731522,0.5212,0.596316671057285,308.15
-9.89838885691094,-11.7452708848724,1.6027564204617,0.5222,0.597281007347072,308.15
-9.89949398593897,-11.7440606374746,1.60437672305986,0.5232,0.598244763440609,308.15
-9.90059762350566,-11.7428471687755,1.60600023444305,0.5242,0.599207939861355,308.15
-9.9016997504896,-11.741630492634,1.60762696398074,0.5252,0.600170537132139,308.15
-9.90280034776608,-11.740410623098,1.60925692107845,0.5262,0.60113255577516,308.15
-9.90389939620029,-11.7391875744021,1.61089011517782,0.5272,0.602093996311991,308.15
-9.90499687674484,-11.7379613609466,1.61252655575715,0.5282,0.603054859263579,308.15
-9.90609277035653,-11.7367319973118,1.61416625233125,0.5292,0.604015145150242,308.15
-9.90718705800703,-11.7354994982802,1.61580921445172,0.5302,0.604974854491676,308.15
-9.90827972071937,-11.7342638787992,1.61745545170718,0.5312,0.605933987806953,308.15
-9.90937073951384,-11.7330251540193,1.61910497372332,0.5322,0.606892545614521,308.15
-9.91046009547042,-11.731783339264,1.62075779016327,0.5332,0.607850528432207,308.15
-9.91154776967248,-11.7305384500593,1.62241391072757,0.5342,0.608807936777216,308.15
-9.912633743241,-11.7292905021143,1.62407334515452,0.5352,0.609764771166133,308.15
-9.91371799732453,-11.7280395113281,1.62573610322027,0.5362,0.610721032114925,308.15
-9.91480051307948,-11.7267854938162,1.62740219473896,0.5372,0.61167672013894,308.15
-9.91588127173201,-11.7255284658572,1.62907162956314,0.5382,0.612631835752908,308.15
-9.91696025447431,-11.7242684439555,1.63074441758358,0.5392,0.613586379470943,308.15
-9.918037442569,-11.7230054448009,1.63242056872979,0.5402,0.614540351806544,308.15
-9.91911281727291,-11.7217394852933,1.63410009296999,0.5412,0.615493753272595,308.15
-9.92018635990719,-11.7204705825279,1.63578300031151,0.5422,0.616446584381367,308.15
-9.92125805178871,-11.7191987538086,1.63746930080076,0.5432,0.617398845644517,308.15
-9.92232787428584,-11.7179240166343,1.63915900452361,0.5442,0.618350537573092,308.15
-9.92339580874123,-11.71664638874,1.64085212160532,0.5452,0.619301660677525,308.15
-9.92446183657287,-11.7153658880483,1.64254866221105,0.5462,0.620252215467644,308.15
-9.92552593919009,-11.7140825326991,1.64424863654582,0.5472,0.621202202452661,308.15
-9.92658809805251,-11.7127963410476,1.64595205485485,0.5482,0.622151622141188,308.15
-9.92764829462948,-11.7115073316629,1.64765892742369,0.5492,0.623100475041222,308.15
-9.92870651043372,-11.7102155233333,1.64936926457842,0.5502,0.624048761660159,308.15
-9.92976272698947,-11.7089209350564,1.65108307668588,0.5512,0.624996482504788,308.15
-9.93081692577783,-11.7076235860895,1.65280037415358,0.5522,0.625943638081291,308.15
-9.931869088459,-11.7063234958448,1.65452116743069,0.5532,0.626890228895251,308.15
-9.93291919656185,-11.7050206840316,1.65624546700717,0.5542,0.627836255451645,308.15
-9.93396723174003,-11.7037151705309,1.65797328341491,0.5552,0.628781718254848,308.15
-9.93501317561389,-11.70240697549,1.6597046272273,0.5562,0.629726617808636,308.15
-9.93605700984954,-11.701096119267,1.66143950905977,0.5572,0.630670954616183,308.15
-9.93709871613409,-11.6997826224564,1.66317793956991,0.5582,0.631614729180066,308.15
-9.93813827618228,-11.6984665058791,1.66491992945769,0.5592,0.632557942002261,308.15
-9.93917567174852,-11.6971477906373,1.66666548946561,0.5602,0.633500593584149,308.15
-9.94021088456819,-11.6958264979996,1.66841463037898,0.5612,0.634442684426513,308.15
-9.9412438964093,-11.694502649536,1.670167363026,0.5622,0.635384215029542,308.15
-9.94227468908038,-11.6931762670353,1.67192369827818,0.5632,0.636325185892828,308.15
-9.94330324445465,-11.6918473725136,1.6736836470506,0.5642,0.637265597515372,308.15
-9.94432954433459,-11.6905159882725,1.67544722030164,0.5652,0.638205450395578,308.15
-9.94535357059815,-11.6891821368458,1.6772144290337,0.5662,0.639144745031263,308.15
-9.9463753051617,-11.6878458410053,1.67898528429335,0.5672,0.640083481919648,308.15
-9.94739472993403,-11.6865071237926,1.68075979717129,0.5682,0.641021661557367,308.15
-9.9484118268597,-11.6851660085009,1.68253797880281,0.5692,0.641959284440463,308.15
-9.9494265779037,-11.6838225186796,1.6843198403679,0.5702,0.642896351064392,308.15
-9.95043896505861,-11.6824766781403,1.68610539309154,0.5712,0.64383286192402,308.15
-9.95144897032827,-11.6811285109557,1.68789464824384,0.5722,0.644768817513627,308.15
-9.95245657574497,-11.6797780414683,1.68968761714032,0.5732,0.645704218326908,308.15
-9.95346176336606,-11.6784252942764,1.69148431114217,0.5742,0.646639064856973,308.15
-9.95446451527663,-11.6770702942524,1.69328474165644,0.5752,0.647573357596345,308.15
-9.95546481359005,-11.6757130665428,1.69508892013628,0.5762,0.648507097036968,308.15
-9.95646264042012,-11.6743536365451,1.69689685808114,0.5772,0.649440283670199,308.15
-9.95745797793092,-11.6729920300096,1.69870856703695,0.5782,0.650372917986817,308.15
-9.95845080826911,-11.6716282728611,1.70052405859652,0.5792,0.651305000477019,308.15
-9.95944111366043,-11.6702623913575,1.70234334439975,0.5802,0.652236531630421,308.15
-9.96042887629854,-11.668894412042,1.70416643613362,0.5812,0.65316751193606,308.15
-9.9614140784307,-11.6675243617488,1.7059933455327,0.5822,0.654097941882398,308.15
-9.96239670232703,-11.6661522675701,1.70782408437933,0.5832,0.655027821957316,308.15
-9.96337673028769,-11.6647781569037,1.70965866450386,0.5842,0.655957152648119,308.15
-9.96435414461276,-11.6634020574647,1.71149709778472,0.5852,0.656885934441539,308.15
-9.96532892761991,-11.662023997232,1.71333939614885,0.5862,0.65781416782373,308.15
-9.966301061692,-11.6606440044862,1.71518557157203,0.5872,0.658741853280273,308.15
-9.96727052922866,-11.6592621078111,1.71703563607895,0.5882,0.659668991296177,308.15
-9.96823731259328,-11.6578783361096,1.71888960174331,0.5892,0.660595582355879,308.15
-9.96920139424341,-11.6564927185724,1.72074748068852,0.5902,0.661521626943242,308.15
-9.97016275663783,-11.6551052846943,1.72260928508763,0.5912,0.662447125541561,308.15
-9.97112138223429,-11.6537160643059,1.72447502716353,0.5922,0.66337207863356,308.15
-9.97207725355302,-11.652325087525,1.72634471918947,0.5932,0.664296486701394,308.15
-9.97303035310536,-11.6509323848051,1.72821837348907,0.5942,0.665220350226652,308.15
-9.97398066345959,-11.6495379868968,1.73009600243678,0.5952,0.666143669690352,308.15
-9.97492816715688,-11.6481419249078,1.73197761845785,0.5962,0.66706644557295,308.15
-9.9758728468379,-11.6467442302232,1.73386323402907,0.5972,0.667988678354333,308.15
-9.97681468511926,-11.6453449345857,1.73575286167854,0.5982,0.668910368513825,308.15
-9.97775366464475,-11.6439440700626,1.73764651398616,0.5992,0.669831516530185,308.15
-9.97868976811408,-11.6425416690469,1.73954420358396,0.6002,0.670752122881611,308.15
-9.97962297815047,-11.6411377643072,1.7414459431559,0.6012,0.671672188045736,308.15
-9.98055327757696,-11.6397323888664,1.74335174543921,0.6022,0.672591712499634,308.15
-9.98148064909066,-11.6383255761679,1.74526162322336,0.6032,0.673510696719817,308.15
-9.98240507548385,-11.6369173599661,1.74717558935118,0.6042,0.674429141182238,308.15
-9.98332653956624,-11.6355077743742,1.74909365671887,0.6052,0.675347046362291,308.15
-9.98424502413176,-11.6340968538192,1.75101583827625,0.6062,0.67626441273481,308.15
-9.98516051208085,-11.6326846331358,1.75294214702718,0.6072,0.677181240774075,308.15
-9.98607298627926,-11.631271147482,1.75487259602966,0.6082,0.678097530953808,308.15
-9.9869824296316,-11.6298564323841,1.75680719839619,0.6092,0.679013283747174,308.15
-9.98788882508777,-11.6284405237197,1.75874596729414,0.6102,0.679928499626785,308.15
-9.98879215558703,-11.6270234577538,1.76068891594577,0.6112,0.680843179064699,308.15
-9.98969240417492,-11.625605271082,1.76263605762904,0.6122,0.681757322532419,308.15
-9.99058955379572,-11.6241860007245,1.76458740567702,0.6132,0.682670930500897,308.15
-9.99148358754884,-11.6227656840286,1.76654297347922,0.6142,0.683584003440534,308.15
-9.99237448850361,-11.6213443587369,1.76850277448115,0.6152,0.684496541821179,308.15
-9.99326223973969,-11.6199220629887,1.77046682218473,0.6162,0.685408546112131,308.15
-9.99414682443165,-11.6184988352675,1.772435130149,0.6172,0.68632001678214,308.15
-9.99502822568828,-11.6170747145031,1.77440771198966,0.6182,0.687230954299408,308.15
-9.99590642674037,-11.6156497399599,1.77638458138024,0.6192,0.688141359131589,308.15
-9.9967814108196,-11.6142239513123,1.77836575205185,0.6202,0.689051231745791,308.15
-9.9976531611263,-11.6127973886754,1.78035123779331,0.6212,0.689960572608575,308.15
-9.99852166098206,-11.6113700924769,1.78234105245221,0.6222,0.690869382185958,308.15
-9.99938689366656,-11.6099421036535,1.78433520993434,0.6232,0.691777660943411,308.15
-10.0002488425644,-11.6085134634606,1.78633372420479,0.6242,0.692685409345863,308.15
-10.0011074910279,-11.6070842136151,1.78833660928762,0.6252,0.693592627857699,308.15
-10.0019628224726,-11.6056543962306,1.79034387926652,0.6262,0.694499316942762,308.15
-10.0028148202878,-11.6042240538674,1.79235554828481,0.6272,0.695405477064356,308.15
-10.0036634680171,-11.6027932294473,1.79437163054652,0.6282,0.696311108685241,308.15
-10.0045087491055,-11.6013619663804,1.79639214031559,0.6292,0.697216212267641,308.15
-10.0053506471228,-11.5999303084661,1.79841709191714,0.6302,0.698120788273238,308.15
-10.006189145615,-11.5984982999612,1.80044649973719,0.6312,0.699024837163178,308.15
-10.007024228177,-11.5970659855475,1.80248037822328,0.6322,0.699928359398069,308.15
-10.0078558784732,-11.5956334103421,1.80451874188486,0.6332,0.700831355437982,308.15
-10.0086840801513,-11.5942006199121,1.80656160529328,0.6342,0.701733825742453,308.15
-10.0095088169497,-11.5927676602624,1.80860898308256,0.6352,0.702635770770483,308.15
-10.010330072557,-11.5913345778852,1.81066088994909,0.6362,0.703537190980539,308.15
-10.0111478307682,-11.589901419695,1.81271734065267,0.6372,0.704438086830555,308.15
-10.0119620754275,-11.5884682330473,1.81477835001664,0.6382,0.70533845877793,308.15
-10.0127727903551,-11.5870350658072,1.81684393292777,0.6392,0.706238307279534,308.15
-10.0135799594398,-11.5856019662863,1.8189141043371,0.6402,0.707137632791704,308.15
-10.0143835665856,-11.5841689832737,1.82098887926004,0.6412,0.708036435770248,308.15
-10.0151835957943,-11.5827361659996,1.82306827277706,0.6422,0.708934716670445,308.15
-10.0159800310511,-11.5813035642229,1.82515230003349,0.6432,0.709832475947043,308.15
-10.0167728563652,-11.5798712281665,1.8272409762401,0.6442,0.710729714054263,308.15
-10.017562055866,-11.5784392085146,1.82933431667389,0.6452,0.711626431445801,308.15
-10.018347613632,-11.577007556489,1.83143233667759,0.6462,0.712522628574822,308.15
-10.0191295138412,-11.5755763237696,1.83353505166078,0.6472,0.71341830589397,308.15
-10.0199077406788,-11.574145562561,1.83564247709978,0.6482,0.714313463855361,308.15
-10.0206822783867,-11.57271532556,1.83775462853824,0.6492,0.715208102910589,308.15
-10.0214531112526,-11.5712856659745,1.83987152158744,0.6502,0.716102223510721,308.15
-10.0222202236059,-11.5698566375192,1.84199317192667,0.6512,0.716995826106306,308.15
-10.0229835998052,-11.568428294437,1.84411959530348,0.6522,0.717888911147368,308.15
-10.0237432242483,-11.5670006914949,1.84625080753416,0.6532,0.718781479083411,308.15
-10.0244990814136,-11.5655738839668,1.84838682450422,0.6542,0.719673530363418,308.15
-10.0252511558021,-11.5641479276696,1.85052766216856,0.6552,0.720565065435854,308.15
-10.025999431947,-11.5627228789551,1.85267333655186,0.6562,0.721456084748661,308.15
-10.0267438944293,-11.5612987947245,1.85482386374902,0.6572,0.722346588749269,308.15
-10.0274845279136,-11.5598757323984,1.85697925992572,0.6582,0.723236577884585,308.15
-10.0282213170626,-11.5584537499715,1.8591395413184,0.6592,0.724126052601003,308.15
-10.0289542466313,-11.5570329059705,1.86130472423506,0.6602,0.725015013344399,308.15
-10.0296833013812,-11.5556132595061,1.86347482505526,0.6612,0.725903460560135,308.15
-10.0304084661565,-11.5541948702223,1.8656498602309,0.6622,0.726791394693058,308.15
-10.0311297258172,-11.5527777983632,1.86782984628621,0.6632,0.727678816187502,308.15
-10.0318470652835,-11.5513621047287,1.87001479981844,0.6642,0.728565725487288,308.15
-10.0325604695823,-11.5499478506817,1.87220473749842,0.6652,0.729452123035724,308.15
-10.0332699237048,-11.5485350981901,1.8743996760703,0.6662,0.730338009275607,308.15
-10.0339754127716,-11.5471239097986,1.87659963235274,0.6672,0.731223384649225,308.15
-10.0346769218854,-11.5457143486531,1.87880462323858,0.6682,0.732108249598351,308.15
-10.0353744362661,-11.544306478488,1.88101466569594,0.6692,0.732992604564256,308.15
-10.0360679411391,-11.5429003636517,1.88322977676804,0.6702,0.733876449987696,308.15
-10.0367574218144,-11.5414960690833,1.88544997357405,0.6712,0.734759786308924,308.15
-10.0374428636608,-11.5400936603507,1.88767527330929,0.6722,0.735642613967682,308.15
-10.0381242520749,-11.5386932036359,1.88990569324559,0.6732,0.736524933403209,308.15
-10.0388015725381,-11.5372947657349,1.89214125073194,0.6742,0.737406745054236,308.15
-10.0394748105868,-11.5358984140905,1.89438196319474,0.6752,0.738288049358991,308.15
-10.0401439517959,-11.5345042167785,1.89662784813816,0.6762,0.739168846755197,308.15
-10.0408089818236,-11.5331122424658,1.89887892314492,0.6772,0.740049137680074,308.15
-10.0414698863945,-11.5317225605365,1.90113520587632,0.6782,0.740928922570338,308.15
-10.0421266512564,-11.5303352410008,1.90339671407275,0.6792,0.741808201862205,308.15
-10.0427792622572,-11.5289503544984,1.90566346555442,0.6802,0.742686975991389,308.15
-10.0434277053026,-11.5275679723581,1.90793547822152,0.6812,0.743565245393102,308.15
-10.0440719663234,-11.5261881665783,1.91021277005456,0.6822,0.744443010502059,308.15
-10.0447120313896,-11.5248110098008,1.91249535911541,0.6832,0.745320271752474,308.15
-10.0453478865684,-11.5234365753772,1.91478326354693,0.6842,0.746197029578062,308.15
-10.0459795180515,-11.5220649373215,1.91707650157415,0.6852,0.747073284412044,308.15
-10.0466069120266,-11.5206961703695,1.91937509150404,0.6862,0.747949036687139,308.15
-10.0472300548143,-11.5193303499203,1.92167905172666,0.6872,0.748824286835574,308.15
-10.0478489327596,-11.5179675520988,1.92398840071506,0.6882,0.749699035289078,308.15
-10.0484635323413,-11.5166078537123,1.92630315702629,0.6892,0.750573282478886,308.15
-10.0490738400274,-11.5152513323175,1.92862333930116,0.6902,0.75144702883574,308.15
-10.0496798424428,-11.5138980661465,1.93094896626554,0.6912,0.752320274789886,308.15
-10.0502815261889,-11.5125481342185,1.93328005672985,0.6922,0.75319302077108,308.15
-10.050878878034,-11.5112016162353,1.93561662959061,0.6932,0.754065267208585,308.15
-10.0514718847865,-11.509858592647,1.93795870383023,0.6942,0.754937014531172,308.15
-10.0520605333174,-11.5085191446631,1.94030629851754,0.6952,0.755808263167122,308.15
-10.0526448105949,-11.5071833542371,1.94265943280852,0.6962,0.756679013544227,308.15
-10.053224703657,-11.5058513040856,1.94501812594661,0.6972,0.757549266089789,308.15
-10.0538001996166,-11.5045230776881,1.94738239726323,0.6982,0.758419021230621,308.15
-10.0543712856668,-11.5031987592969,1.94975226617832,0.6992,0.75928827939305,308.15
-10.0549379491143,-11.5018784339281,1.95212775220098,0.7002,0.760157041002913,308.15
-10.0555001773106,-11.5005621874019,1.95450887492959,0.7012,0.761025306485564,308.15
-10.0560579577133,-11.4992501063171,1.95689565405267,0.7022,0.761893076265869,308.15
-10.0566112778637,-11.4979422780773,1.95928810934926,0.7032,0.76276035076821,308.15
-10.0571601253563,-11.4966387909022,1.96168626068923,0.7042,0.763627130416485,308.15
-10.0577044879483,-11.4953397337856,1.96409012803443,0.7052,0.764493415634107,308.15
-10.0582443534166,-11.4940451965755,1.96649973143837,0.7062,0.765359206844007,308.15
-10.0587797096458,-11.4927552699328,1.96891509104728,0.7072,0.766224504468634,308.15
-10.0593105446253,-11.4914700453638,1.97133622710051,0.7082,0.767089308929956,308.15
-10.0598368464398,-11.4901896151881,1.97376315993115,0.7092,0.767953620649458,308.15
-10.0603586032235,-11.488914072612,1.97619590996615,0.7102,0.768817440048147,308.15
-10.0608758033049,-11.4876435116326,1.97863449772779,0.7112,0.769680767546549,308.15
-10.0613884349935,-11.4863780271852,1.9810789438329,0.7122,0.770543603564713,308.15
-10.0618964867657,-11.4851177150204,1.98352926899452,0.7132,0.771405948522208,308.15
-10.0623999472038,-11.4838626717739,1.98598549402209,0.7142,0.772267802838126,308.15
-10.0628988049322,-11.4826129949961,1.98844763982155,0.7152,0.773129166931084,308.15
-10.0633930487385,-11.4813687830884,1.99091572739671,0.7162,0.77399004121922,308.15
-10.0638826674589,-11.4801301353802,1.99338977784905,0.7172,0.774850426120199,308.15
-10.0643676501175,-11.47889715208,1.99586981237908,0.7182,0.77571032205121,308.15
-10.0648479857706,-11.4776699343313,1.99835585228603,0.7192,0.776569729428968,308.15
-10.0653236635611,-11.4764485842234,2.0008479189687,0.7202,0.777428648669716,308.15
-10.0657946728626,-11.475233204696,2.00334603392694,0.7212,0.778287080189222,308.15
-10.0662610030075,-11.4740238997297,2.00585021876046,0.7222,0.779145024402783,308.15
-10.0667226435602,-11.4728207741717,2.00836049517119,0.7232,0.780002481725227,308.15
-10.0671795841333,-11.4716239338629,2.01087688496268,0.7242,0.780859452570907,308.15
-10.0676318145041,-11.4704334855827,2.01339941004138,0.7252,0.781715937353709,308.15
-10.0680793244964,-11.4692495371126,2.0159280924165,0.7262,0.782571936487048,308.15
-10.0685221041324,-11.4680721971714,2.01846295420159,0.7272,0.783427450383871,308.15
-10.068960143485,-11.466901575512,2.0210040176141,0.7282,0.784282479456658,308.15
-10.0693934327966,-11.4657377828482,2.02355130497684,0.7292,0.78513702411742,308.15
-10.0698219623868,-11.4645809308635,2.02610483871809,0.7302,0.785991084777702,308.15
-10.0702457228025,-11.4634311324412,2.02866464137236,0.7312,0.786844661848583,308.15
-10.0706647045682,-11.4622885012055,2.03123073558101,0.7322,0.787697755740675,308.15
-10.0710788984348,-11.4611531519973,2.03380314409287,0.7332,0.788550366864129,308.15
-10.0714882952959,-11.4600252006331,2.03638188976509,0.7342,0.789402495628628,308.15
-10.071892886097,-11.4589047640181,2.03896699556302,0.7352,0.790254142443393,308.15
-10.0722926620017,-11.4577919600636,2.04155848456193,0.7362,0.791105307717184,308.15
-10.0726876142436,-11.4566869077915,2.04415637994664,0.7372,0.791955991858296,308.15
-10.0730777342145,-11.4555897272817,2.04676070501274,0.7382,0.792806195274564,308.15
-10.0734630134958,-11.4545005396696,2.04937148316746,0.7392,0.793655918373363,308.15
-10.0738434437224,-11.453419467238,2.05198873792934,0.7402,0.794505161561606,308.15
-10.0742190167322,-11.4523466333331,2.05461249292994,0.7412,0.795353925245747,308.15
-10.0745897245043,-11.4512821624088,2.05724277191406,0.7422,0.796202209831782,308.15
-10.0749555591228,-11.4502261800897,2.05987959874007,0.7432,0.797050015725249,308.15
-10.0753165128642,-11.4491788130693,2.0625229973813,0.7442,0.797897343331228,308.15
-10.0756725781245,-11.4481401892298,2.06517299192606,0.7452,0.79874419305434,308.15
-10.0760237474992,-11.4471104375636,2.06782960657892,0.7462,0.799590565298752,308.15
-10.0763700136954,-11.446089688259,2.07049286566078,0.7472,0.800436460468177,308.15
-10.0767113695718,-11.4450780726616,2.07316279360983,0.7482,0.801281878965868,308.15
-10.0770478081873,-11.4440757232754,2.07583941498252,0.7492,0.802126821194629,308.15
-10.0773793227119,-11.4430827738375,2.07852275445362,0.7502,0.802971287556806,308.15
-10.0777059065272,-11.44209935925,2.08121283681766,0.7512,0.803815278454295,308.15
-10.078027553148,-11.4411256156361,2.08390968698906,0.7522,0.804658794288538,308.15
-10.078344256257,-11.4401616803485,2.086613330003,0.7532,0.805501835460526,308.15
-10.0786560097149,-11.4392076919627,2.0893237910163,0.7542,0.806344402370798,308.15
-10.0789628075762,-11.4382637902843,2.09204109530814,0.7552,0.807186495419442,308.15
-10.0792646440262,-11.4373301163937,2.09476526828038,0.7562,0.808028115006099,308.15
-10.0795615134398,-11.4364068126324,2.09749633545867,0.7572,0.808869261529957,308.15
-10.0798534103966,-11.4354940225901,2.1002343224933,0.7582,0.809709935389757,308.15
-10.080140329619,-11.4345918911776,2.10297925515942,0.7592,0.810550136983793,308.15
-10.0804222660595,-11.4337005645605,2.10573115935847,0.7602,0.811389866709911,308.15
-10.0806992147939,-11.4328201902555,2.10849006111811,0.7612,0.812229124965509,308.15
-10.0809711711556,-11.4319509170461,2.11125598659393,0.7622,0.81306791214754,308.15
-10.0812381305858,-11.4310928951093,2.11402896206908,0.7632,0.813906228652511,308.15
-10.0815000888079,-11.4302462758951,2.11680901395634,0.7642,0.814744074876486,308.15
-10.0817570416919,-11.4294112122368,2.11959616879785,0.7652,0.815581451215082,308.15
-10.0820089852849,-11.4285878583511,2.12239045326608,0.7662,0.816418358063474,308.15
-10.0822559158946,-11.4277763697776,2.12519189416527,0.7672,0.817254795816393,308.15
-10.0824978299909,-11.4269769034885,2.12800051843134,0.7682,0.818090764868129,308.15
-10.0827347242505,-11.426189617832,2.13081635313318,0.7692,0.818926265612529,308.15
-10.0829665955525,-11.4254146725857,2.1336394254732,0.7702,0.819761298443,308.15
-10.0831934410142,-11.4246522289199,2.13646976278853,0.7712,0.820595863752507,308.15
-10.0834152579598,-11.423902449445,2.13930739255152,0.7722,0.821429961933576,308.15
-10.0836320439078,-11.4231654982443,2.14215234237039,0.7732,0.822263593378295,308.15
-10.0838437966207,-11.4224415408237,2.14500463999051,0.7742,0.82309675847831,308.15
-10.0840505140663,-11.4217307441897,2.14786431329477,0.7752,0.823929457624832,308.15
-10.0842521944362,-11.4210332768129,2.1507313903047,0.7762,0.824761691208633,308.15
-10.0844488361844,-11.420349308656,2.15360589918143,0.7772,0.825593459620048,308.15
-10.0846404379517,-11.4196790111977,2.15648786822602,0.7782,0.826424763248978,308.15
-10.0848269986231,-11.4190225574571,2.15937732588066,0.7792,0.827255602484885,308.15
-10.0850085173253,-11.4183801219572,2.16227430072958,0.7802,0.828085977716799,308.15
-10.0851849934515,-11.4177518807688,2.16517882149994,0.7812,0.828915889333314,308.15
-10.0853564265606,-11.4171380115674,2.16809091706201,0.7822,0.829745337722591,308.15
-10.0855228165726,-11.4165386935128,2.17101061643154,0.7832,0.830574323272355,308.15
-10.0856841635421,-11.4159541074456,2.1739379487687,0.7842,0.831402846369904,308.15
-10.0858404678494,-11.4153844357489,2.17687294338061,0.7852,0.832230907402098,308.15
-10.085991730092,-11.4148298624451,2.17981562972125,0.7862,0.83305850675537,308.15
-10.0861379511425,-11.414290573169,2.1827660373928,0.7872,0.83388564481572,308.15
-10.0862791321457,-11.4137667551892,2.18572419614655,0.7882,0.834712321968719,308.15
-10.0864152744725,-11.4132585974643,2.18869013588332,0.7892,0.835538538599507,308.15
-10.0865463798168,-11.4127662905633,2.19166388665522,0.7902,0.836364295092796,308.15
-10.0866724501128,-11.4122900267877,2.19464547866579,0.7912,0.837189591832869,308.15
-10.0867934875298,-11.4118300001276,2.19763494227094,0.7922,0.838014429203583,308.15
-10.0869094946114,-11.411386406248,2.20063230798092,0.7932,0.838838807588365,308.15
-10.0870204741028,-11.4109594425743,2.20363760645985,0.7942,0.839662727370218,308.15
-10.0871264290506,-11.4105493082743,2.20665086852744,0.7952,0.840486188931717,308.15
-10.0872273628235,-11.4101562042366,2.20967212516013,0.7962,0.841309192655013,308.15
-10.0873232790338,-11.4097803331507,2.21270140749131,0.7972,0.842131738921831,308.15
-10.0874141816491,-11.4094218994698,2.21573874681317,0.7982,0.842953828113473,308.15
-10.0875000748972,-11.4090811094428,2.21878417457697,0.7992,0.843775460610816,308.15
-10.0875809632916,-11.4087581711592,2.22183772239404,0.8002,0.844596636794316,308.15
-10.087656851685,-11.4084532945204,2.2248994220373,0.8012,0.845417357044003,308.15
-10.0877277452633,-11.4081666912392,2.22796930544212,0.8022,0.846237621739489,308.15
-10.0877936494716,-11.4078985749455,2.23104740470666,0.8032,0.847057431259962,308.15
-10.0878545701118,-11.4076491611076,2.23413375209367,0.8042,0.847876785984191,308.15
-10.0879105132988,-11.4074186670926,2.23722838003111,0.8052,0.848695686290524,308.15
-10.087961485481,-11.4072073121613,2.24033132111335,0.8062,0.849514132556889,308.15
-10.0880074934143,-11.4070153175251,2.24344260810182,0.8072,0.850332125160796,308.15
-10.0880485442002,-11.4068429063226,2.24656227392645,0.8082,0.851149664479337,308.15
-10.0880846453271,-11.4066903036041,2.24969035168699,0.8092,0.851966750889184,308.15
-10.0881158045477,-11.406557736452,2.25282687465297,0.8102,0.852783384766594,308.15
-10.0881420299962,-11.4064454339161,2.25597187626567,0.8112,0.853599566487406,308.15
-10.0881633301995,-11.4063536270044,2.25912539013939,0.8122,0.854415296427045,308.15
-10.0881797139699,-11.406282548812,2.26228745006136,0.8132,0.855230574960516,308.15
-10.0881911905355,-11.4062324344176,2.26545808999408,0.8142,0.856045402462415,308.15
-10.0881977694452,-11.4062035209886,2.26863734407543,0.8152,0.856859779306919,308.15
-10.0881994606768,-11.4061960477174,2.27182524662072,0.8162,0.857673705867794,308.15
-10.0881962744772,-11.4062102559733,2.27502183212227,0.8172,0.85848718251839,308.15
-10.0881882216314,-11.4062463890838,2.27822713525302,0.8182,0.859300209631648,308.15
-10.0881753131287,-11.4063046926577,2.28144119086441,0.8192,0.860112787580093,308.15
-10.0881575605061,-11.4063854143014,2.28466403399073,0.8202,0.860924916735843,308.15
-10.0881349755737,-11.4064888038873,2.28789569984759,0.8212,0.8617365974706,308.15
-10.088107570634,-11.4066151133616,2.29113622383512,0.8222,0.862547830155659,308.15
-10.0880753582743,-11.4067645969849,2.29438564153704,0.8232,0.863358615161905,308.15
-10.0880383515959,-11.4069375111131,2.29764398872401,0.8242,0.864168952859813,308.15
-10.0879965640554,-11.4071341143987,2.30091130135316,0.8252,0.864978843619449,308.15
-10.0879500095879,-11.4073546676721,2.30418761557046,0.8262,0.865788287810472,308.15
-10.0878987024581,-11.4075994341195,2.30747296771034,0.8272,0.866597285802132,308.15
-10.0878426574313,-11.4078686791224,2.31076739429858,0.8282,0.867405837963274,308.15
-10.0877818896597,-11.4081626704254,2.31407093205222,0.8292,0.868213944662334,308.15
-10.0877164147936,-11.4084816780308,2.31738361788188,0.8302,0.869021606267345,308.15
-10.0876462488399,-11.4088259743497,2.32070548889151,0.8312,0.869828823145933,308.15
-10.0875714083137,-11.4091958340964,2.32403658238102,0.8322,0.870635595665318,308.15
-10.0874919101606,-11.4095915343894,2.32737693584672,0.8332,0.871441924192319,308.15
-10.0874077717964,-11.4100133547298,2.33072658698284,0.8342,0.87224780909335,308.15
-10.0873190111161,-11.4104615770053,2.33408557368287,0.8352,0.87305325073442,308.15
-10.0872256464519,-11.4109364855828,2.33745393404028,0.8362,0.873858249481138,308.15
-10.0871276966106,-11.4114383672784,2.34083170635008,0.8372,0.87466280569871,308.15
-10.0870251808855,-11.4119675113678,2.34421892911023,0.8382,0.875466919751941,308.15
-10.0869181190692,-11.4125242096089,2.34761564102292,0.8392,0.876270592005235,308.15
-10.0868065314393,-11.4131087562899,2.35102188099562,0.8402,0.877073822822595,308.15
-10.0866904387904,-11.4137214481933,2.35443768814272,0.8412,0.877876612567625,308.15
-10.0865698624013,-11.414362584704,2.35786310178633,0.8422,0.87867896160353,308.15
-10.0864448240414,-11.415032467755,2.36129816145771,0.8432,0.879480870293115,308.15
-10.0863153460469,-11.4157314018547,2.36474290689923,0.8442,0.880282338998789,308.15
-10.0861814511996,-11.4164596941788,2.36819737806435,0.8452,0.881083368082561,308.15
-10.0860431628684,-11.4172176544948,2.37166161512043,0.8462,0.881883957906044,308.15
-10.0859005050095,-11.4180055952562,2.37513565844966,0.8472,0.882684108830456,308.15
-10.0857535019277,-11.418823831428,2.37861954864936,0.8482,0.883483821216617,308.15
-10.0856021787462,-11.4196726809331,2.38211332653522,0.8492,0.884283095424953,308.15
-10.0854465608944,-11.4205524642788,2.38561703314022,0.8502,0.885081931815493,308.15
-10.085286674477,-11.4214635047183,2.38913070971822,0.8512,0.885880330747874,308.15
-10.0851225461771,-11.4224061282426,2.39265439774469,0.8522,0.886678292581339,308.15
-10.0849542031934,-11.4233806635596,2.3961881389177,0.8532,0.887475817674736,308.15
-10.0847816733971,-11.4243874425273,2.399731975159,0.8542,0.888272906386522,308.15
-10.084604985125,-11.4254267992986,2.40328594861695,0.8552,0.889069559074762,308.15
-10.0844241673928,-11.4264990712192,2.40685010166639,0.8562,0.889865776097127,308.15
-10.0842392497882,-11.42760459843,2.41042447691066,0.8572,0.8906615578109,308.15
-10.0840502624823,-11.4287437239507,2.41400911718287,0.8582,0.891456904572972,308.15
-10.0838572362942,-11.4299167937241,2.41760406554775,0.8592,0.892251816739842,308.15
-10.0836602026693,-11.4311241565881,2.42120936530299,0.8602,0.893046294667624,308.15
-10.0834591936683,-11.4323661643585,2.42482505998043,0.8612,0.893840338712039,308.15
-10.0832542419839,-11.4336431718362,2.42845119334758,0.8622,0.894633949228421,308.15
-10.0830453809283,-11.4349555368327,2.43208780940898,0.8632,0.895427126571717,308.15
-10.0828326445004,-11.4363036201525,2.43573495240833,0.8642,0.896219871096485,308.15
-10.0826160673658,-11.43768778564,2.43939266682965,0.8652,0.897012183156898,308.15
-10.0823956848218,-11.4391084002402,2.44306099739832,0.8662,0.89780406310674,308.15
-10.0821715328356,-11.4405658339656,2.44673998908305,0.8672,0.898595511299412,308.15
-10.0819436481032,-11.4420604599286,2.4504296870978,0.8682,0.899386528087929,308.15
-10.0817120679413,-11.443592654435,2.45413013690214,0.8692,0.90017711382492,308.15
-10.0814768304206,-11.445162796862,2.45784138420427,0.8702,0.900967268862631,308.15
-10.0812379742706,-11.4467712698472,2.46156347496124,0.8712,0.901756993552924,308.15
-10.0809955389897,-11.4484184591682,2.4652964553818,0.8722,0.902546288247278,308.15
-10.0807495646871,-11.4501047539269,2.46904037192601,0.8732,0.903335153296788,308.15
-10.0805000923668,-11.4518305463263,2.47279527131011,0.8742,0.904123589052169,308.15
-10.0802471635899,-11.4535962320004,2.476561200504,0.8752,0.904911595863753,308.15
-10.0799908208084,-11.4554022097559,2.48033820673665,0.8762,0.905699174081491,308.15
-10.0797311071358,-11.4572488817914,2.48412633749501,0.8772,0.906486324054955,308.15
-10.0794680664954,-11.4591366536257,2.48792564052714,0.8782,0.907273046133334,308.15
-10.0792017435289,-11.4610659341781,2.4917361638428,0.8792,0.908059340665441,308.15
-10.0789321837114,-11.4630371357078,2.49555795571629,0.8802,0.908845207999706,308.15
-10.0786594332974,-11.4650506738958,2.49939106468737,0.8812,0.909630648484184,308.15
-10.0783835392919,-11.4671069679103,2.50323553956245,0.8822,0.91041566246655,308.15
-10.0781045495535,-11.4692064403275,2.5070914294174,0.8832,0.911200250294103,308.15
-10.077822512734,-11.4713495172368,2.51095878359841,0.8842,0.911984412313764,308.15
-10.0775374782897,-11.4735366282535,2.51483765172366,0.8852,0.912768148872076,308.15
-10.0772494965667,-11.4757682064426,2.51872808368611,0.8862,0.91355146031521,308.15
-10.0769586186936,-11.4780446885372,2.52263012965343,0.8872,0.914334346988958,308.15
-10.0766648966479,-11.4803665147978,2.52654384007084,0.8882,0.91511680923874,308.15
-10.076368383288,-11.4827341290937,2.53046926566282,0.8892,0.915898847409597,308.15
-10.0760691323916,-11.4851479788631,2.53440645743537,0.8902,0.916680461846202,308.15
-10.0757671985198,-11.4876085153136,2.53835546667572,0.8912,0.91746165289285,308.15
-10.0754626371533,-11.490116193244,2.54231634495607,0.8922,0.918242420893465,308.15
-10.0751555047173,-11.4926714711561,2.54628914413507,0.8932,0.919022766191599,308.15
-10.0748458585128,-11.495274811277,2.55027391635894,0.8942,0.919802689130431,308.15
-10.0745337567238,-11.4979266796226,2.55427071406306,0.8952,0.92058219005277,308.15
-10.0742192584922,-11.5006275459442,2.55827958997464,0.8962,0.921361269301051,308.15
-10.0739024239342,-11.5033778837551,2.56230059711455,0.8972,0.922139927217343,308.15
-10.0735833140353,-11.5061781704346,2.5663337887978,0.8982,0.922918164143342,308.15
-10.0732619907921,-11.5090288871852,2.57037921863676,0.8992,0.923695980420376,308.15
-10.0729385171469,-11.5119305190614,2.57443694054233,0.9002,0.924473376389403,308.15
-10.0726129570102,-11.5148835550221,2.57850700872571,0.9012,0.925250352391013,308.15
-10.0722853753733,-11.5178884878539,2.58258947770165,0.9022,0.92602690876543,308.15
-10.0719558380431,-11.5209458144295,2.58668440228669,0.9032,0.926803045852507,308.15
-10.0716244120314,-11.5240560353975,2.59079183760602,0.9042,0.927578763991733,308.15
-10.0712911652363,-11.5272196555242,2.59491183909083,0.9052,0.928354063522231,308.15
-10.0709561666367,-11.5304371834976,2.59904446248292,0.9062,0.929128944782754,308.15
-10.0706194862536,-11.5337091320321,2.6031897638357,0.9072,0.929903408111695,308.15
-10.0702811951512,-11.5370360179133,2.60734779951591,0.9082,0.930677453847077,308.15
-10.0699413654406,-11.5404183619793,2.61151862620563,0.9092,0.931451082326563,308.15
-10.069600070354,-11.5438566891248,2.61570230090483,0.9102,0.93222429388745,308.15
-10.0692573841737,-11.5473515283826,2.61989888093228,0.9112,0.93299708886667,308.15
-10.0689133822955,-11.5509034128904,2.62410842392817,0.9122,0.933769467600795,308.15
-10.0685681412013,-11.5545128799703,2.6283309878554,0.9132,0.934541430426033,308.15
-10.0682217384933,-11.55818047108,2.63256663100204,0.9142,0.93531297767823,308.15
-10.0678742529137,-11.5619067319017,2.6368154119831,0.9152,0.936084109692871,308.15
-10.0675257643894,-11.565692212257,2.64107738974317,0.9162,0.936854826805079,308.15
-10.0671763539138,-11.5695374662972,2.64535262355642,0.9172,0.937625129349617,308.15
-10.0668261036999,-11.5734430523568,2.64964117303065,0.9182,0.938395017660889,308.15
-10.066475097154,-11.5774095330351,2.65394309810861,0.9192,0.939164492072939,308.15
-10.0661234188061,-11.5814374752732,2.65825845906886,0.9202,0.93993355291945,308.15
-10.0657711544595,-11.5855274502611,2.66258731652968,0.9212,0.940702200533749,308.15
-10.0654183911003,-11.5896800335215,2.66692973144969,0.9222,0.941470435248804,308.15
-10.0650652169387,-11.5938958049306,2.6712857651301,0.9232,0.942238257397224,308.15
-10.064711721395,-11.5981753487698,2.67565547921633,0.9242,0.943005667311262,308.15
-10.0643579951929,-11.6025192535951,2.68003893570138,0.9252,0.943772665322816,308.15
-10.0640041302573,-11.6069281124645,2.68443619692585,0.9262,0.944539251763425,308.15
-10.0636502198229,-11.6114025227852,2.68884732558158,0.9272,0.945305426964273,308.15
-10.0632963584235,-11.6159430863665,2.69327238471327,0.9282,0.946071191256191,308.15
-10.0629426418793,-11.6205504094877,2.69771143772003,0.9292,0.946836544969651,308.15
-10.0625891672732,-11.625225102901,2.70216454835698,0.9302,0.947601488434775,308.15
-10.0622360331071,-11.6299677817589,2.70663178073923,0.9312,0.948366021981329,308.15
-10.0618833390802,-11.6347790658143,2.71111319934053,0.9322,0.949130145938726,308.15
-10.0615311864204,-11.6396595791385,2.71560886900002,0.9332,0.949893860636025,308.15
-10.0611796775546,-11.6446099504616,2.72011885491907,0.9342,0.950657166401936,308.15
-10.0608289163586,-11.649630812967,2.72464322266687,0.9352,0.951420063564813,308.15
-10.0604790080851,-11.6547228043664,2.7291820381812,0.9362,0.95218255245266,308.15
-10.0601300593819,-11.6598865669007,2.73373536777052,0.9372,0.952944633393133,308.15
-10.0597821783232,-11.6651227473375,2.73830327811632,0.9382,0.953706306713532,308.15
-10.0594354743886,-11.6704319970517,2.74288583627432,0.9392,0.954467572740812,308.15
-10.0590900584741,-11.6758149719543,2.74748310967689,0.9402,0.955228431801575,308.15
-10.0587460429773,-11.6812723325053,2.7520951661358,0.9412,0.955988884222076,308.15
-10.0584035417195,-11.6868047437584,2.75672207384305,0.9422,0.95674893032822,308.15
-10.0580626700501,-11.6924128753049,2.76136390137417,0.9432,0.957508570445564,308.15
-10.0577235447129,-11.6980974014059,2.76602071768791,0.9442,0.958267804899319,308.15
-10.0573862840393,-11.7038590008143,2.77069259213119,0.9452,0.959026634014347,308.15
-10.0570510078471,-11.7096983569339,2.77537959443902,0.9462,0.959785058115162,308.15
-10.0567178374642,-11.7156161577189,2.78008179473706,0.9472,0.960543077525936,308.15
-10.0563868957895,-11.7216130957338,2.78479926354388,0.9482,0.96130069257049,308.15
-10.0560583072511,-11.7276898681109,2.78953207177246,0.9492,0.962057903572304,308.15
-10.0557321978642,-11.7338471766009,2.79428029073242,0.9502,0.96281471085451,308.15
-10.0554086952019,-11.740085727506,2.79904399213182,0.9512,0.963571114739897,308.15
-10.055087928441,-11.7464062317473,2.80382324807906,0.9522,0.964327115550909,308.15
-10.0547700283648,-11.7528094047704,2.80861813108514,0.9532,0.965082713609648,308.15
-10.0544551273378,-11.7592959666632,2.81342871406454,0.9542,0.965837909237872,308.15
-10.054143359442,-11.7658666419883,2.81825507033934,0.9552,0.966592702756996,308.15
-10.0538348603129,-11.7725221599521,2.82309727363812,0.9562,0.967347094488093,308.15
-10.0535297672608,-11.7792632542569,2.8279553980998,0.9572,0.968101084751895,308.15
-10.0532282193127,-11.7860906631599,2.83282951827555,0.9582,0.968854673868791,308.15
-10.0529303571278,-11.7930051294306,2.83771970912951,0.9592,0.969607862158832,308.15
-10.0526363230579,-11.8000074004044,2.84262604604095,0.9602,0.970360649941725,308.15
-10.052346261178,-11.8070982278817,2.84754860480666,0.9612,0.97111303753684,308.15
-10.052060317291,-11.8142783681526,2.85248746164251,0.9622,0.971865025263207,308.15
-10.0517786388664,-11.8215485820802,2.85744269318369,0.9632,0.972616613439516,308.15
-10.0515013752052,-11.828909634876,2.86241437648952,0.9642,0.973367802384119,308.15
-10.0512286772998,-11.8363622962916,2.86740258904215,0.9652,0.97411859241503,308.15
-10.0509606979349,-11.8439073405211,2.87240740874983,0.9662,0.974868983849925,308.15
-10.0506975916234,-11.8515455462349,2.87742891394728,0.9672,0.975618977006143,308.15
-10.0504395147124,-11.8592776965051,2.88246718339892,0.9682,0.976368572200686,308.15
-10.0501866253607,-11.8671045788297,2.88752229629988,0.9692,0.977117769750221,308.15
-10.0499390834556,-11.8750269852354,2.89259433227572,0.9702,0.977866569971076,308.15
-10.0496970508157,-11.8830457120569,2.89768337138765,0.9712,0.978614973179248,308.15
-10.0494606909731,-11.8911615602489,2.90278949412943,0.9722,0.979362979690394,308.15
-10.0492301693538,-11.8993753351787,2.90791278143219,0.9732,0.98011058981984,308.15
-10.0490056532942,-11.9076878466775,2.91305331466591,0.9742,0.980857803882578,308.15
-10.0487873118746,-11.9160999092757,2.91821117563729,0.9752,0.981604622193264,308.15
-10.048575316128,-11.9246123420711,2.92338644659489,0.9762,0.982351045066223,308.15
-10.0483698389292,-11.9332259689218,2.92857921022819,0.9772,0.983097072815445,308.15
-10.0481710550378,-11.9419416186028,2.93378954966906,0.9782,0.983842705754589,308.15
-10.0479791411091,-11.9507601249203,2.93901754849333,0.9792,0.984587944196984,308.15
-10.0477942757056,-11.9596823270147,2.9442632907215,0.9802,0.985332788455623,308.15
-10.0476166393346,-11.9687090695621,2.94952686082082,0.9812,0.986077238843172,308.15
-10.0474464143652,-11.9778412033806,2.95480834370395,0.9822,0.986821295671964,308.15
-10.0472837851105,-11.9870795858912,2.96010782473152,0.9832,0.987564959254004,308.15
-10.047128937823,-11.9964250818428,2.96542538971296,0.9842,0.988308229900966,308.15
-10.0469820606707,-12.0058785645395,2.97076112490597,0.9852,0.989051107924193,308.15
-10.0468433438028,-12.0154409170716,2.97611511701918,0.9862,0.989793593634703,308.15
-10.0467129792742,-12.0251130345723,2.98148745321042,0.9872,0.990535687343183,308.15
-10.046591161101,-12.034895827024,2.98687822108864,0.9882,0.991277389359992,308.15
-10.0464780852767,-12.0447902235561,2.99228750871425,0.9892,0.992018699995162,308.15
-10.0463739497015,-12.05479717889,2.99771540459819,0.9902,0.992759619558399,308.15
-10.0462789542782,-12.0649176832308,3.00316199770382,0.9912,0.99350014835908,308.15
-10.0461933008897,-12.0751527782927,3.00862737744679,0.9922,0.994240286706258,308.15
-10.0461171933033,-12.0855035846881,3.01411163369257,0.9932,0.994980034908659,308.15
-10.0460508373231,-12.0959713508656,3.01961485675994,0.9942,0.995719393274684,308.15
-10.0459944406607,-12.106557549505,3.02513713741792,0.9952,0.996458362112407,308.15
-10.045948213037,-12.1172640879485,3.03067856688726,0.9962,0.997196941729582,308.15
-10.0459123660994,-12.1280938471297,3.03623923683897,0.9972,0.997935132433635,308.15
-10.0458871134447,-12.1390524568724,3.04181923939327,0.9982,0.998672934531669,308.15
