-12.9534396628366,-11.8950167683744,1.04665516355211,0.0002,0.00027138438633377,308.15
-11.938333259693,-11.8955832894293,1.04735488437107,0.0012,0.00162772523095156,308.15
-11.5968767322033,-11.8961474341034,1.04805553249734,0.0022,0.00298309835723694,308.15
-11.3869216037994,-11.8967091975102,1.04875710975691,0.0032,0.00433750480048812,308.15
-11.2353527452708,-11.8972685747647,1.04945961798048,0.0042,0.005690945594527,308.15
-11.1169428122849,-11.8978255609721,1.0501630590035,0.0052,0.00704342177170186,308.15
-11.019943970405,-11.8983801512413,1.05086743466623,0.0062,0.00839493436288998,308.15
-10.9379218397379,-11.8989323406766,1.05157274681366,0.0072,0.0097454843975002,308.15
-10.8669671395735,-11.8994821243809,1.0522789972956,0.0082,0.0110950729034756,308.15
-10.8045259980091,-11.9000294974531,1.0529861879667,0.0092,0.0124437009072962,308.15
-10.7488377831063,-11.9005744549924,1.0536943206864,0.0102,0.0137913694339811,308.15
-10.6986371979133,-11.9011169920948,1.054403397319,0.0112,0.0151380795070919,308.15
-10.6529842986961,-11.9016571038526,1.05511341973366,0.0122,0.0164838321487345,308.15
-10.6111617011859,-11.9021947853581,1.05582438980442,0.0132,0.017828628379562,308.15
-10.5726094280585,-11.9027300316979,1.05653630941022,0.0142,0.0191724692187775,308.15
-10.5368819802152,-11.9032628379625,1.05724918043489,0.0152,0.0205153556841363,308.15
-10.5036191131838,-11.9037931992343,1.05796300476719,0.0162,0.0218572887919485,308.15
-10.4725253818378,-11.904321110597,1.05867778430083,0.0172,0.023198269557082,308.15
-10.4433554743209,-11.9048465671308,1.05939352093446,0.0182,0.0245382989929646,308.15
-10.4159034739315,-11.9053695639135,1.06011021657172,0.0192,0.0258773781115865,308.15
-10.3899948504792,-11.9058900960228,1.06082787312121,0.0202,0.0272155079235035,308.15
-10.3654803886884,-11.906408158531,1.06154649249657,0.0212,0.0285526894378386,308.15
-10.3422315172809,-11.9069237465122,1.06226607661643,0.0222,0.0298889236622854,308.15
-10.3201366680187,-11.9074368550342,1.06298662740448,0.0232,0.03122421160311,308.15
-10.2990984036616,-11.9079474791678,1.06370814678945,0.0242,0.032558554265154,308.15
-10.2790311278346,-11.9084556139775,1.06443063670514,0.0252,0.0338919526518368,308.15
-10.2598592408268,-11.9089612545287,1.06515409909043,0.0262,0.0352244077651578,308.15
-10.2415156410101,-11.9094643958799,1.06587853588933,0.0272,0.0365559206056996,308.15
-10.2239404969617,-11.9099650330962,1.06660394905095,0.0282,0.03788649217263,308.15
-10.2070802336396,-11.9104631612321,1.06733034052952,0.0292,0.0392161234637046,308.15
-10.1908866893432,-11.9109587753448,1.06805771228445,0.0302,0.0405448154752694,308.15
-10.1753164100539,-11.9114518704881,1.06878606628032,0.0312,0.0418725692022631,308.15
-10.1603300551529,-11.9119424417155,1.06951540448687,0.0322,0.0431993856382199,308.15
-10.145891894028,-11.9124304840785,1.07024572887907,0.0332,0.0445252657752716,308.15
-10.1319693774242,-11.9129159926237,1.07097704143709,0.0342,0.0458502106041502,308.15
-10.1185327705852,-11.9133989623992,1.07170934414636,0.0352,0.0471742211141907,308.15
-10.1055548377878,-11.913879388449,1.07244263899756,0.0362,0.0484972982933331,308.15
-10.0930105698812,-11.9143572658172,1.07317692798662,0.0372,0.0498194431281249,308.15
-10.0808769479654,-11.914832589545,1.07391221311478,0.0382,0.051140656603724,308.15
-10.0691327376302,-11.9153053546719,1.07464849638858,0.0392,0.0524609397039006,308.15
-10.0577583090975,-11.915775556236,1.0753857798199,0.0402,0.05378029341104,308.15
-10.046735479479,-11.916243189274,1.07612406542594,0.0412,0.0550987187061449,308.15
-10.0360473739507,-11.9167082488203,1.07686335522926,0.0422,0.0564162165688377,308.15
-10.0256783031879,-11.9171707299078,1.07760365125782,0.0432,0.0577327879773634,308.15
-10.0156136548244,-11.9176306275672,1.07834495554494,0.0442,0.0590484339085913,308.15
-10.005839797062,-11.9180879368286,1.07908727012939,0.0452,0.0603631553380182,308.15
-9.9963439928222,-11.9185426527193,1.07983059705535,0.0462,0.0616769532397701,308.15
-9.98711432310196,-11.9189947702665,1.08057493837245,0.0472,0.062989828586605,308.15
-9.97813961834537,-11.9194442844948,1.08132029613578,0.0482,0.0643017823499154,308.15
-9.96940939688855,-11.9198911904269,1.08206667240593,0.0492,0.0656128154997305,308.15
-9.9609138095778,-11.9203354830854,1.08281406924898,0.0502,0.0669229290047183,308.15
-9.95264358986607,-11.9207771574899,1.08356248873654,0.0512,0.0682321238321887,308.15
-9.94459000871321,-11.921216208659,1.08431193294575,0.0522,0.0695404009480952,308.15
-9.93674483380537,-11.9216526316104,1.08506240395931,0.0532,0.0708477613170378,308.15
-9.9291002925288,-11.92208642136,1.0858139038655,0.0542,0.0721542059022649,308.15
-9.92164903835472,-11.922517572922,1.0865664347582,0.0552,0.073459735665676,308.15
-9.91438412024441,-11.9229460813086,1.08731999873689,0.0562,0.0747643515678239,308.15
-9.90729895472554,-11.923371941533,1.08807459790668,0.0572,0.0760680545679173,308.15
-9.90038730042741,-11.9237951486051,1.08883023437834,0.0582,0.0773708456238227,308.15
-9.89364323475344,-11.924215697534,1.08958691026831,0.0592,0.0786727256920672,308.15
-9.88706113252435,-11.9246335833264,1.09034462769871,0.0602,0.0799736957278405,308.15
-9.88063564637519,-11.9250488009903,1.09110338879738,0.0612,0.0812737566849975,308.15
-9.87436168873384,-11.9254613455299,1.09186319569786,0.0622,0.0825729095160605,308.15
-9.86823441526829,-11.9258712119495,1.09262405053947,0.0632,0.0838711551722215,308.15
-9.86224920958226,-11.9262783952517,1.09338595546726,0.0642,0.0851684946033445,308.15
-9.85640166914067,-11.9266828904382,1.09414891263209,0.0652,0.0864649287579681,308.15
-9.85068759224017,-11.9270846925104,1.09491292419062,0.0662,0.0877604585833073,308.15
-9.84510296596117,-11.9274837964665,1.09567799230531,0.0672,0.0890550850252564,308.15
-9.83964395502111,-11.9278801973062,1.09644411914448,0.0682,0.0903488090283907,308.15
-9.83430689141829,-11.9282738900259,1.09721130688232,0.0692,0.0916416315359694,308.15
-9.82908826484585,-11.9286648696219,1.09797955769887,0.0702,0.0929335534899373,308.15
-9.82398471375315,-11.9290531310901,1.09874887378011,0.0712,0.0942245758309276,308.15
-9.81899301705124,-11.9294386694245,1.09951925731791,0.0722,0.0955146994982638,308.15
-9.81411008639524,-11.9298214796185,1.10029071051008,0.0732,0.0968039254299623,308.15
-9.80933295895173,-11.9302015566645,1.10106323556042,0.0742,0.0980922545627344,308.15
-9.80465879071384,-11.9305788955527,1.10183683467869,0.0752,0.0993796878319887,308.15
-9.8000848501856,-11.9309534912772,1.10261151008063,0.0762,0.100666226171833,308.15
-9.79560851253441,-11.9313253388264,1.10338726398805,0.0772,0.101951870515078,308.15
-9.79122725409544,-11.9316944331888,1.10416409862875,0.0782,0.103236621793238,308.15
-9.78693864722545,-11.9320607693544,1.10494201623664,0.0792,0.104520480936532,308.15
-9.78274035549051,-11.9324243423076,1.10572101905166,0.0802,0.105803448873889,308.15
-9.7786301291309,-11.9327851470381,1.1065011093199,0.0812,0.10708552653295,308.15
-9.77460580082895,-11.9331431785323,1.10728228929354,0.0822,0.108366714840066,308.15
-9.77066528171986,-11.9334984317759,1.10806456123092,0.0832,0.109647014720307,308.15
-9.76680655763098,-11.9338509017525,1.10884792739654,0.0842,0.110926427097457,308.15
-9.76302768557263,-11.934200583447,1.10963239006108,0.0852,0.112204952894021,308.15
-9.75932679039322,-11.9345474718443,1.11041795150144,0.0862,0.113482593031227,308.15
-9.75570206166937,-11.9348915619302,1.11120461400073,0.0872,0.114759348429025,308.15
-9.75215175073992,-11.9352328486817,1.11199237984833,0.0882,0.116035220006094,308.15
-9.7486741679191,-11.9355713270868,1.11278125133986,0.0892,0.117310208679839,308.15
-9.74526767987703,-11.9359069921253,1.11357123077726,0.0902,0.118584315366398,308.15
-9.74193070714659,-11.9362398387804,1.11436232046876,0.0912,0.11985754098064,308.15
-9.73866172177563,-11.9365698620321,1.11515452272894,0.0922,0.12112988643617,308.15
-9.73545924509771,-11.9368970568629,1.11594783987873,0.0932,0.12240135264533,308.15
-9.73232184563876,-11.9372214182529,1.11674227424544,0.0942,0.123671940519202,308.15
-9.72924813711284,-11.9375429411847,1.11753782816276,0.0952,0.12494165096761,308.15
-9.72623677654055,-11.9378616206375,1.11833450397083,0.0962,0.126210484899121,308.15
-9.72328646245137,-11.9381774515915,1.1191323040162,0.0972,0.127478443221047,308.15
-9.72039593318443,-11.9384904290279,1.11993123065192,0.0982,0.128745526839452,308.15
-9.71756396528436,-11.9388005479264,1.1207312862375,0.0992,0.130011736659145,308.15
-9.7147893719496,-11.9391078032683,1.12153247313896,0.1002,0.131277073583693,308.15
-9.71207100158853,-11.9394121900332,1.12233479372886,0.1012,0.132541538515412,308.15
-9.709407736445,-11.9397137032009,1.12313825038632,0.1022,0.133805132355381,308.15
-9.7067984912543,-11.9400123377527,1.12394284549702,0.1032,0.135067856003432,308.15
-9.70424221201356,-11.9403080886692,1.12474858145325,0.1042,0.136329710358162,308.15
-9.70173787475292,-11.9406009509315,1.12555546065391,0.1052,0.137590696316929,308.15
-9.69928448445703,-11.9408909195199,1.12636348550454,0.1062,0.138850814775858,308.15
-9.69688107391367,-11.9411779894156,1.12717265841737,0.1072,0.14011006662984,308.15
-9.6945267027201,-11.9414621556011,1.1279829818113,0.1082,0.141368452772537,308.15
-9.69222045630244,-11.9417434130554,1.12879445811195,0.1092,0.142625974096381,308.15
-9.68996144493675,-11.9420217567643,1.12960708975167,0.1102,0.14388263149258,308.15
-9.68774880287742,-11.9422971817102,1.13042087916957,0.1112,0.145138425851115,308.15
-9.68558168750685,-11.9425696828735,1.13123582881154,0.1122,0.146393358060747,308.15
-9.68345927848344,-11.9428392552398,1.13205194113029,0.1132,0.147647429009017,308.15
-9.68138077698389,-11.9431058937934,1.13286921858533,0.1142,0.148900639582248,308.15
-9.67934540493657,-11.9433695935188,1.13368766364306,0.1152,0.150152990665546,308.15
-9.67735240431642,-11.9436303494003,1.13450727877671,0.1162,0.151404483142805,308.15
-9.67540103644098,-11.9438881564261,1.13532806646646,0.1172,0.152655117896707,308.15
-9.67349058133782,-11.9441430095813,1.13615002919938,0.1182,0.153904895808725,308.15
-9.67162033709241,-11.9443949038553,1.13697316946949,0.1192,0.155153817759122,308.15
-9.66978961924313,-11.944643834235,1.1377974897778,0.1202,0.15640188462696,308.15
-9.66799776022223,-11.9448897957102,1.13862299263229,0.1212,0.157649097290093,308.15
-9.66624410878342,-11.9451327832721,1.139449680548,0.1222,0.158895456625177,308.15
-9.66452802946718,-11.9453727919105,1.14027755604696,0.1232,0.160140963507668,308.15
-9.66284890210798,-11.9456098166187,1.14110662165831,0.1242,0.161385618811825,308.15
-9.66120612132018,-11.945843852389,1.14193687991828,0.1252,0.162629423410711,308.15
-9.65959909605887,-11.9460748942182,1.14276833337021,0.1262,0.163872378176196,308.15
-9.65802724912263,-11.9463029371001,1.14360098456456,0.1272,0.165114483978961,308.15
-9.6564900167654,-11.9465279760314,1.14443483605901,0.1282,0.166355741688496,308.15
-9.65498684824759,-11.9467500060115,1.14526989041839,0.1292,0.167596152173104,308.15
-9.65351720544756,-11.9469690220384,1.14610615021477,0.1302,0.168835716299905,308.15
-9.65208056246319,-11.9471850191134,1.14694361802745,0.1312,0.170074434934833,308.15
-9.65067640526491,-11.947397992239,1.14778229644301,0.1322,0.171312308942645,308.15
-9.64930423129971,-11.9476079364203,1.1486221880553,0.1332,0.172549339186915,308.15
-9.64796354918849,-11.9478148466594,1.14946329546554,0.1342,0.173785526530044,308.15
-9.64665387835898,-11.9480187179679,1.15030562128223,0.1352,0.175020871833256,308.15
-9.64537474876405,-11.94821954535,1.15114916812129,0.1362,0.176255375956601,308.15
-9.64412570053152,-11.9484173238171,1.15199393860603,0.1372,0.177489039758961,308.15
-9.6429062836976,-11.9486120483823,1.15283993536715,0.1382,0.178721864098048,308.15
-9.64171605791392,-11.9488037140585,1.15368716104285,0.1392,0.179953849830405,308.15
-9.64055459215784,-11.948992315862,1.15453561827875,0.1402,0.181184997811414,308.15
-9.6394214644968,-11.9491778488102,1.15538530972801,0.1412,0.182415308895291,308.15
-9.63831626180077,-11.9493603079222,1.15623623805131,0.1422,0.183644783935092,308.15
-9.63723857950518,-11.9495396882196,1.15708840591687,0.1432,0.184873423782714,308.15
-9.63618802139615,-11.9497159847275,1.1579418160005,0.1442,0.186101229288898,308.15
-9.6351641993382,-11.9498891924691,1.15879647098563,0.1452,0.187328201303228,308.15
-9.63416673307583,-11.9500593064764,1.1596523735633,0.1462,0.188554340674137,308.15
-9.6331952500205,-11.950226321776,1.16050952643224,0.1472,0.189779648248905,308.15
-9.63224938503335,-11.9503902334047,1.16136793229882,0.1482,0.191004124873663,308.15
-9.63132878023112,-11.9505510363938,1.16222759387719,0.1492,0.192227771393397,308.15
-9.63043308478374,-11.9507087257817,1.16308851388918,0.1502,0.193450588651945,308.15
-9.62956195474204,-11.9508632966108,1.16395069506444,0.1512,0.194672577492004,308.15
-9.62871505283243,-11.9510147439218,1.1648141401404,0.1522,0.195893738755127,308.15
-9.62789204830987,-11.9511630627602,1.16567885186229,0.1532,0.197114073281729,308.15
-9.62709261675606,-11.9513082481766,1.16654483298323,0.1542,0.198333581911088,308.15
-9.62631643995539,-11.9514502952179,1.16741208626421,0.1552,0.199552265481346,308.15
-9.6255632056893,-11.9515891989412,1.16828061447412,0.1562,0.20077012482951,308.15
-9.62483260763011,-11.9517249544019,1.16915042038979,0.1572,0.201987160791457,308.15
-9.62412434514498,-11.9518575566593,1.17002150679602,0.1582,0.203203374201933,308.15
-9.62343812318612,-11.9519870007774,1.1708938764856,0.1592,0.204418765894557,308.15
-9.62277365214396,-11.9521132818224,1.17176753225934,0.1602,0.20563333670182,308.15
-9.62213064768828,-11.9522363948614,1.17264247692611,0.1612,0.206847087455091,308.15
-9.62150883067869,-11.9523563349695,1.17351871330284,0.1622,0.208060018984616,308.15
-9.62090792699986,-11.9524730972191,1.17439624421461,0.1632,0.20927213211952,308.15
-9.62032766745348,-11.9525866766912,1.17527507249458,0.1642,0.21048342768781,308.15
-9.61976778763529,-11.9526970684707,1.17615520098411,0.1652,0.211693906516377,308.15
-9.61922802783807,-11.9528042676399,1.17703663253276,0.1662,0.212903569430997,308.15
-9.61870813289498,-11.9529082692898,1.17791936999829,0.1672,0.214112417256332,308.15
-9.61820785211642,-11.9530090685149,1.17880341624675,0.1682,0.215320450815934,308.15
-9.61772693916875,-11.953106660411,1.17968877415244,0.1692,0.216527670932245,308.15
-9.61726515194184,-11.9532010400808,1.18057544659798,0.1702,0.217734078426603,308.15
-9.61682225251648,-11.953292202629,1.18146343647436,0.1712,0.218939674119236,308.15
-9.61639800697827,-11.9533801431629,1.18235274668091,0.1722,0.220144458829271,308.15
-9.61599218540802,-11.9534648567974,1.18324338012538,0.1732,0.221348433374734,308.15
-9.61560456174045,-11.9535463386505,1.18413533972395,0.1742,0.222551598572549,308.15
-9.61523491368587,-11.9536245838415,1.18502862840127,0.1752,0.223753955238545,308.15
-9.61488302264888,-11.9536995874981,1.18592324909047,0.1762,0.224955504187451,308.15
-9.61454867364171,-11.9537713447507,1.18681920473322,0.1772,0.226156246232906,308.15
-9.61423165521243,-11.953839850731,1.18771649827975,0.1782,0.227356182187453,308.15
-9.61393175933908,-11.9539051005824,1.18861513268885,0.1792,0.228555312862546,308.15
-9.61364878138208,-11.9539670894464,1.18951511092795,0.1802,0.22975363906855,308.15
-9.61338251999809,-11.954025812472,1.19041643597314,0.1812,0.230951161614745,308.15
-9.61313277706204,-11.9540812648141,1.19131911080916,0.1822,0.232147881309321,308.15
-9.6128993575982,-11.9541334416287,1.19222313842948,0.1832,0.233343798959391,308.15
-9.61268206971799,-11.9541823380803,1.19312852183631,0.1842,0.23453891537098,308.15
-9.61248072454803,-11.9542279493373,1.19403526404064,0.1852,0.235733231349039,308.15
-9.61229513616218,-11.954270270575,1.19494336806224,0.1862,0.236926747697437,308.15
-9.61212512153731,-11.9543092969679,1.19585283692978,0.1872,0.23811946521897,308.15
-9.61197050044084,-11.9543450237046,1.19676367368073,0.1882,0.239311384715358,308.15
-9.61183109544757,-11.9543774459729,1.1976758813615,0.1892,0.240502506987248,308.15
-9.61170673181272,-11.9544065589673,1.19858946302744,0.1902,0.241692832834218,308.15
-9.61159723744517,-11.9544323578896,1.19950442174286,0.1912,0.242882363054776,308.15
-9.61150244285474,-11.9544548379437,1.20042076058106,0.1922,0.244071098446363,308.15
-9.611422181078,-11.9544739943457,1.20133848262438,0.1932,0.245259039805355,308.15
-9.61135628764893,-11.9544898223126,1.20225759096424,0.1942,0.246446187927064,308.15
-9.61130460053873,-11.9545023170665,1.20317808870115,0.1952,0.247632543605741,308.15
-9.61126696009361,-11.9545114738386,1.20409997894474,0.1962,0.248818107634577,308.15
-9.61124320902136,-11.9545172878646,1.20502326481383,0.1972,0.250002880805704,308.15
-9.61123319228573,-11.9545197543875,1.20594794943643,0.1982,0.251186863910197,308.15
-9.61123675711764,-11.9545188686554,1.20687403594977,0.1992,0.252370057738078,308.15
-9.61125375292668,-11.9545146259258,1.20780152750037,0.2002,0.253552463078314,308.15
-9.61128403130886,-11.9545070214575,1.20873042724405,0.2012,0.254734080718824,308.15
-9.61132744592822,-11.9544960505212,1.20966073834593,0.2022,0.255914911446474,308.15
-9.61138385254038,-11.9544817083924,1.21059246398055,0.2032,0.257094956047084,308.15
-9.61145310895139,-11.9544639903513,1.21152560733183,0.2042,0.258274215305429,308.15
-9.61153507490557,-11.9544428916896,1.21246017159311,0.2052,0.259452690005237,308.15
-9.61162961213395,-11.9544184077012,1.21339615996725,0.2062,0.260630380929197,308.15
-9.61173658425613,-11.95439053369,1.21433357566656,0.2072,0.261807288858953,308.15
-9.61185585679842,-11.9543592649675,1.21527242191296,0.2082,0.262983414575115,308.15
-9.61198729708662,-11.9543245968527,1.2162127019379,0.2092,0.264158758857252,308.15
-9.61213077426303,-11.9542865246691,1.21715441898244,0.2102,0.265333322483898,308.15
-9.61228615926371,-11.9542450437495,1.21809757629735,0.2112,0.266507106232555,308.15
-9.61245332471413,-11.9542001494371,1.219042177143,0.2122,0.26768011087969,308.15
-9.61263214497344,-11.9541518370773,1.21998822478956,0.2132,0.268852337200742,308.15
-9.61282249604642,-11.9541001020323,1.22093572251689,0.2142,0.270023785970121,308.15
-9.61302425561983,-11.9540449396592,1.2218846736147,0.2152,0.271194457961209,308.15
-9.61323730293118,-11.9539863453366,1.2228350813825,0.2162,0.272364353946362,308.15
-9.613461518839,-11.9539243144425,1.22378694912967,0.2172,0.273533474696916,308.15
-9.61369678572813,-11.953858842368,1.22474028017549,0.2182,0.27470182098318,308.15
-9.61394298750051,-11.953789924511,1.22569507784918,0.2192,0.275869393574447,308.15
-9.61420000956463,-11.9537175562779,1.22665134548995,0.2202,0.277036193238988,308.15
-9.6144677387849,-11.9536417330839,1.22760908644701,0.2212,0.278202220744062,308.15
-9.61474606347203,-11.9535624503535,1.22856830407962,0.2222,0.279367476855907,308.15
-9.61503487333272,-11.9534797035191,1.22952900175713,0.2232,0.280531962339752,308.15
-9.61533405947124,-11.9533934880236,1.23049118285903,0.2242,0.281695677959812,308.15
-9.61564351434823,-11.9533037993197,1.23145485077496,0.2252,0.282858624479292,308.15
-9.61596313177557,-11.9532106328654,1.23242000890476,0.2262,0.284020802660389,308.15
-9.61629280684563,-11.9531139841357,1.23338666065851,0.2272,0.285182213264294,308.15
-9.61663243598604,-11.9530138486052,1.23435480945659,0.2282,0.286342857051191,308.15
-9.61698191684995,-11.9529102217656,1.23532445872967,0.2292,0.287502734780262,308.15
-9.61734114834289,-11.9528030991198,1.23629561191877,0.2302,0.288661847209686,308.15
-9.61771003061708,-11.9526924761722,1.23726827247534,0.2312,0.289820195096643,308.15
-9.6180884650101,-11.9525783484449,1.23824244386124,0.2322,0.290977779197314,308.15
-9.61847635402628,-11.9524607114692,1.23921812954878,0.2332,0.292134600266883,308.15
-9.6188736013607,-11.9523395607841,1.24019533302084,0.2342,0.293290659059539,308.15
-9.6192801118241,-11.9522148919389,1.24117405777079,0.2352,0.294445956328476,308.15
-9.61969579135123,-11.952086700498,1.24215430730264,0.2362,0.295600492825899,308.15
-9.62012054698704,-11.9519549820313,1.24313608513099,0.2372,0.296754269303019,308.15
-9.62055428684623,-11.9518197321246,1.24411939478113,0.2382,0.297907286510061,308.15
-9.62099692012334,-11.9516809463685,1.24510423978908,0.2392,0.299059545196263,308.15
-9.62144835704489,-11.9515386203712,1.24609062370157,0.2402,0.300211046109876,308.15
-9.62190850888025,-11.9513927497486,1.24707855007617,0.2412,0.301361789998167,308.15
-9.62237728788538,-11.9512433301296,1.24806802248123,0.2422,0.302511777607422,308.15
-9.62285460733082,-11.9510903571543,1.24905904449601,0.2432,0.303661009682947,308.15
-9.62334038146743,-11.9509338264738,1.25005161971069,0.2442,0.304809486969067,308.15
-9.62383452548857,-11.9507737337516,1.25104575172637,0.2452,0.305957210209131,308.15
-9.62433695554423,-11.9506100746649,1.25204144415519,0.2462,0.307104180145511,308.15
-9.62484758871945,-11.9504428448996,1.2530387006203,0.2472,0.308250397519606,308.15
-9.62536634300164,-11.9502720401563,1.25403752475594,0.2482,0.309395863071843,308.15
-9.62589313728785,-11.9500976561477,1.25503792020748,0.2492,0.310540577541676,308.15
-9.62642789135913,-11.9499196886043,1.25603989063145,0.2502,0.31168454166759,308.15
-9.62697052585968,-11.9497381332577,1.25704343969559,0.2512,0.312827756187105,308.15
-9.6275209622938,-11.9495529858612,1.2580485710789,0.2522,0.31397022183677,308.15
-9.62807912300588,-11.9493642421834,1.25905528847164,0.2532,0.315111939352174,308.15
-9.62864493116566,-11.9491718979947,1.26006359557545,0.2542,0.316252909467939,308.15
-9.62921831078681,-11.9489759490917,1.26107349610334,0.2552,0.317393132917729,308.15
-9.62979918665571,-11.9487763912755,1.26208499377972,0.2562,0.318532610434246,308.15
-9.63038748434869,-11.9485732203692,1.26309809234049,0.2572,0.319671342749233,308.15
-9.63098313024579,-11.9483664322023,1.26411279553307,0.2582,0.320809330593478,308.15
-9.63158605145076,-11.9481560226219,1.2651291071164,0.2592,0.321946574696814,308.15
-9.63219617585773,-11.9479419874907,1.26614703086104,0.2602,0.323083075788119,308.15
-9.63281343208103,-11.9477243226841,1.26716657054919,0.2612,0.324218834595318,308.15
-9.63343774947792,-11.9475030240891,1.26818772997476,0.2622,0.325353851845387,308.15
-9.6340690581297,-11.9472780876121,1.26921051294338,0.2632,0.326488128264355,308.15
-9.63470728879764,-11.9470495091725,1.27023492327244,0.2642,0.327621664577298,308.15
-9.63535237296403,-11.9468172847051,1.27126096479118,0.2652,0.328754461508352,308.15
-9.63600424278022,-11.9465814101608,1.2722886413407,0.2662,0.329886519780705,308.15
-9.63666283108291,-11.9463418815065,1.273317956774,0.2672,0.331017840116603,308.15
-9.63732807137958,-11.9460986947202,1.27434891495607,0.2682,0.332148423237352,308.15
-9.63799989781232,-11.9458518458009,1.27538151976389,0.2692,0.333278269863315,308.15
-9.63867824518673,-11.9456013307632,1.27641577508651,0.2702,0.334407380713921,308.15
-9.63936304893896,-11.945347145631,1.27745168482505,0.2712,0.335535756507659,308.15
-9.64005424510582,-11.9450892864573,1.27848925289279,0.2722,0.336663397962085,308.15
-9.64075177039361,-11.9448277492985,1.27952848321524,0.2732,0.33779030579382,308.15
-9.64145556204953,-11.9445625302367,1.28056937973008,0.2742,0.338916480718552,308.15
-9.64216555797367,-11.944293625368,1.28161194638735,0.2752,0.340041923451041,308.15
-9.6428816966217,-11.9440210308043,1.28265618714939,0.2762,0.341166634705117,308.15
-9.6436039170468,-11.9437447426751,1.28370210599092,0.2772,0.342290615193681,308.15
-9.64433215885658,-11.9434647571307,1.2847497068991,0.2782,0.343413865628708,308.15
-9.64506636223807,-11.9431810703355,1.28579899387359,0.2792,0.344536386721251,308.15
-9.64580646791961,-11.9428936784741,1.28684997092654,0.2802,0.345658179181437,308.15
-9.64655241719545,-11.9426025777454,1.28790264208273,0.2812,0.346779243718472,308.15
-9.6473041518655,-11.9423077643705,1.28895701137951,0.2822,0.347899581040644,308.15
-9.64806161428877,-11.9420092345903,1.29001308286695,0.2832,0.34901919185532,308.15
-9.64882474732672,-11.9417069846621,1.29107086060781,0.2842,0.350138076868951,308.15
-9.64959349438866,-11.9414010108558,1.29213034867768,0.2852,0.351256236787071,308.15
-9.65036779934677,-11.9410913094784,1.29319155116491,0.2862,0.352373672314303,308.15
-9.65114760659159,-11.9407778768296,1.29425447217075,0.2872,0.353490384154353,308.15
-9.65193286102574,-11.9404607092524,1.29531911580941,0.2882,0.354606373010019,308.15
-9.65272350802228,-11.9401398031018,1.29638548620804,0.2892,0.355721639583189,308.15
-9.65351949342277,-11.9398151547475,1.29745358750681,0.2902,0.356836184574841,308.15
-9.65432076355436,-11.9394867605873,1.29852342385899,0.2912,0.357950008685048,308.15
-9.65512726521707,-11.9391546170306,1.299594999431,0.2922,0.359063112612977,308.15
-9.65593894564694,-11.9388187205183,1.30066831840238,0.2932,0.360175497056891,308.15
-9.65675575255117,-11.9384790675015,1.30174338496596,0.2942,0.36128716271415,308.15
-9.65757763406414,-11.9381356544606,1.30282020332781,0.2952,0.362398110281215,308.15
-9.65840453879191,-11.9377884778913,1.3038987777074,0.2962,0.363508340453646,308.15
-9.65923641574038,-11.9374375343157,1.30497911233753,0.2972,0.364617853926105,308.15
-9.66007321436472,-11.937082820273,1.30606121146447,0.2982,0.365726651392358,308.15
-9.66091488451834,-11.9367243323299,1.30714507934797,0.2992,0.366834733545276,308.15
-9.66176137650828,-11.9363620670674,1.30823072026137,0.3002,0.367942101076835,308.15
-9.66261264101023,-11.935996021097,1.30931813849155,0.3012,0.369048754678121,308.15
-9.66346862913483,-11.9356261910497,1.31040733833911,0.3022,0.370154695039326,308.15
-9.66432929235746,-11.9352525735778,1.31149832411831,0.3032,0.371259922849756,308.15
-9.66519458258514,-11.9348751653601,1.31259110015721,0.3042,0.372364438797827,308.15
-9.66606445209749,-11.9344939630944,1.31368567079768,0.3052,0.373468243571069,308.15
-9.66693885353675,-11.9341089635077,1.31478204039545,0.3062,0.374571337856127,308.15
-9.6678177399508,-11.933720163347,1.3158802133202,0.3072,0.375673722338763,308.15
-9.66870106473867,-11.9333275593834,1.31698019395558,0.3082,0.376775397703855,308.15
-9.66958878169236,-11.9329311484134,1.3180819866993,0.3092,0.377876364635401,308.15
-9.67048084493569,-11.9325309272577,1.31918559596316,0.3102,0.378976623816521,308.15
-9.67137720896071,-11.9321268927631,1.32029102617309,0.3112,0.380076175929455,308.15
-9.67227782861038,-11.931719041802,1.32139828176924,0.3122,0.381175021655568,308.15
-9.67318265908499,-11.93130737127,1.32250736720606,0.3132,0.382273161675348,308.15
-9.67409165591694,-11.9308918780882,1.32361828695229,0.3142,0.383370596668411,308.15
-9.67500477497456,-11.9304725592072,1.32473104549104,0.3152,0.3844673273135,308.15
-9.67592197247509,-11.9300494116004,1.32584564731989,0.3162,0.385563354288486,308.15
-9.67684320496069,-11.9296224322653,1.32696209695091,0.3172,0.386658678270372,308.15
-9.67776842926026,-11.9291916182362,1.32808039891068,0.3182,0.387753299935292,308.15
-9.67869760257393,-11.9287569665644,1.32920055774045,0.3192,0.388847219958513,308.15
-9.67963068241306,-11.9283184743307,1.33032257799613,0.3202,0.389940439014439,308.15
-9.68056762657137,-11.9278761386439,1.33144646424834,0.3212,0.391032957776605,308.15
-9.68150839315049,-11.9274299566487,1.33257222108246,0.3222,0.392124776917688,308.15
-9.68245294059857,-11.926979925502,1.3336998530988,0.3232,0.393215897109502,308.15
-9.68340122762748,-11.9265260424027,1.33482936491252,0.3242,0.394306319023002,308.15
-9.68435321323025,-11.9260683045745,1.33596076115373,0.3252,0.395396043328281,308.15
-9.6853088567433,-11.9256067092653,1.33709404646764,0.3262,0.396485070694581,308.15
-9.68626811776027,-11.9251412537544,1.3382292255145,0.3272,0.397573401790282,308.15
-9.6872309561411,-11.9246719353613,1.3393663029697,0.3282,0.398661037282914,308.15
-9.68819733206165,-11.9241987514193,1.34050528352388,0.3292,0.399747977839152,308.15
-9.68916720596613,-11.9237216992979,1.34164617188294,0.3302,0.400834224124819,308.15
-9.69014053854196,-11.9232407764048,1.34278897276808,0.3312,0.40191977680489,308.15
-9.69111729077507,-11.9227559801698,1.34393369091593,0.3322,0.403004636543488,308.15
-9.69209742393085,-11.9222673080519,1.34508033107859,0.3332,0.404088804003891,308.15
-9.69308089949918,-11.9217747575525,1.34622889802366,0.3342,0.405172279848529,308.15
-9.69406767926698,-11.9212783261914,1.34737939653433,0.3352,0.406255064738988,308.15
-9.69505772525251,-11.9207780115268,1.34853183140946,0.3362,0.407337159336011,308.15
-9.69605099973235,-11.9202738111544,1.34968620746357,0.3372,0.408418564299496,308.15
-9.69704746522208,-11.9197657226951,1.35084252952699,0.3382,0.409499280288504,308.15
-9.69804708452425,-11.9192537438029,1.35200080244593,0.3392,0.410579307961254,308.15
-9.69904982063472,-11.9187378721695,1.35316103108242,0.3402,0.411658647975128,308.15
-9.70005563681223,-11.918218105521,1.35432322031451,0.3412,0.41273730098667,308.15
-9.70106449656029,-11.9176944416096,1.3554873750363,0.3422,0.413815267651588,308.15
-9.70207636358997,-11.9171668782312,1.35665350015794,0.3432,0.41489254862476,308.15
-9.70309120190218,-11.9166354132041,1.35782160060582,0.3442,0.415969144560225,308.15
-9.70410897564708,-11.9161000443981,1.35899168132248,0.3452,0.417045056111195,308.15
-9.70512964925958,-11.9155607697047,1.36016374726683,0.3462,0.41812028393005,308.15
-9.7061531873659,-11.9150175870569,1.36133780341408,0.3472,0.419194828668341,308.15
-9.70717955480555,-11.9144704944287,1.36251385475591,0.3482,0.420268690976793,308.15
-9.70820871668575,-11.9139194898164,1.36369190630052,0.3492,0.421341871505303,308.15
-9.70924063827507,-11.9133645712626,1.36487196307265,0.3502,0.422414370902942,308.15
-9.71027528508065,-11.9128057368481,1.36605403011369,0.3512,0.423486189817961,308.15
-9.71131262279265,-11.9122429846882,1.3672381124817,0.3522,0.424557328897786,308.15
-9.71235261735133,-11.9116763129347,1.36842421525159,0.3532,0.425627788789022,308.15
-9.71339523485783,-11.9111057197819,1.36961234351503,0.3542,0.426697570137455,308.15
-9.71444044162553,-11.9105312034568,1.37080250238064,0.3552,0.427766673588053,308.15
-9.71548820418333,-11.9099527622324,1.37199469697403,0.3562,0.428835099784965,308.15
-9.7165384892446,-11.909370394414,1.37318893243786,0.3572,0.429902849371526,308.15
-9.71759126372685,-11.9087840983474,1.37438521393192,0.3582,0.430969922990257,308.15
-9.71864649471001,-11.9081938724244,1.37558354663315,0.3592,0.432036321282862,308.15
-9.71970414947939,-11.9075997150738,1.37678393573579,0.3602,0.433102044890238,308.15
-9.72076419553974,-11.9070016247622,1.37798638645146,0.3612,0.434167094452467,308.15
-9.72182660052261,-11.9063996000001,1.37919090400911,0.3622,0.435231470608825,308.15
-9.72289133226761,-11.9057936393433,1.38039749365519,0.3632,0.436295173997777,308.15
-9.7239583588221,-11.9051837413814,1.38160616065376,0.3642,0.437358205256982,308.15
-9.7250276483589,-11.9045699047519,1.38281691028643,0.3652,0.438420565023296,308.15
-9.72609916926569,-11.9039521281353,1.38402974785258,0.3662,0.439482253932767,308.15
-9.72717289007848,-11.9033304102553,1.3852446786693,0.3672,0.440543272620641,308.15
-9.72824877953964,-11.9027047498689,1.3864617080716,0.3682,0.441603621721363,308.15
-9.72932680651301,-11.9020751457967,1.38768084141234,0.3692,0.442663301868579,308.15
-9.73040694006569,-11.9014415968879,1.38890208406243,0.3702,0.443722313695131,308.15
-9.73148914940987,-11.9008041020435,1.39012544141082,0.3712,0.444780657833068,308.15
-9.73257340393625,-11.9001626602077,1.39135091886463,0.3722,0.445838334913639,308.15
-9.73365967319195,-11.8995172703671,1.39257852184922,0.3732,0.446895345567299,308.15
-9.73474792687066,-11.898867931562,1.39380825580821,0.3742,0.447951690423709,308.15
-9.73583813484043,-11.8982146428736,1.39504012620363,0.3752,0.449007370111736,308.15
-9.7369302671171,-11.8975574034314,1.39627413851594,0.3762,0.450062385259456,308.15
-9.73802429386688,-11.8968962124104,1.39751029824416,0.3772,0.451116736494154,308.15
-9.73912018540473,-11.896231069041,1.39874861090589,0.3782,0.452170424442326,308.15
-9.74021791220854,-11.8955619725933,1.39998908203745,0.3792,0.45322344972968,308.15
-9.74131744489274,-11.8948889223936,1.40123171719391,0.3802,0.454275812981137,308.15
-9.74241875423641,-11.894211917804,1.40247652194922,0.3812,0.455327514820833,308.15
-9.74352181113439,-11.8935309582521,1.40372350189619,0.3822,0.45637855587212,308.15
-9.7446265866322,-11.89284604321,1.40497266264668,0.3832,0.457428936757565,308.15
-9.74573305193574,-11.8921571721968,1.40622400983165,0.3842,0.458478658098956,308.15
-9.74684117836672,-11.8914643447875,1.40747754910119,0.3852,0.459527720517298,308.15
-9.74795093739885,-11.8907675606059,1.40873328612466,0.3862,0.460576124632818,308.15
-9.74906230062871,-11.8900668193301,1.40999122659075,0.3872,0.461623871064964,308.15
-9.75017523981647,-11.8893621206808,1.41125137620759,0.3882,0.462670960432408,308.15
-9.75128972680037,-11.8886534644565,1.41251374070271,0.3892,0.463717393353045,308.15
-9.75240573361536,-11.8879408504792,1.41377832582334,0.3902,0.464763170443997,308.15
-9.75352323238715,-11.8872242786417,1.41504513733631,0.3912,0.465808292321611,308.15
-9.75464219535625,-11.8865037488905,1.41631418102816,0.3922,0.466852759601464,308.15
-9.75576259493099,-11.8857792612221,1.41758546270533,0.3932,0.467896572898359,308.15
-9.75688440362139,-11.8850508156895,1.41885898819413,0.3942,0.468939732826334,308.15
-9.75800759404319,-11.8843184124109,1.42013476334086,0.3952,0.469982239998654,308.15
-9.7591321389692,-11.8835820515499,1.42141279401194,0.3962,0.471024095027818,308.15
-9.76025801127554,-11.8828417333248,1.42269308609394,0.3972,0.472065298525562,308.15
-9.76138518395396,-11.882097458028,1.42397564549366,0.3982,0.473105851102852,308.15
-9.7625136301279,-11.8813492259908,1.42526047813831,0.3992,0.474145753369894,308.15
-9.76364332303395,-11.8805970376143,1.42654758997548,0.4002,0.475185005936131,308.15
-9.76477423597313,-11.879840893364,1.4278369869732,0.4012,0.476223609410244,308.15
-9.76590634246625,-11.879080793744,1.42912867512031,0.4022,0.477261564400154,308.15
-9.76703961603872,-11.8783167393416,1.43042266042614,0.4032,0.478298871513024,308.15
-9.76817403038397,-11.8775487307944,1.4317189489209,0.4042,0.479335531355256,308.15
-9.76930955930837,-11.8767767687991,1.43301754665567,0.4052,0.480371544532501,308.15
-9.77044617670458,-11.8760008541175,1.43431845970249,0.4062,0.481406911649649,308.15
-9.77158385656946,-11.8752209875796,1.4356216941544,0.4072,0.48244163331084,308.15
-9.77272257301269,-11.8744371700681,1.43692725612563,0.4082,0.483475710119459,308.15
-9.77386230027224,-11.8736494025336,1.43823515175166,0.4092,0.484509142678139,308.15
-9.7750030126514,-11.8728576859979,1.43954538718925,0.4102,0.485541931588763,308.15
-9.77614468457804,-11.8720620215337,1.44085796861661,0.4112,0.486574077452465,308.15
-9.77728729058534,-11.8712624102878,1.44217290223346,0.4122,0.48760558086963,308.15
-9.77843080526163,-11.8704588534705,1.44349019426108,0.4132,0.488636442439895,308.15
-9.7795752033654,-11.8696513523731,1.4448098509425,0.4142,0.489666662762152,308.15
-9.78072045970411,-11.8688399083312,1.44613187854253,0.4152,0.490696242434548,308.15
-9.78186654917307,-11.8680245227548,1.44745628334784,0.4162,0.491725182054487,308.15
-9.78301344680871,-11.86720519713,1.44878307166712,0.4172,0.492753482218629,308.15
-9.78416112769116,-11.8663819330065,1.45011224983109,0.4182,0.493781143522894,308.15
-9.78530956704492,-11.8655547320012,1.45144382419272,0.4192,0.494808166562461,308.15
-9.78645874013106,-11.8647235958071,1.45277780112716,0.4202,0.495834551931769,308.15
-9.7876086223349,-11.8638885261912,1.45411418703195,0.4212,0.496860300224521,308.15
-9.78875918913315,-11.8630495249786,1.45545298832715,0.4222,0.497885412033682,308.15
-9.78991041606922,-11.8622065940799,1.45679421145532,0.4232,0.498909887951483,308.15
-9.79106227879088,-11.8613597354712,1.4581378628817,0.4242,0.499933728569417,308.15
-9.79221475304529,-11.8605089512003,1.45948394909434,0.4252,0.500956934478247,308.15
-9.79336781462735,-11.8596542433985,1.46083247660405,0.4262,0.501979506268003,308.15
-9.79452143943956,-11.8587956142665,1.46218345194466,0.4272,0.503001444527982,308.15
-9.79567560346537,-11.8579330660805,1.46353688167306,0.4282,0.504022749846754,308.15
-9.79683028279079,-11.8570666011869,1.46489277236933,0.4292,0.505043422812158,308.15
-9.79798545355055,-11.8561962220198,1.46625113063676,0.4302,0.506063464011305,308.15
-9.79914109197472,-11.855321931088,1.46761196310203,0.4312,0.507082874030582,308.15
-9.80029717435233,-11.854443730965,1.46897527641527,0.4322,0.508101653455648,308.15
-9.80145367708866,-11.8535616243306,1.4703410772502,0.4332,0.509119802871438,308.15
-9.80261057664919,-11.8526756139175,1.47170937230424,0.4342,0.510137322862166,308.15
-9.80376784956315,-11.8517857025544,1.47308016829853,0.4352,0.511154214011321,308.15
-9.8049254724734,-11.8508918931415,1.4744534719782,0.4362,0.512170476901672,308.15
-9.80608342204696,-11.8499941886732,1.47582929011223,0.4372,0.513186112115269,308.15
-9.80724167505179,-11.8490925922119,1.4772076294938,0.4382,0.514201120233443,308.15
-9.80840020833183,-11.848187106915,1.47858849694026,0.4392,0.515215501836806,308.15
-9.80955899880936,-11.8472777360131,1.4799718992933,0.4402,0.516229257505255,308.15
-9.81071802345227,-11.8463644828327,1.48135784341898,0.4412,0.51724238781797,308.15
-9.81187725932985,-11.8454473507791,1.48274633620794,0.4422,0.518254893353419,308.15
-9.81303668355712,-11.8445263433445,1.48413738457542,0.4432,0.519266774689354,308.15
-9.81419627332792,-11.8436014641095,1.4855309954614,0.4442,0.520278032402818,308.15
-9.81535600590908,-11.8426727167441,1.48692717583076,0.4452,0.52128866707014,308.15
-9.8165158586294,-11.8417401049995,1.48832593267333,0.4462,0.52229867926694,308.15
-9.81767580889656,-11.840803632724,1.48972727300401,0.4472,0.523308069568131,308.15
-9.81883583415511,-11.8398633038529,1.49113120386288,0.4482,0.524316838547914,308.15
-9.8199959119326,-11.8389191224187,1.49253773231532,0.4492,0.525324986779788,308.15
-9.8211560198372,-11.8379710925342,1.49394686545218,0.4502,0.526332514836544,308.15
-9.82231613551697,-11.8370192184105,1.49535861038979,0.4512,0.527339423290269,308.15
-9.82347623669062,-11.8360635043514,1.49677297427014,0.4522,0.528345712712346,308.15
-9.82463630113727,-11.8351039547647,1.49818996426095,0.4532,0.529351383673456,308.15
-9.82579630670124,-11.8341405741335,1.49960958755587,0.4542,0.530356436743579,308.15
-9.8269562312948,-11.8331733670498,1.50103185137451,0.4552,0.531360872491995,308.15
-9.82811605286924,-11.8322023382044,1.50245676296258,0.4562,0.532364691487284,308.15
-9.82927574944639,-11.8312274923767,1.50388432959203,0.4572,0.53336789429733,308.15
-9.83043529913015,-11.8302488344541,1.50531455856117,0.4582,0.534370481489316,308.15
-9.83159468004397,-11.8292663694122,1.50674745719474,0.4592,0.535372453629734,308.15
-9.83275387039005,-11.8282801023369,1.50818303284407,0.4602,0.536373811284378,308.15
-9.83391284841674,-11.8272900384117,1.50962129288718,0.4612,0.537374555018349,308.15
-9.83507159243318,-11.826296182922,1.51106224472895,0.4622,0.538374685396054,308.15
-9.83623008082455,-11.8252985412514,1.51250589580119,0.4632,0.539374202981213,308.15
-9.83738829198868,-11.8242971188953,1.51395225356275,0.4642,0.540373108336849,308.15
-9.83854620441867,-11.8232919214464,1.5154013254997,0.4652,0.5413714020253,308.15
-9.83970379663638,-11.8222829546096,1.5168531191254,0.4662,0.542369084608214,308.15
-9.8408610472312,-11.8212702241881,1.51830764198067,0.4672,0.543366156646553,308.15
-9.84201793480622,-11.8202537361075,1.51976490163381,0.4682,0.544362618700588,308.15
-9.84317443809248,-11.8192334963807,1.52122490568096,0.4692,0.545358471329912,308.15
-9.84433053579551,-11.8182095111494,1.5226876617459,0.4702,0.546353715093427,308.15
-9.84548620670968,-11.8171817866547,1.52415317748047,0.4712,0.547348350549356,308.15
-9.84664142968508,-11.8161503292458,1.52562146056453,0.4722,0.548342378255237,308.15
-9.84779618359238,-11.8151151453993,1.52709251870612,0.4732,0.54933579876793,308.15
-9.84895044737315,-11.8140762416927,1.52856635964161,0.4742,0.550328612643613,308.15
-9.85010420002164,-11.8130336248117,1.53004299113588,0.4752,0.551320820437783,308.15
-9.85125742055061,-11.8119873015783,1.53152242098227,0.4762,0.552312422705263,308.15
-9.85241008806554,-11.8109372789098,1.53300465700297,0.4772,0.553303420000197,308.15
-9.85356218167526,-11.809883563852,1.53448970704891,0.4782,0.554293812876053,308.15
-9.85471368053935,-11.8088261635713,1.53597757900001,0.4792,0.555283601885623,308.15
-9.85586456389711,-11.8077650853422,1.53746828076536,0.4802,0.556272787581028,308.15
-9.8570148110289,-11.8067003365613,1.5389618202833,0.4812,0.557261370513713,308.15
-9.85816440119161,-11.8056319247634,1.54045820552139,0.4822,0.558249351234454,308.15
-9.85931331378478,-11.8045598575801,1.54195744447692,0.4832,0.559236730293353,308.15
-9.86046152816774,-11.8034841427906,1.54345954517665,0.4842,0.560223508239846,308.15
-9.86160902381949,-11.8024047882737,1.54496451567729,0.4852,0.561209685622697,308.15
-9.86275578019104,-11.8013218020598,1.5464723640653,0.4862,0.562195262990004,308.15
-9.86390177681519,-11.8002351922924,1.54798309845731,0.4872,0.563180240889197,308.15
-9.86504699325498,-11.7991449672411,1.54949672700013,0.4882,0.564164619867041,308.15
-9.86619140912401,-11.7980511353055,1.55101325787092,0.4892,0.565148400469637,308.15
-9.86733500406814,-11.7969537050244,1.55253269927728,0.4902,0.56613158324242,308.15
-9.86847775777284,-11.7958526850513,1.55405505945747,0.4912,0.567114168730166,308.15
-9.8696196499747,-11.7947480841851,1.55558034668051,0.4922,0.568096157476985,308.15
-9.87076066044312,-11.7936399113561,1.55710856924633,0.4932,0.569077550026329,308.15
-9.87190076895409,-11.7925281756295,1.55863973548582,0.4942,0.570058346920991,308.15
-9.87303995539988,-11.7914128861977,1.56017385376125,0.4952,0.571038548703102,308.15
-9.874178199636,-11.7902940524006,1.56171093246605,0.4962,0.572018155914138,308.15
-9.87531548158639,-11.7891716837135,1.56325098002523,0.4972,0.572997169094918,308.15
-9.87645178122409,-11.7880457897493,1.56479400489543,0.4982,0.573975588785606,308.15
-9.87758707853533,-11.7869163802594,1.56634001556503,0.4992,0.574953415525708,308.15
-9.87872135355046,-11.7857834651443,1.56788902055436,0.5002,0.575930649854079,308.15
-9.8798545863527,-11.7846470544355,1.56944102841585,0.5012,0.576907292308922,308.15
-9.88098675704546,-11.783507158318,1.57099604773416,0.5022,0.577883343427785,308.15
-9.88211784574946,-11.7823637871313,1.57255408712623,0.5032,0.57885880374757,308.15
-9.8832478326661,-11.7812169513342,1.57411515524169,0.5042,0.579833673804524,308.15
-9.88437669800047,-11.7800666615606,1.57567926076275,0.5052,0.580807954134249,308.15
-9.88550442199157,-11.7789129285781,1.57724641240448,0.5062,0.581781645271698,308.15
-9.88663098491529,-11.7777557633129,1.57881661891492,0.5072,0.582754747751176,308.15
-9.88775636710825,-11.7765951768363,1.58038988907535,0.5082,0.583727262106344,308.15
-9.88888054890926,-11.7754311803744,1.58196623170027,0.5092,0.584699188870217,308.15
-9.89000351067643,-11.774263785318,1.5835456556376,0.5102,0.585670528575167,308.15
-9.89112523284799,-11.7730930032014,1.58512816976898,0.5112,0.586641281752922,308.15
-9.89224569585285,-11.7719188457209,1.58671378300977,0.5122,0.58761144893457,308.15
-9.89336488018688,-11.7707413247281,1.58830250430931,0.5132,0.588581030650554,308.15
-9.89448276635812,-11.7695604522348,1.58989434265103,0.5142,0.589550027430682,308.15
-9.89559933488608,-11.768376240426,1.59148930705251,0.5152,0.590518439804119,308.15
-9.8967145663771,-11.7671887016254,1.59308740656596,0.5162,0.591486268299393,308.15
-9.89782844140338,-11.7659978483486,1.59468865027796,0.5172,0.592453513444397,308.15
-9.89894094061179,-11.76480369326,1.59629304730997,0.5182,0.593420175766386,308.15
-9.90005204466808,-11.763606249188,1.59790060681835,0.5192,0.594386255791978,308.15
-9.90116173426432,-11.7624055291432,1.59951133799449,0.5202,0.595351754047161,308.15
-9.90226999013777,-11.7612015462856,1.60112525006512,0.5212,0.596316671057285,308.15
-9.90337679302086,-11.7599943139766,1.60274235229226,0.5222,0.597281007347072,308.15
-9.90448212371523,-11.758783845718,1.60436265397363,0.5232,0.598244763440609,308.15
-9.90558596302691,-11.7575701552081,1.60598616444263,0.5242,0.599207939861355,308.15
-9.9066882918083,-11.7563532563058,1.60761289306867,0.5252,0.600170537132139,308.15
-9.90778909089683,-11.7551331630701,1.60924284925708,0.5262,0.60113255577516,308.15
-9.90888834124101,-11.7539098896982,1.61087604244976,0.5272,0.602093996311991,308.15
-9.90998602370954,-11.7526834506229,1.61251248212468,0.5282,0.603054859263579,308.15
-9.91108211931851,-11.7514538604009,1.61415217779683,0.5292,0.604015145150242,308.15
-9.9121766089835,-11.7502211338072,1.6157951390176,0.5302,0.604974854491676,308.15
-9.91326947378011,-11.7489852858243,1.61744137537568,0.5312,0.605933987806953,308.15
-9.91436069469909,-11.7477463315554,1.61909089649671,0.5322,0.606892545614521,308.15
-9.91545025282479,-11.7465042863361,1.62074371204377,0.5332,0.607850528432207,308.15
-9.91653812923997,-11.7452591656914,1.62239983171737,0.5342,0.608807936777216,308.15
-9.9176243050639,-11.7440109853229,1.62405926525575,0.5352,0.609764771166133,308.15
-9.91870876144481,-11.7427597611306,1.62572202243504,0.5362,0.610721032114925,308.15
-9.91979147954993,-11.7415055092193,1.62738811306937,0.5372,0.61167672013894,308.15
-9.92087244056779,-11.7402482458786,1.62905754701114,0.5382,0.612631835752908,308.15
-9.92195162572693,-11.7389879875989,1.63073033415118,0.5392,0.613586379470943,308.15
-9.92302901626874,-11.7377247510884,1.63240648441889,0.5402,0.614540351806544,308.15
-9.92410459345816,-11.7364585531869,1.63408600778256,0.5412,0.615493753272595,308.15
-9.92517833864405,-11.7351894110307,1.63576891424947,0.5422,0.616446584381367,308.15
-9.9262502330865,-11.7339173419212,1.63745521386586,0.5432,0.617398845644517,308.15
-9.92732025815339,-11.7326423633554,1.63914491671754,0.5442,0.618350537573092,308.15
-9.92838839525286,-11.7313644930546,1.64083803292991,0.5452,0.619301660677525,308.15
-9.92945462572624,-11.7300837489203,1.64253457266795,0.5462,0.620252215467644,308.15
-9.93051893104649,-11.7288001491165,1.64423454613674,0.5472,0.621202202452661,308.15
-9.93158129264075,-11.7275137119831,1.64593796358141,0.5482,0.622151622141188,308.15
-9.93264169197925,-11.7262244560914,1.64764483528743,0.5492,0.623100475041222,308.15
-9.9337001105318,-11.7249324002306,1.64935517158074,0.5502,0.624048761660159,308.15
-9.93475652988873,-11.7236375633833,1.65106898282833,0.5512,0.624996482504788,308.15
-9.93581093151578,-11.7223399648006,1.65278627943763,0.5522,0.625943638081291,308.15
-9.93686329704963,-11.72103962391,1.65450707185767,0.5532,0.626890228895251,308.15
-9.93791360802591,-11.7197365603981,1.65623137057843,0.5542,0.627836255451645,308.15
-9.93896184608822,-11.7184307941605,1.65795918613168,0.5552,0.628781718254848,308.15
-9.94000799286624,-11.717122345328,1.65969052909081,0.5562,0.629726617808636,308.15
-9.94105203003962,-11.7158112342558,1.66142541007128,0.5572,0.630670954616183,308.15
-9.94209393929405,-11.7144974815327,1.66316383973059,0.5582,0.631614729180066,308.15
-9.94313370232073,-11.7131811079969,1.66490582876859,0.5592,0.632557942002261,308.15
-9.94417130087294,-11.7118621347023,1.66665138792779,0.5602,0.633500593584149,308.15
-9.9452067166985,-11.710540582956,1.66840052799343,0.5612,0.634442684426513,308.15
-9.94623993154924,-11.7092164743218,1.67015325979363,0.5622,0.635384215029542,308.15
-9.94727092726665,-11.7078898305573,1.67190959419997,0.5632,0.636325185892828,308.15
-9.94829968568727,-11.7065606736981,1.67366954212736,0.5642,0.637265597515372,308.15
-9.94932618862559,-11.7052290260378,1.67543311453417,0.5652,0.638205450395578,308.15
-9.95035041795668,-11.7038949101021,1.67720032242275,0.5662,0.639144745031263,308.15
-9.95137235560971,-11.7025583486577,1.67897117683964,0.5672,0.640083481919648,308.15
-9.95239198345461,-11.7012193647581,1.68074568887539,0.5682,0.641021661557367,308.15
-9.95340928348417,-11.6998779816694,1.68252386966539,0.5692,0.641959284440463,308.15
-9.95442423761332,-11.6985342229629,1.68430573038941,0.5702,0.642896351064392,308.15
-9.95543682786924,-11.6971881124238,1.68609128227251,0.5712,0.64383286192402,308.15
-9.95644703623084,-11.695839674138,1.68788053658464,0.5722,0.644768817513627,308.15
-9.95745484476689,-11.6944889324233,1.68967350464143,0.5732,0.645704218326908,308.15
-9.95846023548332,-11.6931359119006,1.69147019780382,0.5742,0.646639064856973,308.15
-9.95946319051582,-11.6917806374188,1.69327062747897,0.5752,0.647573357596345,308.15
-9.96046369194769,-11.6904231341214,1.69507480511991,0.5762,0.648507097036968,308.15
-9.96146172188795,-11.6890634274335,1.69688274222595,0.5772,0.649440283670199,308.15
-9.96245726246814,-11.6877015430546,1.69869445034298,0.5782,0.650372917986817,308.15
-9.96345029591415,-11.6863375069245,1.70050994106394,0.5792,0.651305000477019,308.15
-9.96444080439501,-11.6849713453083,1.70232922602848,0.5802,0.652236531630421,308.15
-9.96542877011654,-11.6836030847405,1.70415231692358,0.5812,0.65316751193606,308.15
-9.96641417532166,-11.6822327520424,1.70597922548375,0.5822,0.654097941882398,308.15
-9.9673970022969,-11.6808603743097,1.70780996349133,0.5832,0.655027821957316,308.15
-9.9683772333136,-11.6794859789443,1.70964454277649,0.5842,0.655957152648119,308.15
-9.96935485066656,-11.678109593645,1.71148297521762,0.5852,0.656885934441539,308.15
-9.97032983670146,-11.6767312463855,1.71332527274169,0.5862,0.65781416782373,308.15
-9.97130217381968,-11.6753509654529,1.71517144732445,0.5872,0.658741853280273,308.15
-9.97227184432382,-11.6739687794148,1.71702151099028,0.5882,0.659668991296177,308.15
-9.9732388306843,-11.6725847171766,1.71887547581312,0.5892,0.660595582355879,308.15
-9.97420311529817,-11.6711988079289,1.72073335391614,0.5902,0.661521626943242,308.15
-9.97516468061261,-11.6698110811752,1.72259515747226,0.5912,0.662447125541561,308.15
-9.97612350914687,-11.6684215667067,1.72446089870455,0.5922,0.66337207863356,308.15
-9.97707958336168,-11.6670302946857,1.72633058988596,0.5932,0.664296486701394,308.15
-9.97803288578766,-11.6656372954904,1.72820424334022,0.5942,0.665220350226652,308.15
-9.97898339901112,-11.6642425999226,1.73008187144168,0.5952,0.666143669690352,308.15
-9.97993110555248,-11.6628462390749,1.73196348661547,0.5962,0.66706644557295,308.15
-9.98087598803808,-11.6614482443333,1.73384910133828,0.5972,0.667988678354333,308.15
-9.981818029095,-11.660048647427,1.73573872813819,0.5982,0.668910368513825,308.15
-9.9827572113682,-11.6586474804273,1.73763237959502,0.5992,0.669831516530185,308.15
-9.98369351751492,-11.6572447757336,1.73953006834059,0.6002,0.670752122881611,308.15
-9.98462693028845,-11.6558405660508,1.74143180705931,0.6012,0.671672188045736,308.15
-9.98555743235441,-11.6544348844759,1.74333760848771,0.6022,0.672591712499634,308.15
-9.98648500647329,-11.6530277644148,1.74524748541543,0.6032,0.673510696719817,308.15
-9.98740963544915,-11.65161923961,1.74716145068532,0.6042,0.674429141182238,308.15
-9.98833130207225,-11.650209344164,1.74907951719346,0.6052,0.675347046362291,308.15
-9.98924998915062,-11.6487981125428,1.75100169788953,0.6062,0.67626441273481,308.15
-9.99016567956825,-11.6473855795332,1.75292800577739,0.6072,0.677181240774075,308.15
-9.99107835619417,-11.6459717803042,1.75485845391493,0.6082,0.678097530953808,308.15
-9.99198800194619,-11.644556750372,1.75679305541465,0.6092,0.679013283747174,308.15
-9.99289459973214,-11.643140525629,1.75873182344366,0.6102,0.679928499626785,308.15
-9.99379813254315,-11.6417231423096,1.76067477122438,0.6112,0.680843179064699,308.15
-9.99469858335613,-11.6403046370356,1.76262191203442,0.6122,0.681757322532419,308.15
-9.99559593519565,-11.6388850467878,1.7645732592071,0.6132,0.682670930500897,308.15
-9.9964901711052,-11.637464408932,1.76652882613163,0.6142,0.683584003440534,308.15
-9.99738127416725,-11.6360427612043,1.76848862625349,0.6152,0.684496541821179,308.15
-9.99826922747175,-11.634620141727,1.7704526730746,0.6162,0.685408546112131,308.15
-9.99915401415419,-11.6331965890062,1.77242098015372,0.6172,0.68632001678214,308.15
-10.0000356173594,-11.6317721419406,1.77439356110667,0.6182,0.687230954299408,308.15
-10.0009140203056,-11.6303468398017,1.77637042960683,0.6192,0.688141359131589,308.15
-10.0017892062095,-11.6289207222663,1.77835159938517,0.6202,0.689051231745791,308.15
-10.0026611583203,-11.6274938294081,1.78033708423066,0.6212,0.689960572608575,308.15
-10.0035298598728,-11.6260662017235,1.7823268979904,0.6222,0.690869382185958,308.15
-10.0043952942435,-11.6246378800618,1.78432105457056,0.6232,0.691777660943411,308.15
-10.0052574447401,-11.6232089057318,1.78631956793581,0.6242,0.692685409345863,308.15
-10.0061162947381,-11.6217793204235,1.78832245211023,0.6252,0.693592627857699,308.15
-10.0069718276396,-11.6203491662566,1.79032972117737,0.6262,0.694499316942762,308.15
-10.0078240268858,-11.6189184857606,1.79234138928071,0.6272,0.695405477064356,308.15
-10.0086728759108,-11.6174873219054,1.79435747062369,0.6282,0.696311108685241,308.15
-10.0095183582808,-11.6160557180381,1.79637797947072,0.6292,0.697216212267641,308.15
-10.0103604574967,-11.614623717987,1.79840293014654,0.6302,0.698120788273238,308.15
-10.0111991571005,-11.6131913659984,1.80043233703706,0.6312,0.699024837163178,308.15
-10.0120344407431,-11.6117587067308,1.80246621458999,0.6322,0.699928359398069,308.15
-10.0128662919894,-11.6103257853361,1.80450457731425,0.6332,0.700831355437982,308.15
-10.0136946945983,-11.6088926473327,1.8065474397816,0.6342,0.701733825742453,308.15
-10.0145196321812,-11.6074593387759,1.80859481662541,0.6352,0.702635770770483,308.15
-10.0153410885485,-11.6060259060883,1.81064672254253,0.6362,0.703537190980539,308.15
-10.0161590474528,-11.6045923962039,1.81270317229249,0.6372,0.704438086830555,308.15
-10.0169734926836,-11.6031588565053,1.81476418069827,0.6382,0.70533845877793,308.15
-10.0177844081139,-11.6017253348231,1.81682976264681,0.6392,0.706238307279534,308.15
-10.0185917776022,-11.600291879472,1.81889993308893,0.6402,0.707137632791704,308.15
-10.0193955850933,-11.5988585392219,1.82097470704012,0.6412,0.708036435770248,308.15
-10.020195814547,-11.5974253633186,1.82305409958057,0.6422,0.708934716670445,308.15
-10.0209924499592,-11.595992401506,1.82513812585557,0.6432,0.709832475947043,308.15
-10.021785475367,-11.5945597039928,1.82722680107593,0.6442,0.710729714054263,308.15
-10.0225748748276,-11.5931273214887,1.82932014051822,0.6452,0.711626431445801,308.15
-10.0233606324612,-11.5916953051946,1.83141815952526,0.6462,0.712522628574822,308.15
-10.0241427324568,-11.5902637067738,1.83352087350661,0.6472,0.71341830589397,308.15
-10.0249211589846,-11.5888325784348,1.8356282979384,0.6482,0.714313463855361,308.15
-10.025695896286,-11.587401972873,1.83774044836419,0.6492,0.715208102910589,308.15
-10.0264669286462,-11.5859719432873,1.83985734039516,0.6502,0.716102223510721,308.15
-10.0272342403789,-11.5845425433931,1.84197898971042,0.6512,0.716995826106306,308.15
-10.0279978158688,-11.5831138274166,1.84410541205755,0.6522,0.717888911147368,308.15
-10.0287576395387,-11.5816858501461,1.84623662325276,0.6532,0.718781479083411,308.15
-10.0295136957633,-11.5802586667922,1.84837263918123,0.6542,0.719673530363418,308.15
-10.0302659691283,-11.578832333227,1.85051347579791,0.6552,0.720565065435854,308.15
-10.0310144441275,-11.577406905784,1.85265914912728,0.6562,0.721456084748661,308.15
-10.0317591053979,-11.5759824413323,1.8548096752644,0.6572,0.722346588749269,308.15
-10.0324999375026,-11.5745589973346,1.85696507037434,0.6582,0.723236577884585,308.15
-10.0332369252166,-11.573136631727,1.859125350694,0.6592,0.724126052601003,308.15
-10.0339700531785,-11.5717154030807,1.86129053253071,0.6602,0.725015013344399,308.15
-10.0346993062341,-11.5702953704634,1.86346063226433,0.6612,0.725903460560135,308.15
-10.0354246691991,-11.5688765935303,1.8656356663465,0.6622,0.726791394693058,308.15
-10.03614612693,-11.567459132516,1.86781565130135,0.6632,0.727678816187502,308.15
-10.0368636643756,-11.5660430482064,1.87000060372613,0.6642,0.728565725487288,308.15
-10.0375772664744,-11.5646284019951,1.87219054029115,0.6652,0.729452123035724,308.15
-10.0382869183312,-11.5632152557934,1.87438547774101,0.6662,0.730338009275607,308.15
-10.0389926049643,-11.5618036721869,1.87658543289372,0.6672,0.731223384649225,308.15
-10.0396943115334,-11.560393714293,1.87879042264232,0.6682,0.732108249598351,308.15
-10.0403920232399,-11.558985445839,1.88100046395472,0.6692,0.732992604564256,308.15
-10.0410857253098,-11.5575789311753,1.88321557387402,0.6702,0.733876449987696,308.15
-10.0417754030658,-11.5561742352277,1.88543576951934,0.6712,0.734759786308924,308.15
-10.0424610418313,-11.5547714235775,1.88766106808566,0.6722,0.735642613967682,308.15
-10.0431426270435,-11.5533705623777,1.8898914868449,0.6732,0.736524933403209,308.15
-10.0438201441713,-11.5519717184355,1.89212704314584,0.6742,0.737406745054236,308.15
-10.0444935787451,-11.5505749591771,1.89436775441476,0.6752,0.738288049358991,308.15
-10.0451629163511,-11.5491803526601,1.8966136381558,0.6762,0.739168846755197,308.15
-10.0458281425893,-11.5477879675777,1.89886471195123,0.6772,0.740049137680074,308.15
-10.0464892432773,-11.5463978733388,1.90112099346253,0.6782,0.740928922570338,308.15
-10.0471462041129,-11.5450101398546,1.90338250042998,0.6792,0.741808201862205,308.15
-10.0477990109285,-11.5436248378184,1.90564925067346,0.6802,0.742686975991389,308.15
-10.0484476496282,-11.5422420385533,1.90792126209304,0.6812,0.743565245393102,308.15
-10.0490921061959,-11.540861814013,1.9101985526694,0.6822,0.744443010502059,308.15
-10.0497323666306,-11.5394842368815,1.91248114046387,0.6832,0.745320271752474,308.15
-10.0503684170271,-11.5381093804862,1.91476904361934,0.6842,0.746197029578062,308.15
-10.0510002435591,-11.5367373188414,1.91706228036063,0.6852,0.747073284412044,308.15
-10.0516278324408,-11.5353681266588,1.91936086899471,0.6862,0.747949036687139,308.15
-10.0522511699655,-11.5340018793563,1.92166482791135,0.6872,0.748824286835574,308.15
-10.0528702425336,-11.5326386530195,1.92397417558376,0.6882,0.749699035289078,308.15
-10.0534850365337,-11.53127852449,1.9262889305684,0.6892,0.750573282478886,308.15
-10.05409553849,-11.5299215712902,1.92860911150621,0.6902,0.75144702883574,308.15
-10.054701734999,-11.528567871666,1.93093473712279,0.6912,0.752320274789886,308.15
-10.0553036127161,-11.527217504594,1.93326582622872,0.6922,0.75319302077108,308.15
-10.0559011583364,-11.5258705498103,1.93560239771998,0.6932,0.754065267208585,308.15
-10.0564943586958,-11.5245270877471,1.93794447057896,0.6942,0.754937014531172,308.15
-10.0570832006638,-11.5231871996033,1.94029206387437,0.6952,0.755808263167122,308.15
-10.0576676711914,-11.5218509673377,1.94264519676193,0.6962,0.756679013544227,308.15
-10.0582477573438,-11.5205184736397,1.94500388848511,0.6972,0.757549266089789,308.15
-10.0588234462059,-11.5191898020087,1.94736815837501,0.6982,0.758419021230621,308.15
-10.0593947250086,-11.5178650366543,1.94973802585165,0.6992,0.75928827939305,308.15
-10.0599615810028,-11.5165442626296,1.95211351042364,0.7002,0.760157041002913,308.15
-10.0605240015936,-11.515227565708,1.95449463168954,0.7012,0.761025306485564,308.15
-10.0610819741941,-11.5139150325093,1.95688140933746,0.7022,0.761893076265869,308.15
-10.0616354863583,-11.5126067504242,1.95927386314635,0.7032,0.76276035076821,308.15
-10.0621845256946,-11.5113028076586,1.96167201298601,0.7042,0.763627130416485,308.15
-10.0627290799117,-11.5100032932138,1.96407587881788,0.7052,0.764493415634107,308.15
-10.0632691368324,-11.5087082969228,1.96648548069553,0.7062,0.765359206844007,308.15
-10.0638046843234,-11.5074179094414,1.96890083876496,0.7072,0.766224504468634,308.15
-10.0643357103719,-11.5061322222664,1.97132197326535,0.7082,0.767089308929956,308.15
-10.0648622030462,-11.5048513277226,1.97374890452951,0.7092,0.767953620649458,308.15
-10.0653841505222,-11.50357531898,1.97618165298451,0.7102,0.768817440048147,308.15
-10.065901541071,-11.502304290073,1.97862023915209,0.7112,0.769680767546549,308.15
-10.0664143630543,-11.5010383358834,1.98106468364925,0.7122,0.770543603564713,308.15
-10.0669226049075,-11.4997775521927,1.9835150071886,0.7132,0.771405948522208,308.15
-10.0674262552081,-11.4985220356229,1.98597123057939,0.7142,0.772267802838126,308.15
-10.0679253026217,-11.4972718836873,1.98843337472767,0.7152,0.773129166931084,308.15
-10.0684197358795,-11.4960271948274,1.99090146063669,0.7162,0.77399004121922,308.15
-10.068909543887,-11.494788068317,1.99337550940819,0.7172,0.774850426120199,308.15
-10.0693947155765,-11.4935546044029,1.99585554224196,0.7182,0.77571032205121,308.15
-10.06987524005,-11.4923269042054,1.99834158043734,0.7192,0.776569729428968,308.15
-10.0703511064898,-11.491105069773,2.00083364539318,0.7202,0.777428648669716,308.15
-10.0708223041828,-11.4898892041001,2.00333175860861,0.7212,0.778287080189222,308.15
-10.0712888225156,-11.4886794111172,2.00583594168351,0.7222,0.779145024402783,308.15
-10.0717506510364,-11.487475795674,2.00834621631954,0.7232,0.780002481725227,308.15
-10.0722077793721,-11.4862784635999,2.01086260432012,0.7242,0.780859452570907,308.15
-10.0726601972522,-11.485087521689,2.01338512759124,0.7252,0.781715937353709,308.15
-10.0731078945433,-11.4839030776885,2.0159138081422,0.7262,0.782571936487048,308.15
-10.073550861238,-11.4827252403353,2.01844866808613,0.7272,0.783427450383871,308.15
-10.0739890874354,-11.4815541193486,2.02098972964051,0.7282,0.784282479456658,308.15
-10.0744225633593,-11.4803898254414,2.02353701512783,0.7292,0.78513702411742,308.15
-10.0748512793643,-11.4792324703451,2.0260905469762,0.7302,0.785991084777702,308.15
-10.0752752258963,-11.4780821668017,2.02865034771981,0.7312,0.786844661848583,308.15
-10.0756943935884,-11.4769390285431,2.03121644000002,0.7322,0.787697755740675,308.15
-10.0761087731302,-11.4758031703834,2.03378884656523,0.7332,0.788550366864129,308.15
-10.0765183554252,-11.4746747081148,2.03636759027246,0.7342,0.789402495628628,308.15
-10.0769231314188,-11.47355375864,2.03895269408686,0.7352,0.790254142443393,308.15
-10.0773230922577,-11.4724404398729,2.04154418108337,0.7362,0.791105307717184,308.15
-10.0777182292188,-11.4713348707987,2.04414207444689,0.7372,0.791955991858296,308.15
-10.0781085336619,-11.4702371715094,2.0467463974726,0.7382,0.792806195274564,308.15
-10.0784939971357,-11.4691474631473,2.04935717356729,0.7392,0.793655918373363,308.15
-10.078874611333,-11.46806586795,2.05197442624971,0.7402,0.794505161561606,308.15
-10.0792503680316,-11.4669925092992,2.05459817915075,0.7412,0.795353925245747,308.15
-10.0796212592524,-11.4659275116072,2.05722845601531,0.7422,0.796202209831782,308.15
-10.0799872770467,-11.4648710005083,2.05986528070132,0.7432,0.797050015725249,308.15
-10.0803484137214,-11.4638231026754,2.06250867718208,0.7442,0.797897343331228,308.15
-10.0807046616691,-11.4627839459789,2.06515866954566,0.7452,0.79874419305434,308.15
-10.0810560134697,-11.4617536594152,2.0678152819963,0.7462,0.799590565298752,308.15
-10.0814024617806,-11.4607323731857,2.07047853885434,0.7472,0.800436460468177,308.15
-10.0817439995492,-11.4597202185711,2.07314846455836,0.7482,0.801281878965868,308.15
-10.0820806197594,-11.4587173281223,2.07582508366404,0.7492,0.802126821194629,308.15
-10.0824123156247,-11.4577238355399,2.07850842084622,0.7502,0.802971287556806,308.15
-10.0827390805214,-11.456739875707,2.08119850089918,0.7512,0.803815278454295,308.15
-10.0830609079339,-11.4557655847618,2.08389534873688,0.7522,0.804658794288538,308.15
-10.0833777915591,-11.4548011000437,2.08659898939436,0.7532,0.805501835460526,308.15
-10.0836897252685,-11.4538465601027,2.08930944802828,0.7542,0.806344402370798,308.15
-10.0839967030719,-11.452902104771,2.09202674991724,0.7552,0.807186495419442,308.15
-10.0842987191974,-11.4519678750923,2.09475092046317,0.7562,0.808028115006099,308.15
-10.0845957680011,-11.451044013401,2.09748198519135,0.7572,0.808869261529957,308.15
-10.084887844061,-11.4501306632801,2.1002199697518,0.7582,0.809709935389757,308.15
-10.0851749420985,-11.449227969634,2.1029648999194,0.7592,0.810550136983793,308.15
-10.0854570570629,-11.4483360786173,2.10571680159534,0.7602,0.811389866709911,308.15
-10.0857341840445,-11.4474551377293,2.10847570080709,0.7612,0.812229124965509,308.15
-10.0860063183279,-11.4465852957732,2.11124162370964,0.7622,0.81306791214754,308.15
-10.0862734554131,-11.4457267028758,2.11401459658632,0.7632,0.813906228652511,308.15
-10.0865355909774,-11.4448795105121,2.11679464584928,0.7642,0.814744074876486,308.15
-10.0867927208859,-11.4440438714978,2.11958179804039,0.7652,0.815581451215082,308.15
-10.0870448412314,-11.4432199400155,2.12237607983217,0.7662,0.816418358063474,308.15
-10.08729194826,-11.4424078716391,2.1251775180281,0.7672,0.817254795816393,308.15
-10.0875340384811,-11.4416078232919,2.12798613956418,0.7682,0.818090764868129,308.15
-10.0877711085421,-11.440819953339,2.13080197150875,0.7692,0.818926265612529,308.15
-10.0880031553639,-11.440044421513,2.13362504106429,0.7702,0.819761298443,308.15
-10.0882301760171,-11.4392813890097,2.13645537556727,0.7712,0.820595863752507,308.15
-10.0884521678251,-11.4385310184319,2.13929300248975,0.7722,0.821429961933576,308.15
-10.0886691283456,-11.4377934738096,2.14213794943998,0.7732,0.822263593378295,308.15
-10.0888810552981,-11.4370689206834,2.14499024416267,0.7742,0.82309675847831,308.15
-10.0890879466599,-11.4363575260286,2.14784991454053,0.7752,0.823929457624832,308.15
-10.089289800638,-11.4356594583014,2.1507169885949,0.7762,0.824761691208633,308.15
-10.0894866156515,-11.4349748874704,2.15359149448632,0.7772,0.825593459620048,308.15
-10.0896783903429,-11.4343039850132,2.15647346051557,0.7782,0.826424763248978,308.15
-10.089865123623,-11.433646923911,2.15936291512473,0.7792,0.827255602484885,308.15
-10.0900468145995,-11.4330038786819,2.16225988689758,0.7802,0.828085977716799,308.15
-10.0902234626504,-11.4323750254021,2.16516440456086,0.7812,0.828915889333314,308.15
-10.0903950673919,-11.43176054169,2.16807649698497,0.7822,0.829745337722591,308.15
-10.0905616286378,-11.4311606067772,2.17099619318446,0.7832,0.830574323272355,308.15
-10.090723146544,-11.4305754014094,2.17392352232005,0.7842,0.831402846369904,308.15
-10.0908796214151,-11.4300051080201,2.17685851369786,0.7852,0.832230907402098,308.15
-10.0910310538923,-11.4294499105874,2.17980119677192,0.7862,0.83305850675537,308.15
-10.0911774448415,-11.4289099947229,2.18275160114407,0.7872,0.83388564481572,308.15
-10.091318795379,-11.4283855477181,2.18570975656497,0.7882,0.834712321968719,308.15
-10.0914551069023,-11.4278767584926,2.18867569293535,0.7892,0.835538538599507,308.15
-10.0915863810743,-11.4273838176325,2.19164944030671,0.7902,0.836364295092796,308.15
-10.091712619823,-11.4269069174148,2.19463102888221,0.7912,0.837189591832869,308.15
-10.0918338253649,-11.426446251795,2.1976204890178,0.7922,0.838014429203583,308.15
-10.0919500001783,-11.4260020164664,2.20061785122282,0.7932,0.838838807588365,308.15
-10.0920611470395,-11.4255744088278,2.20362314616128,0.7942,0.839662727370218,308.15
-10.0921672690203,-11.4251636280033,2.20663640465279,0.7952,0.840486188931717,308.15
-10.092268369427,-11.4247698749183,2.20965765767285,0.7962,0.841309192655013,308.15
-10.0923644519465,-11.4243933521929,2.21268693635514,0.7972,0.842131738921831,308.15
-10.0924555204509,-11.4240342643328,2.21572427199067,0.7982,0.842953828113473,308.15
-10.0925415792266,-11.4236928175286,2.21876969603082,0.7992,0.843775460610816,308.15
-10.0926226327585,-11.4233692198925,2.22182324008628,0.8002,0.844596636794316,308.15
-10.0926986859381,-11.4230636812636,2.22488493592994,0.8012,0.845417357044003,308.15
-10.0927697439203,-11.4227764133722,2.22795481549652,0.8022,0.846237621739489,308.15
-10.0928358121006,-11.4225076298683,2.23103291088335,0.8032,0.847057431259962,308.15
-10.0928968963722,-11.4222575461349,2.23411925435357,0.8042,0.847876785984191,308.15
-10.0929530027986,-11.4220263795607,2.23721387833434,0.8052,0.848695686290524,308.15
-10.0930041377994,-11.4218143494246,2.2403168154193,0.8062,0.849514132556889,308.15
-10.0930503081716,-11.421621676882,2.24342809836988,0.8072,0.850332125160796,308.15
-10.0930915210146,-11.4214485850599,2.24654776011557,0.8082,0.851149664479337,308.15
-10.0931277837677,-11.4212952990267,2.24967583375528,0.8092,0.851966750889184,308.15
-10.0931591042132,-11.4211620458361,2.25281235255835,0.8102,0.852783384766594,308.15
-10.093185490511,-11.4210490544866,2.25595734996592,0.8112,0.853599566487406,308.15
-10.0932069511281,-11.4209565560347,2.25911085959126,0.8122,0.854415296427045,308.15
-10.0932234949476,-11.4208847834886,2.26227291522186,0.8132,0.855230574960516,308.15
-10.0932351311044,-11.4208339719935,2.26544355081889,0.8142,0.856045402462415,308.15
-10.0932418692216,-11.4208043586363,2.2686228005205,0.8152,0.856859779306919,308.15
-10.0932437191992,-11.4207961826644,2.2718106986408,0.8162,0.857673705867794,308.15
-10.0932406913858,-11.4208096853342,2.27500727967264,0.8172,0.85848718251839,308.15
-10.0932327964417,-11.4208451100592,2.27821257828733,0.8182,0.859300209631648,308.15
-10.093220045465,-11.4209027023596,2.28142662933681,0.8192,0.860112787580093,308.15
-10.0932024499389,-11.4209827098448,2.28464946785449,0.8202,0.860924916735843,308.15
-10.0931800216723,-11.4210853823787,2.28788112905545,0.8212,0.8617365974706,308.15
-10.0931527729068,-11.4212109719523,2.29112164833874,0.8222,0.862547830155659,308.15
-10.0931207163464,-11.4213597326957,2.29437106128874,0.8232,0.863358615161905,308.15
-10.093083865,-11.4215319210339,2.29762940367472,0.8242,0.864168952859813,308.15
-10.0930422323971,-11.4217277955349,2.30089671145403,0.8252,0.864978843619449,308.15
-10.0929958323763,-11.4219476170868,2.30417302077122,0.8262,0.865788287810472,308.15
-10.0929446792802,-11.4221916488051,2.30745836796094,0.8272,0.866597285802132,308.15
-10.0928887878075,-11.4224601560984,2.31075278954783,0.8282,0.867405837963274,308.15
-10.0928281731706,-11.4227534066448,2.31405632224899,0.8292,0.868213944662334,308.15
-10.0927628509379,-11.4230716704929,2.31736900297373,0.8302,0.869021606267345,308.15
-10.0926928372063,-11.4234152199558,2.32069086882637,0.8312,0.869828823145933,308.15
-10.0926181484464,-11.4237843297839,2.3240219571058,0.8322,0.870635595665318,308.15
-10.0925388015657,-11.4241792770914,2.32736230530744,0.8332,0.871441924192319,308.15
-10.0924548140227,-11.4246003413188,2.33071195112541,0.8342,0.87224780909335,308.15
-10.0923662037143,-11.4250478043513,2.33407093245265,0.8352,0.87305325073442,308.15
-10.0922729889035,-11.4255219505763,2.33743928738138,0.8362,0.873858249481138,308.15
-10.092175188457,-11.4260230667401,2.34081705420667,0.8372,0.87466280569871,308.15
-10.0920728216989,-11.4265514420836,2.34420427142618,0.8382,0.875466919751941,308.15
-10.0919659083225,-11.4271073684127,2.34760097774056,0.8392,0.876270592005235,308.15
-10.0918544686853,-11.427691139949,2.35100721205743,0.8402,0.877073822822595,308.15
-10.0917385235413,-11.4283030534587,2.35442301349029,0.8412,0.877876612567625,308.15
-10.0916180941392,-11.428943408348,2.35784842136025,0.8422,0.87867896160353,308.15
-10.0914932022768,-11.4296125064475,2.3612834751985,0.8432,0.879480870293115,308.15
-10.0913638702844,-11.4303106524097,2.36472821474611,0.8442,0.880282338998789,308.15
-10.0912301209597,-11.4310381532123,2.36818267995672,0.8452,0.881083368082561,308.15
-10.0910919777004,-11.4317953186338,2.37164691099711,0.8462,0.881883957906044,308.15
-10.0909494643417,-11.432582461121,2.37512094824792,0.8472,0.882684108830456,308.15
-10.0908026052964,-11.4333998957617,2.37860483230607,0.8482,0.883483821216617,308.15
-10.09065142559,-11.4342479403015,2.38209860398644,0.8492,0.884283095424953,308.15
-10.0904959507352,-11.4351269152423,2.38560230432191,0.8502,0.885081931815493,308.15
-10.090336206815,-11.436037143818,2.38911597456551,0.8512,0.885880330747874,308.15
-10.090172220478,-11.4369789520287,2.39263965619163,0.8522,0.886678292581339,308.15
-10.0900040189652,-11.4379526686306,2.39617339089774,0.8532,0.887475817674736,308.15
-10.089831630059,-11.4389586252124,2.39971722060509,0.8542,0.888272906386522,308.15
-10.0896550822104,-11.4399971561269,2.40327118746143,0.8552,0.889069559074762,308.15
-10.0894744043087,-11.4410685986919,2.40683533383989,0.8562,0.889865776097127,308.15
-10.0892896260152,-11.4421732929557,2.41040970234394,0.8572,0.8906615578109,308.15
-10.0891007775186,-11.4433115819158,2.41399433580608,0.8582,0.891456904572972,308.15
-10.0889078895827,-11.4444838115157,2.41758927728978,0.8592,0.892251816739842,308.15
-10.0887109936814,-11.4456903305457,2.42119457009229,0.8602,0.893046294667624,308.15
-10.0885101218247,-11.4469314908356,2.42481025774413,0.8612,0.893840338712039,308.15
-10.0883053067363,-11.4482076471456,2.42843638401238,0.8622,0.894633949228421,308.15
-10.0880965817407,-11.4495191572464,2.43207299290094,0.8632,0.895427126571717,308.15
-10.0878839808441,-11.4508663818889,2.43572012865289,0.8642,0.896219871096485,308.15
-10.087667538637,-11.4522496849857,2.4393778357505,0.8652,0.897012183156898,308.15
-10.0874472904691,-11.4536694333745,2.44304615891906,0.8662,0.89780406310674,308.15
-10.0872232723274,-11.4551259970534,2.44672514312661,0.8672,0.898595511299412,308.15
-10.086995520819,-11.4566197491583,2.45041483358534,0.8682,0.899386528087929,308.15
-10.0867640733062,-11.458151065933,2.45411527575449,0.8692,0.90017711382492,308.15
-10.0865289678587,-11.4597203267334,2.4578265153414,0.8702,0.900967268862631,308.15
-10.0862902432333,-11.4613279141398,2.46154859830257,0.8712,0.901756993552924,308.15
-10.086047938843,-11.4629742139658,2.46528157084495,0.8722,0.902546288247278,308.15
-10.0858020949212,-11.4646596151747,2.46902547942918,0.8732,0.903335153296788,308.15
-10.0855527523118,-11.4663845100886,2.47278037076869,0.8742,0.904123589052169,308.15
-10.0852999527138,-11.4681492941835,2.47654629183413,0.8752,0.904911595863753,308.15
-10.0850437384628,-11.4699543663318,2.48032328985221,0.8762,0.905699174081491,308.15
-10.0847841527182,-11.4718001286658,2.48411141230949,0.8772,0.906486324054955,308.15
-10.0845212394132,-11.473686986653,2.48791070695325,0.8782,0.907273046133334,308.15
-10.0842550431735,-11.4756153492063,2.49172122179206,0.8792,0.908059340665441,308.15
-10.0839856094808,-11.4775856285294,2.49554300509942,0.8802,0.908845207999706,308.15
-10.0837129845589,-11.4795982403101,2.49937610541371,0.8812,0.909630648484184,308.15
-10.0834372154396,-11.4816536036565,2.50322057154066,0.8822,0.91041566246655,308.15
-10.0831583499103,-11.4837521411589,2.50707645255438,0.8832,0.911200250294103,308.15
-10.0828764367182,-11.4858942787995,2.51094379780113,0.8842,0.911984412313764,308.15
-10.0825915252472,-11.4880804462067,2.51482265689727,0.8852,0.912768148872076,308.15
-10.082303665864,-11.4903110764227,2.51871307973485,0.8862,0.91355146031521,308.15
-10.0820129096671,-11.4925866061301,2.52261511648027,0.8872,0.914334346988958,308.15
-10.0817193086841,-11.4949074755348,2.52652881757823,0.8882,0.91511680923874,308.15
-10.0814229157196,-11.4972741285068,2.53045423375149,0.8892,0.915898847409597,308.15
-10.0811237845627,-11.4996870124351,2.5343914160051,0.8902,0.916680461846202,308.15
-10.0808219697528,-11.5021465785039,2.53834041562496,0.8912,0.91746165289285,308.15
-10.0805175268314,-11.5046532814189,2.54230128418287,0.8922,0.918242420893465,308.15
-10.0802105121426,-11.5072075797288,2.54627407353529,0.8932,0.919022766191599,308.15
-10.0799009829939,-11.5098099355952,2.55025883582746,0.8942,0.919802689130431,308.15
-10.0795889975862,-11.5124608149969,2.55425562349372,0.8952,0.92058219005277,308.15
-10.0792746150796,-11.5151606875913,2.55826448926047,0.8962,0.921361269301051,308.15
-10.0789578955312,-11.5179100269404,2.56228548614649,0.8972,0.922139927217343,308.15
-10.078638899967,-11.5207093103303,2.56631866746614,0.8982,0.922918164143342,308.15
-10.0783176903588,-11.5235590189262,2.57036408683032,0.8992,0.923695980420376,308.15
-10.0779943296485,-11.5264596377589,2.57442179814858,0.9002,0.924473376389403,308.15
-10.0776688817583,-11.5294116557291,2.57849185563104,0.9012,0.925250352391013,308.15
-10.0773414116379,-11.5324155655992,2.58257431379067,0.9022,0.92602690876543,308.15
-10.0770119851267,-11.5354718641866,2.58666922744307,0.9032,0.926803045852507,308.15
-10.0766806691819,-11.538581052138,2.59077665171138,0.9042,0.927578763991733,308.15
-10.0763475317258,-11.541743634137,2.59489664202586,0.9052,0.928354063522231,308.15
-10.0760126417672,-11.5449601188058,2.5990292541273,0.9062,0.929128944782754,308.15
-10.0756760692745,-11.5482310188627,2.60317454406701,0.9072,0.929903408111695,308.15
-10.0753378853037,-11.5515568510392,2.60733256821027,0.9082,0.930677453847077,308.15
-10.0749981620097,-11.5549381360846,2.61150338323833,0.9092,0.931451082326563,308.15
-10.0746569725906,-11.558375398888,2.61568704614921,0.9102,0.93222429388745,308.15
-10.074314391284,-11.5618691684441,2.61988361425972,0.9112,0.93299708886667,308.15
-10.0739704935502,-11.5654199777966,2.62409314520937,0.9122,0.933769467600795,308.15
-10.0736253557997,-11.5690283642779,2.62831569695859,0.9132,0.934541430426033,308.15
-10.0732790556769,-11.5726948692479,2.63255132779455,0.9142,0.93531297767823,308.15
-10.0729316719051,-11.5764200383617,2.63680009633037,0.9152,0.936084109692871,308.15
-10.0725832844011,-11.5802044213801,2.64106206150904,0.9162,0.936854826805079,308.15
-10.0722339741411,-11.5840485724305,2.64533728260279,0.9172,0.937625129349617,308.15
-10.0718838233746,-11.5879530497302,2.64962581921843,0.9182,0.938395017660889,308.15
-10.0715329154418,-11.5919184158993,2.65392773129606,0.9192,0.939164492072939,308.15
-10.0711813349458,-11.5959452377441,2.65824307911366,0.9202,0.93993355291945,308.15
-10.0708291676006,-11.6000340864712,2.66257192328656,0.9212,0.940702200533749,308.15
-10.070476500409,-11.6041855375491,2.66691432477181,0.9222,0.941470435248804,308.15
-10.0701234216012,-11.6084001707507,2.67127034486926,0.9232,0.942238257397224,308.15
-10.0697700205767,-11.6126785703185,2.67564004522223,0.9242,0.943005667311262,308.15
-10.0694163880367,-11.6170213247693,2.6800234878216,0.9252,0.943772665322816,308.15
-10.0690626159336,-11.6214290270714,2.68442073500653,0.9262,0.944539251763425,308.15
-10.0687087974896,-11.6259022745562,2.68883184946691,0.9272,0.945305426964273,308.15
-10.0683550272047,-11.6304416690196,2.69325689424499,0.9282,0.946071191256191,308.15
-10.0680014009066,-11.6350478166548,2.6976959327381,0.9292,0.946836544969651,308.15
-10.0676480156868,-11.6397213281338,2.70214902869958,0.9302,0.947601488434775,308.15
-10.067294969977,-11.6444628186148,2.70661624624145,0.9312,0.948366021981329,308.15
-10.0669423635801,-11.6492729076635,2.7110976498371,0.9322,0.949130145938726,308.15
-10.0665902976089,-11.6541522194151,2.71559330432179,0.9332,0.949893860636025,308.15
-10.0662388745408,-11.6591013824458,2.72010327489572,0.9342,0.950657166401936,308.15
-10.0658881982293,-11.6641210298907,2.72462762712561,0.9352,0.951420063564813,308.15
-10.0655383739228,-11.6692117994001,2.72916642694698,0.9362,0.95218255245266,308.15
-10.0651895082723,-11.6743743331132,2.7337197406663,0.9372,0.952944633393133,308.15
-10.0648417093028,-11.6796092777946,2.73828763496192,0.9382,0.953706306713532,308.15
-10.0644950865266,-11.6849172846734,2.742870176888,0.9392,0.954467572740812,308.15
-10.0641497508047,-11.690299009635,2.74746743387398,0.9402,0.955228431801575,308.15
-10.0638058145739,-11.6957551130092,2.75207947372999,0.9412,0.955988884222076,308.15
-10.0634633916116,-11.7012862597963,2.75670636464501,0.9422,0.95674893032822,308.15
-10.0631225972307,-11.7068931195531,2.76134817519152,0.9432,0.957508570445564,308.15
-10.0627835482112,-11.7125763664027,2.7660049743265,0.9442,0.958267804899319,308.15
-10.0624463628468,-11.7183366790574,2.77067683139374,0.9452,0.959026634014347,308.15
-10.0621111609887,-11.7241747407683,2.7753638161264,0.9462,0.959785058115162,308.15
-10.0617780639144,-11.7300912394795,2.78006599864662,0.9472,0.960543077525936,308.15
-10.0614471945417,-11.7360868676215,2.78478344947077,0.9482,0.96130069257049,308.15
-10.0611186772422,-11.742162322292,2.78951623950822,0.9492,0.962057903572304,308.15
-10.0607926380826,-11.7483183050775,2.79426444006686,0.9502,0.96281471085451,308.15
-10.0604692045666,-11.7545555222665,2.79902812285074,0.9512,0.963571114739897,308.15
-10.0601485059217,-11.7608746846133,2.80380735996642,0.9522,0.964327115550909,308.15
-10.0598306728611,-11.7672765075466,2.80860222392082,0.9532,0.965082713609648,308.15
-10.0595158378003,-11.7737617109821,2.81341278762646,0.9542,0.965837909237872,308.15
-10.0592041347447,-11.780331019446,2.81823912440122,0.9552,0.966592702756996,308.15
-10.0588956993687,-11.7869851620004,2.82308130797135,0.9562,0.967347094488093,308.15
-10.0585906689576,-11.7937248722658,2.8279394124723,0.9572,0.968101084751895,308.15
-10.058289182526,-11.8005508883922,2.83281351245193,0.9582,0.968854673868791,308.15
-10.0579913807046,-11.8074639530587,2.83770368287079,0.9592,0.969607862158832,308.15
-10.0576974058821,-11.814464813441,2.84260999910562,0.9602,0.970360649941725,308.15
-10.0574074020587,-11.8215542213025,2.84753253694859,0.9612,0.97111303753684,308.15
-10.0571215150755,-11.8287329327753,2.85247137261291,0.9622,0.971865025263207,308.15
-10.056839892385,-11.8360017085918,2.85742658273022,0.9632,0.972616613439516,308.15
-10.0565626832446,-11.8433613138891,2.86239824435559,0.9642,0.973367802384119,308.15
-10.0562900386555,-11.8508125182957,2.86738643496775,0.9652,0.97411859241503,308.15
-10.056022111381,-11.8583560958608,2.87239123247115,0.9662,0.974868983849925,308.15
-10.0557590559292,-11.8659928251565,2.87741271519665,0.9672,0.975618977006143,308.15
-10.0555010286442,-11.8737234890948,2.88245096190505,0.9682,0.976368572200686,308.15
-10.0552481876227,-11.8815488750977,2.88750605178657,0.9692,0.977117769750221,308.15
-10.0550006927901,-11.8894697750185,2.89257806446356,0.9702,0.977866569971076,308.15
-10.0547587059151,-11.8974869850877,2.89766707999249,0.9712,0.978614973179248,308.15
-10.0545223905509,-11.905601306092,2.90277317886346,0.9722,0.979362979690394,308.15
-10.0542919121211,-11.9138135432378,2.90789644200362,0.9732,0.98011058981984,308.15
-10.054067437869,-11.9221245063077,2.91303695077695,0.9742,0.980857803882578,308.15
-10.0538491369389,-11.9305350095958,2.91819478698724,0.9752,0.981604622193264,308.15
-10.0536371802998,-11.9390458721062,2.92337003287749,0.9762,0.982351045066223,308.15
-10.053431740796,-11.947657917568,2.92856277113217,0.9772,0.983097072815445,308.15
-10.0532329932294,-11.9563719745194,2.93377308487969,0.9782,0.983842705754589,308.15
-10.0530411142315,-11.9651888766493,2.93900105769065,0.9792,0.984587944196984,308.15
-10.0528562823032,-11.9741094629396,2.94424677357998,0.9802,0.985332788455623,308.15
-10.0526786779625,-11.9831345779206,2.94951031701014,0.9812,0.986077238843172,308.15
-10.0525084835585,-11.9922650722392,2.95479177288862,0.9822,0.986821295671964,308.15
-10.0523458833762,-12.0015018031109,2.96009122657079,0.9832,0.987564959254004,308.15
-10.0521910636603,-12.0108456351504,2.96540876386068,0.9842,0.988308229900966,308.15
-10.0520442125671,-12.0202974414339,2.97074447101082,0.9852,0.989051107924193,308.15
-10.051905520204,-12.0298581049389,2.97609843472353,0.9862,0.989793593634703,308.15
-10.051775178598,-12.0395285205864,2.98147074215093,0.9872,0.990535687343183,308.15
-10.0516533817952,-12.0493095981238,2.98686148089711,0.9882,0.991277389359992,308.15
-10.0515403257064,-12.0592022665655,2.99227073901513,0.9892,0.992018699995162,308.15
-10.0514362082523,-12.0692074803609,2.99769860501085,0.9902,0.992759619558399,308.15
-10.0513412293214,-12.0793262295353,3.00314516784139,0.9912,0.99350014835908,308.15
-10.0512555907197,-12.0895595556297,3.00861051691497,0.9922,0.994240286706258,308.15
-10.0511794962454,-12.0999085790091,3.01409474209158,0.9932,0.994980034908659,308.15
-10.0511131516415,-12.1103745479233,3.01959793368265,0.9942,0.995719393274684,308.15
-10.0510567646516,-12.1209589347988,3.02512018245143,0.9952,0.996458362112407,308.15
-10.0510105449126,-12.1316636467734,3.03066157961067,0.9962,0.997196941729582,308.15
-10.050974704072,-12.1424915645574,3.03622221682459,0.9972,0.997935132433635,308.15
-10.0509494556959,-12.1534483177203,3.04180218620616,0.9982,0.998672934531669,308.15
